50
0 1	13
0 4	5
0 5	30
0 7	28
0 8	32
0 13	31
0 15	9
0 17	34
0 18	33
0 21	38
0 22	41
0 24	18
0 26	26
0 27	8
0 30	37
0 31	49
0 34	43
0 35	44
0 36	10
0 37	29
0 38	6
0 39	23
0 40	11
0 41	15
0 43	25
0 44	1
0 45	20
0 48	4
1 0	31
1 2	21
1 3	26
1 5	16
1 6	13
1 8	49
1 9	27
1 10	9
1 11	35
1 12	43
1 13	42
1 14	47
1 17	3
1 19	8
1 20	41
1 21	44
1 23	32
1 24	28
1 25	1
1 28	22
1 30	2
1 32	17
1 34	14
1 35	46
1 36	19
1 37	34
1 39	18
1 42	30
1 44	24
1 45	29
1 46	36
1 47	4
1 48	40
1 49	38
2 0	23
2 1	4
2 3	43
2 5	17
2 6	42
2 9	1
2 10	0
2 11	3
2 13	2
2 14	39
2 15	20
2 16	21
2 17	7
2 18	10
2 21	13
2 23	8
2 27	24
2 28	46
2 30	19
2 31	33
2 32	34
2 33	14
2 36	22
2 37	32
2 38	44
2 39	30
2 40	38
2 41	47
2 44	35
2 45	15
2 46	16
2 47	45
2 49	40
3 0	19
3 1	2
3 2	1
3 4	17
3 5	27
3 6	11
3 8	47
3 9	44
3 10	16
3 11	22
3 12	34
3 14	46
3 15	24
3 16	35
3 17	4
3 18	7
3 19	30
3 20	3
3 21	49
3 22	26
3 23	9
3 25	41
3 26	15
3 27	39
3 28	20
3 29	28
3 31	12
3 32	10
3 34	33
3 35	25
3 36	8
3 37	31
3 38	14
3 39	36
3 40	37
3 41	40
3 42	13
3 43	42
3 45	5
3 46	38
3 48	29
3 49	32
4 0	8
4 1	44
4 2	34
4 3	45
4 4	41
4 5	9
4 6	35
4 7	40
4 8	33
4 9	23
4 10	49
4 11	36
4 12	32
4 15	37
4 17	12
4 18	24
4 20	39
4 22	5
4 25	22
4 26	31
4 27	46
4 28	3
4 29	47
4 30	6
4 33	43
4 34	18
4 36	38
4 37	11
4 38	13
4 41	28
4 42	26
4 43	4
4 45	0
4 46	20
4 49	29
5 1	28
5 2	18
5 5	19
5 6	47
5 7	32
5 9	13
5 12	44
5 13	37
5 14	6
5 15	43
5 16	41
5 18	5
5 19	38
5 20	23
5 22	35
5 23	0
5 24	45
5 25	17
5 27	49
5 29	48
5 30	9
5 31	36
5 32	29
5 33	12
5 34	21
5 37	25
5 39	34
5 40	46
5 41	11
5 42	1
5 43	14
5 47	15
5 48	2
6 1	7
6 2	17
6 3	4
6 5	12
6 6	2
6 7	46
6 8	36
6 9	24
6 10	40
6 11	8
6 12	28
6 15	15
6 17	48
6 19	6
6 20	37
6 21	27
6 25	11
6 28	32
6 29	34
6 31	23
6 33	33
6 34	38
6 35	29
6 37	19
6 38	45
6 40	10
6 41	0
6 44	26
6 46	39
6 47	47
6 48	14
7 0	37
7 1	29
7 2	4
7 3	15
7 4	44
7 5	11
7 6	26
7 7	36
7 8	20
7 9	21
7 10	42
7 11	9
7 12	22
7 13	3
7 15	28
7 16	34
7 17	24
7 18	48
7 21	40
7 24	17
7 25	35
7 26	32
7 28	45
7 29	49
7 30	23
7 31	46
7 32	39
7 33	10
7 34	30
7 36	47
7 37	43
7 38	16
7 39	0
7 40	2
7 41	25
7 43	18
7 44	7
7 45	8
7 46	27
7 47	13
8 0	35
8 1	9
8 3	21
8 4	12
8 5	4
8 6	19
8 7	7
8 8	24
8 9	49
8 10	43
8 11	15
8 12	18
8 13	41
8 15	34
8 17	2
8 18	37
8 21	10
8 22	45
8 23	33
8 25	3
8 27	20
8 28	8
8 30	30
8 32	14
8 34	42
8 35	22
8 36	17
8 37	13
8 38	5
8 39	28
8 40	40
8 41	39
8 42	47
8 43	32
8 44	23
8 45	46
8 46	0
8 47	48
8 48	38
9 0	43
9 1	22
9 2	38
9 4	29
9 5	36
9 7	2
9 8	7
9 9	6
9 10	14
9 12	15
9 13	33
9 15	19
9 17	37
9 20	42
9 22	23
9 25	24
9 27	31
9 28	28
9 29	20
9 30	26
9 31	30
9 33	47
9 35	34
9 37	21
9 38	3
9 39	10
9 40	4
9 41	45
9 42	12
9 46	1
9 47	46
9 48	17
9 49	0
10 0	0
10 1	1
10 2	37
10 3	20
10 4	3
10 5	49
10 6	25
10 7	42
10 8	4
10 9	38
10 11	31
10 12	35
10 13	24
10 14	40
10 15	27
10 18	8
10 19	43
10 21	34
10 23	11
10 24	33
10 25	26
10 26	47
10 27	23
10 32	15
10 35	48
10 36	14
10 37	36
10 38	12
10 40	18
10 41	21
10 43	5
10 44	41
10 45	32
10 46	45
10 47	16
10 48	39
10 49	17
11 0	25
11 1	34
11 2	20
11 4	14
11 5	26
11 7	44
11 9	17
11 10	6
11 12	16
11 13	35
11 14	23
11 17	29
11 18	47
11 19	46
11 20	38
11 21	22
11 22	4
11 23	40
11 24	42
11 25	21
11 26	39
11 27	32
11 31	9
11 32	2
11 35	13
11 36	36
11 37	15
11 38	37
11 39	49
11 40	27
11 41	43
11 42	18
11 43	28
11 44	12
11 45	24
11 46	19
11 47	33
11 48	45
12 1	35
12 2	9
12 3	16
12 5	15
12 8	38
12 10	46
12 11	43
12 14	4
12 17	49
12 19	21
12 20	10
12 21	23
12 26	11
12 27	33
12 30	47
12 31	32
12 32	18
12 34	7
12 35	37
12 37	14
12 39	45
12 40	29
12 42	0
12 44	20
12 45	36
12 46	26
12 47	40
12 49	22
13 0	36
13 1	40
13 2	15
13 4	19
13 5	1
13 7	11
13 8	44
13 9	2
13 11	18
13 12	14
13 13	8
13 15	41
13 16	28
13 17	0
13 18	31
13 19	26
13 20	9
13 21	48
13 22	3
13 23	12
13 25	6
13 26	35
13 28	23
13 29	39
13 30	27
13 31	37
13 34	17
13 35	32
13 36	29
13 39	46
13 40	25
13 41	7
13 44	42
13 47	30
13 48	43
13 49	16
14 1	18
14 2	43
14 4	6
14 5	25
14 6	30
14 8	16
14 9	36
14 10	19
14 11	27
14 15	42
14 16	3
14 19	1
14 20	34
14 22	2
14 23	29
14 24	46
14 25	10
14 26	40
14 28	7
14 29	44
14 30	4
14 31	13
14 33	11
14 34	47
14 35	31
14 36	26
14 37	38
14 38	41
14 41	24
14 42	33
14 44	15
14 45	12
14 46	28
14 49	8
15 3	36
15 4	39
15 5	7
15 7	41
15 8	40
15 9	0
15 10	20
15 11	1
15 13	10
15 15	8
15 16	14
15 17	21
15 18	34
15 20	17
15 22	18
15 24	4
15 25	25
15 26	16
15 27	38
15 28	26
15 30	45
15 32	22
15 33	23
15 34	19
15 35	15
15 37	33
15 40	24
15 42	48
15 43	6
15 45	31
15 47	27
15 48	42
16 1	45
16 2	33
16 5	0
16 6	48
16 7	47
16 9	30
16 12	27
16 13	25
16 14	31
16 15	21
16 16	46
16 17	18
16 18	6
16 19	39
16 20	36
16 21	35
16 23	41
16 24	13
16 25	19
16 26	34
16 30	14
16 31	2
16 32	1
16 33	5
16 35	43
16 37	8
16 38	22
16 39	9
16 41	17
16 43	26
16 44	44
16 45	42
16 46	15
16 47	23
17 1	46
17 2	44
17 3	9
17 4	43
17 6	18
17 8	23
17 9	33
17 11	13
17 12	45
17 16	38
17 17	10
17 18	28
17 19	14
17 20	12
17 22	36
17 23	15
17 24	20
17 25	34
17 27	6
17 28	49
17 29	22
17 31	27
17 32	4
17 33	39
17 34	26
17 35	8
17 38	48
17 39	42
17 40	16
17 41	19
17 44	17
17 45	40
17 46	25
17 47	29
17 48	41
18 0	10
18 1	49
18 2	47
18 4	40
18 5	34
18 6	20
18 8	18
18 9	26
18 10	36
18 12	33
18 14	21
18 15	7
18 17	41
18 18	19
18 19	35
18 22	14
18 23	22
18 24	2
18 25	32
18 26	48
18 27	0
18 28	9
18 30	28
18 33	4
18 35	17
18 36	1
18 37	45
18 38	46
18 39	6
18 40	12
18 42	8
18 44	3
18 46	13
18 47	44
18 48	37
18 49	25
19 0	6
19 1	39
19 2	10
19 4	2
19 7	34
19 10	15
19 11	42
19 12	3
19 13	13
19 14	14
19 15	48
19 17	44
19 19	17
19 20	29
19 21	45
19 23	31
19 26	18
19 27	47
19 28	5
19 31	40
19 32	41
19 34	25
19 35	4
19 36	9
19 37	23
19 38	43
19 39	27
19 40	21
19 41	20
19 42	36
19 44	8
19 46	46
19 47	38
19 48	7
20 0	15
20 3	44
20 5	3
20 6	39
20 7	5
20 9	37
20 11	46
20 12	24
20 14	11
20 15	22
20 16	9
20 17	36
20 18	17
20 19	34
20 20	7
20 21	47
20 22	31
20 25	13
20 26	42
20 27	18
20 30	40
20 32	23
20 33	32
20 35	35
20 36	33
20 37	30
20 39	4
20 40	45
20 42	16
20 43	21
20 45	19
20 46	2
20 47	20
20 48	49
21 3	19
21 5	38
21 6	3
21 7	43
21 9	41
21 10	37
21 11	2
21 13	21
21 14	25
21 15	46
21 16	23
21 17	6
21 18	9
21 19	4
21 21	32
21 23	13
21 24	36
21 25	44
21 26	22
21 27	17
21 29	7
21 30	24
21 31	29
21 32	26
21 33	15
21 34	10
21 35	39
21 36	40
21 37	42
21 38	30
21 39	33
21 40	8
21 42	34
21 43	35
21 44	45
21 45	18
21 46	31
21 47	1
21 48	48
21 49	5
22 0	46
22 1	8
22 2	49
22 3	12
22 5	29
22 6	28
22 7	38
22 8	25
22 9	47
22 10	17
22 11	11
22 12	0
22 13	4
22 15	10
22 16	27
22 18	36
22 19	44
22 21	21
22 22	16
22 23	37
22 25	23
22 26	9
22 27	7
22 29	45
22 31	20
22 32	6
22 33	2
22 34	31
22 35	19
22 36	30
22 39	5
22 41	42
22 42	22
22 44	14
22 46	24
22 47	39
22 48	15
22 49	41
23 0	47
23 3	3
23 4	35
23 5	20
23 6	46
23 7	10
23 8	42
23 9	31
23 12	11
23 13	36
23 15	38
23 18	15
23 20	28
23 21	19
23 22	8
23 23	23
23 24	24
23 25	39
23 28	43
23 29	40
23 30	33
23 32	0
23 33	18
23 34	22
23 35	2
23 37	41
23 38	21
23 40	7
23 42	49
23 44	13
23 45	34
23 46	37
23 47	9
23 48	6
24 0	49
24 1	48
24 2	6
24 3	40
24 5	14
24 8	37
24 9	3
24 10	45
24 12	38
24 14	16
24 15	31
24 17	32
24 21	43
24 22	17
24 23	5
24 24	10
24 25	20
24 26	1
24 27	4
24 28	33
24 30	46
24 31	44
24 32	25
24 33	34
24 34	39
24 35	11
24 36	24
24 37	18
24 38	29
24 39	2
24 40	15
24 41	36
24 42	23
24 43	41
24 44	28
24 46	47
24 47	7
24 48	21
24 49	42
25 0	16
25 2	42
25 6	49
25 7	24
25 8	22
25 9	18
25 10	2
25 12	41
25 14	20
25 15	36
25 17	19
25 18	12
25 19	10
25 20	14
25 21	17
25 22	6
25 24	40
25 25	7
25 27	11
25 31	34
25 32	8
25 33	35
25 34	23
25 35	9
25 36	3
25 38	33
25 39	32
25 43	39
25 44	5
25 45	44
25 46	30
25 47	37
25 48	1
25 49	47
26 0	29
26 1	38
26 4	25
26 7	21
26 8	0
26 9	46
26 10	27
26 14	35
26 15	23
26 17	39
26 19	22
26 20	24
26 21	18
26 22	33
26 23	45
26 24	1
26 25	12
26 26	8
26 28	19
26 29	17
26 30	34
26 31	5
26 32	32
26 34	4
26 35	6
26 37	20
26 39	11
26 41	30
26 42	42
26 44	9
26 45	49
26 46	48
26 47	28
26 48	26
26 49	37
27 4	48
27 5	45
27 6	38
27 7	3
27 9	8
27 10	11
27 11	32
27 12	25
27 13	34
27 15	16
27 16	22
27 20	26
27 21	15
27 22	40
27 23	10
27 24	29
27 25	27
27 26	19
27 28	6
27 30	31
27 31	14
27 33	21
27 34	13
27 35	42
27 38	39
27 39	37
27 40	20
27 41	18
27 43	47
27 44	49
27 47	35
27 48	12
27 49	43
28 1	16
28 2	14
28 3	49
28 5	41
28 8	29
28 9	39
28 10	34
28 11	33
28 13	22
28 14	10
28 15	26
28 16	0
28 17	20
28 18	25
28 19	23
28 20	19
28 22	24
28 23	46
28 24	5
28 25	37
28 26	13
28 27	43
28 28	17
28 29	9
28 31	42
28 32	48
28 34	6
28 35	38
28 36	12
28 37	7
28 40	44
28 41	3
28 42	15
28 43	31
28 45	27
28 46	35
28 47	2
28 48	47
28 49	1
29 0	41
29 4	42
29 8	6
29 9	9
29 11	48
29 12	13
29 13	1
29 14	24
29 17	40
29 18	39
29 20	15
29 22	19
29 23	26
29 25	8
29 26	5
29 27	28
29 28	37
29 29	35
29 30	44
29 32	27
29 33	30
29 34	46
29 35	47
29 40	17
29 41	34
29 42	4
29 43	38
29 44	10
29 46	14
29 47	12
29 48	3
29 49	23
30 1	17
30 2	19
30 4	34
30 5	23
30 6	0
30 7	13
30 9	22
30 10	39
30 12	9
30 13	45
30 14	2
30 16	43
30 17	11
30 18	42
30 19	18
30 20	21
30 21	12
30 24	7
30 25	33
30 26	38
30 27	26
30 28	4
30 30	16
30 34	5
30 35	3
30 36	20
30 38	1
30 39	29
30 43	15
30 44	6
30 45	35
30 46	44
30 47	41
30 48	36
31 2	26
31 3	23
31 6	15
31 7	12
31 9	16
31 10	10
31 12	1
31 13	27
31 16	13
31 18	38
31 21	3
31 22	34
31 23	21
31 25	9
31 26	46
31 27	48
31 28	47
31 29	24
31 30	22
31 33	42
31 34	2
31 36	45
31 38	0
31 39	31
31 40	32
31 43	43
31 44	36
31 45	41
31 47	19
32 0	18
32 2	45
32 3	47
32 4	9
32 5	22
32 6	23
32 8	27
32 9	29
32 11	24
32 12	17
32 14	37
32 15	5
32 16	15
32 17	46
32 18	16
32 19	0
32 20	40
32 21	36
32 23	3
32 24	34
32 26	49
32 27	2
32 28	1
32 29	42
32 30	12
32 32	33
32 33	28
32 34	32
32 35	20
32 36	41
32 38	25
32 39	7
32 42	39
32 44	31
32 47	6
32 48	13
33 0	11
33 1	43
33 4	13
33 6	5
33 9	19
33 10	26
33 11	44
33 13	17
33 15	2
33 16	7
33 20	1
33 22	21
33 23	35
33 25	45
33 26	24
33 28	15
33 29	14
33 30	25
33 31	6
33 32	40
33 34	3
33 35	36
33 36	0
33 37	39
33 39	41
33 40	23
33 41	31
33 42	29
33 43	49
33 46	32
33 47	18
33 48	46
34 0	42
34 1	24
34 2	23
34 4	4
34 5	39
34 6	1
34 8	26
34 9	45
34 10	41
34 12	36
34 13	9
34 14	3
34 15	47
34 17	43
34 19	28
34 21	6
34 22	22
34 24	35
34 25	0
34 26	27
34 27	13
34 28	31
34 30	20
34 31	38
34 35	14
34 36	15
34 37	5
34 39	44
34 40	34
34 41	12
34 42	11
34 44	30
34 45	17
34 46	33
34 47	21
34 48	18
34 49	48
35 0	26
35 1	11
35 3	13
35 4	46
35 5	33
35 6	40
35 7	35
35 10	18
35 11	20
35 12	8
35 14	22
35 15	4
35 17	14
35 18	44
35 19	7
35 22	15
35 25	31
35 26	29
35 27	3
35 29	37
35 31	1
35 32	47
35 34	36
35 35	0
35 37	49
35 38	23
35 39	12
35 40	6
35 42	21
35 43	17
35 45	48
35 46	41
35 49	30
36 0	32
36 1	47
36 5	46
36 7	16
36 8	45
36 9	10
36 10	4
36 11	6
36 12	12
36 14	17
36 15	11
36 17	25
36 18	3
36 20	27
36 21	14
36 22	20
36 23	43
36 25	38
36 27	1
36 28	48
36 30	5
36 33	29
36 34	15
36 35	30
36 36	21
36 38	35
36 39	22
36 40	42
36 41	37
36 42	41
36 43	13
36 44	19
36 45	2
36 46	7
36 47	36
36 48	23
36 49	24
37 2	24
37 3	38
37 5	18
37 6	36
37 7	14
37 8	30
37 9	40
37 10	1
37 11	28
37 12	31
37 13	20
37 14	12
37 15	25
37 16	16
37 17	26
37 20	44
37 21	0
37 23	4
37 24	47
37 26	45
37 27	35
37 28	42
37 30	32
37 31	41
37 32	9
37 33	8
37 36	13
37 37	6
37 38	27
37 39	17
37 41	33
37 42	43
37 43	46
37 44	37
37 45	3
37 46	11
37 47	22
37 48	34
37 49	21
38 0	34
38 2	39
38 3	7
38 4	23
38 5	44
38 6	14
38 7	4
38 8	19
38 10	5
38 12	10
38 14	45
38 15	29
38 16	47
38 17	27
38 18	26
38 19	20
38 20	2
38 21	25
38 22	13
38 23	48
38 24	16
38 26	12
38 27	41
38 28	0
38 30	8
38 31	22
38 34	11
38 35	1
38 37	40
38 38	32
38 39	38
38 40	36
38 41	46
38 42	9
38 43	33
38 44	43
38 46	6
38 47	17
38 49	35
39 0	38
39 1	25
39 2	5
39 4	36
39 6	45
39 7	1
39 8	17
39 9	20
39 11	23
39 12	29
39 13	47
39 14	15
39 15	39
39 16	48
39 17	31
39 18	30
39 19	11
39 20	22
39 21	26
39 24	3
39 26	7
39 27	19
39 28	14
39 30	43
39 31	4
39 32	16
39 34	41
39 36	6
39 37	12
39 39	21
39 41	2
39 42	28
39 43	9
39 44	46
39 47	49
39 48	44
39 49	10
40 1	0
40 4	21
40 5	47
40 6	17
40 7	26
40 8	1
40 9	34
40 10	13
40 11	16
40 12	6
40 14	8
40 16	11
40 18	32
40 20	4
40 21	46
40 22	39
40 23	20
40 24	38
40 26	2
40 27	10
40 28	12
40 29	18
40 30	41
40 31	35
40 32	43
40 33	48
40 34	49
40 35	7
40 36	23
40 37	37
40 38	36
40 39	15
40 40	28
40 42	40
40 43	19
40 44	33
40 45	25
40 48	9
40 49	44
41 1	15
41 2	3
41 3	41
41 4	38
41 5	6
41 7	33
41 8	13
41 9	43
41 12	23
41 13	16
41 14	1
41 15	44
41 17	47
41 18	20
41 21	39
41 22	49
41 23	34
41 27	42
41 30	35
41 32	11
41 37	17
41 38	28
41 40	19
41 41	8
41 42	7
41 43	2
41 44	27
41 45	26
42 0	27
42 2	22
42 3	32
42 4	26
42 5	13
42 6	12
42 10	23
42 11	37
42 12	7
42 13	15
42 14	34
42 16	44
42 18	46
42 19	29
42 23	39
42 24	21
42 25	36
42 26	0
42 27	25
42 28	40
42 29	38
42 30	17
42 31	19
42 32	3
42 33	24
42 34	35
42 36	18
42 38	2
42 39	47
42 40	41
42 42	31
42 43	11
42 44	4
42 45	1
42 49	45
43 0	9
43 5	43
43 6	22
43 8	21
43 9	7
43 10	28
43 11	34
43 12	19
43 14	36
43 15	49
43 17	15
43 18	2
43 20	32
43 21	33
43 23	17
43 24	41
43 25	46
43 26	20
43 27	29
43 28	44
43 30	38
43 31	16
43 32	42
43 33	3
43 34	45
43 35	40
43 36	27
43 37	24
43 38	47
43 39	1
43 40	0
43 41	26
43 45	14
43 47	25
43 48	5
44 1	26
44 2	36
44 3	22
44 4	45
44 5	48
44 7	27
44 8	46
44 9	4
44 10	21
44 11	49
44 13	30
44 14	32
44 15	33
44 16	6
44 17	17
44 20	8
44 21	41
44 23	14
44 25	40
44 26	23
44 29	10
44 30	11
44 31	18
44 34	24
44 35	16
44 37	2
44 38	38
44 39	20
44 40	9
44 45	7
44 46	43
44 47	3
44 49	15
45 1	41
45 4	15
45 6	16
45 7	20
45 8	3
45 12	42
45 13	44
45 15	17
45 16	19
45 18	45
45 19	13
45 20	43
45 21	4
45 23	38
45 25	30
45 26	14
45 28	35
45 29	11
45 30	29
45 31	8
45 32	12
45 33	49
45 34	34
45 36	39
45 37	47
45 38	40
45 39	24
45 40	33
45 42	46
45 43	1
45 45	21
45 46	23
45 47	26
45 49	9
46 0	13
46 1	31
46 3	1
46 6	7
46 7	9
46 9	32
46 11	17
46 12	40
46 17	38
46 18	21
46 19	42
46 20	16
46 21	11
46 23	18
46 25	4
46 26	43
46 28	2
46 29	41
46 30	36
46 31	3
46 32	49
46 33	44
46 34	20
46 35	10
46 36	34
46 37	27
46 40	35
46 44	29
46 45	23
46 46	8
46 47	0
46 48	22
46 49	39
47 0	17
47 1	36
47 3	6
47 5	32
47 6	31
47 7	18
47 8	2
47 9	28
47 10	8
47 12	5
47 13	0
47 14	43
47 15	35
47 19	40
47 20	48
47 21	7
47 22	12
47 23	47
47 24	25
47 25	14
47 27	15
47 30	3
47 31	24
47 32	45
47 34	9
47 36	44
47 37	46
47 40	22
47 42	20
47 43	23
47 44	34
47 45	4
47 46	49
47 47	11
47 48	30
47 49	33
48 0	20
48 2	12
48 3	39
48 4	33
48 5	42
48 8	34
48 9	11
48 10	25
48 11	38
48 12	47
48 13	29
48 15	0
48 16	32
48 17	23
48 18	43
48 20	18
48 21	9
48 23	7
48 24	14
48 25	28
48 26	36
48 27	27
48 28	30
48 29	4
48 30	21
48 31	17
48 32	13
48 35	45
48 36	48
48 38	49
48 39	8
48 40	31
48 42	44
48 43	24
48 44	40
48 45	16
48 46	3
48 47	5
48 49	2
49 0	39
49 1	23
49 2	30
49 4	47
49 5	2
49 9	14
49 10	48
49 12	46
49 13	40
49 14	42
49 16	37
49 18	27
49 20	13
49 21	5
49 22	44
49 23	36
49 24	11
49 25	29
49 28	34
49 30	15
49 31	31
49 33	25
49 34	12
49 35	18
49 37	0
49 38	4
49 39	26
49 42	38
49 43	20
49 44	22
49 45	6
49 46	9
49 47	8
49 48	16
49 49	49
