50
0 0	1
0 2	32
0 4	24
0 7	9
0 9	37
0 13	30
0 18	15
0 22	33
0 24	27
0 39	40
0 42	39
0 44	4
0 49	8
1 1	31
1 2	40
1 4	41
1 7	33
1 10	27
1 11	39
1 12	35
1 15	45
1 16	7
1 17	28
1 19	24
1 22	47
1 24	30
1 25	8
1 29	12
1 31	21
1 32	29
1 35	34
1 36	15
1 38	10
1 42	0
1 49	42
2 9	25
2 10	43
2 14	20
2 15	38
2 18	30
2 25	28
2 26	45
2 29	31
2 32	39
2 33	19
3 1	12
3 7	19
3 9	33
3 11	38
3 14	41
3 15	34
3 17	4
3 20	40
3 30	27
3 31	47
3 33	9
3 37	37
3 43	3
3 45	46
3 47	10
3 49	18
4 2	5
4 5	31
4 6	7
4 9	40
4 16	4
4 17	25
4 19	17
4 28	47
4 34	41
4 38	34
4 42	32
4 44	6
4 47	46
4 48	13
4 49	21
5 0	19
5 1	4
5 6	48
5 8	41
5 15	3
5 16	24
5 19	18
5 24	20
5 30	43
5 32	35
5 34	27
5 39	31
5 40	47
5 43	17
5 46	16
5 48	21
6 0	41
6 2	7
6 11	25
6 14	39
6 16	26
6 19	33
6 20	6
6 24	49
6 27	12
6 28	9
6 33	48
6 34	19
6 39	36
6 49	31
7 1	40
7 2	2
7 4	4
7 6	44
7 9	11
7 12	3
7 28	13
7 32	8
7 34	45
7 35	24
7 38	35
7 39	39
7 40	42
7 42	36
7 44	21
7 45	31
7 49	17
8 2	13
8 10	25
8 12	41
8 23	29
8 28	0
8 30	24
8 31	45
8 33	37
8 34	40
8 39	22
8 43	28
8 45	43
8 47	38
9 0	32
9 5	26
9 11	46
9 15	36
9 16	5
9 20	12
9 24	45
9 28	6
9 29	0
9 32	24
9 33	21
9 34	48
9 43	1
10 0	26
10 5	43
10 7	25
10 8	30
10 9	10
10 14	3
10 15	24
10 16	6
10 17	16
10 29	39
10 41	13
10 44	33
10 48	23
11 2	48
11 7	47
11 13	39
11 15	25
11 16	8
11 18	9
11 23	30
11 25	11
11 26	21
11 29	24
11 31	35
11 32	44
11 37	17
11 38	42
11 44	0
11 46	2
11 48	6
12 6	33
12 8	32
12 12	34
12 18	28
12 19	43
12 20	20
12 23	38
12 27	27
12 28	10
12 29	48
12 31	36
12 32	13
12 35	37
12 39	26
12 41	31
12 43	5
12 46	47
12 47	16
12 49	22
13 2	19
13 3	6
13 5	14
13 8	35
13 13	22
13 14	32
13 19	48
13 24	2
13 25	5
13 28	20
13 29	8
13 32	28
13 41	38
13 42	13
13 43	15
14 0	28
14 1	17
14 6	32
14 10	2
14 13	37
14 16	16
14 18	45
14 30	22
14 38	33
14 43	13
14 44	26
14 46	25
14 47	19
14 49	36
15 0	20
15 2	15
15 8	17
15 9	47
15 10	44
15 11	29
15 15	6
15 17	48
15 21	21
15 23	18
15 27	26
15 30	8
15 35	25
15 38	19
15 39	9
15 40	39
15 44	12
15 46	11
16 0	12
16 7	11
16 9	31
16 10	1
16 11	2
16 13	49
16 17	47
16 31	19
16 33	5
16 34	33
16 37	21
16 39	42
16 47	6
17 0	34
17 2	43
17 5	28
17 11	47
17 14	13
17 16	18
17 21	9
17 24	14
17 26	3
17 29	33
17 30	39
17 36	36
17 39	23
17 41	37
17 42	21
17 43	16
17 44	42
17 45	15
17 47	24
18 0	38
18 6	45
18 13	35
18 19	40
18 20	47
18 22	49
18 24	48
18 31	14
18 33	11
18 34	7
18 38	17
18 40	13
18 43	10
18 49	27
19 2	17
19 3	3
19 5	38
19 9	22
19 11	27
19 12	30
19 15	15
19 16	1
19 18	10
19 21	4
19 22	48
19 30	12
19 31	9
19 33	18
19 35	26
19 36	47
19 37	2
19 44	41
20 1	19
20 2	3
20 6	18
20 10	30
20 16	22
20 18	27
20 19	37
20 20	41
20 21	42
20 23	13
20 25	21
20 27	25
20 29	32
20 30	46
20 32	16
20 38	20
20 47	39
20 49	12
21 2	33
21 3	0
21 4	44
21 6	8
21 7	38
21 9	16
21 16	35
21 19	39
21 20	10
21 24	11
21 25	20
21 30	47
21 31	25
21 32	2
21 36	31
21 41	42
21 42	4
21 43	32
21 46	15
21 48	27
21 49	5
22 6	24
22 7	36
22 15	29
22 16	33
22 26	27
22 32	42
22 45	32
22 47	47
22 48	14
23 0	44
23 3	49
23 16	28
23 20	9
23 23	27
23 27	14
23 28	43
23 29	26
23 30	35
23 38	37
23 40	4
23 41	23
23 42	47
24 10	13
24 11	35
24 12	48
24 18	16
24 24	15
24 25	43
24 31	26
24 32	9
24 34	22
24 40	6
24 42	3
24 43	14
24 44	19
24 46	20
25 4	14
25 8	7
25 9	20
25 10	23
25 11	8
25 13	48
25 15	27
25 20	42
25 28	16
25 31	32
25 32	22
25 33	17
25 37	46
25 38	11
25 43	18
25 46	24
25 47	2
25 49	29
26 3	47
26 4	36
26 7	16
26 12	1
26 13	9
26 14	18
26 17	32
26 18	34
26 28	25
26 30	13
26 31	5
26 32	49
26 43	33
26 45	48
26 46	3
26 47	40
26 48	44
27 0	36
27 1	28
27 7	7
27 9	27
27 23	26
27 29	20
27 30	45
27 31	38
27 32	10
27 34	18
27 37	33
27 39	30
27 43	43
28 8	0
28 9	44
28 20	30
28 25	33
28 28	3
28 29	4
28 30	9
28 31	49
28 32	7
28 34	21
28 39	14
28 42	26
28 49	28
29 2	25
29 6	14
29 7	45
29 16	32
29 28	1
29 29	23
29 39	0
29 44	10
29 46	17
30 0	15
30 1	29
30 2	16
30 3	32
30 4	27
30 6	49
30 7	14
30 8	38
30 14	8
30 18	1
30 19	19
30 20	37
30 21	24
30 24	9
30 36	13
30 38	48
30 41	12
30 48	2
30 49	39
31 2	44
31 4	21
31 5	11
31 7	6
31 8	33
31 10	46
31 11	31
31 16	48
31 18	18
31 19	22
31 20	45
31 30	14
31 31	34
31 33	32
31 34	16
31 37	43
31 38	26
31 44	30
31 45	10
32 0	6
32 2	45
32 10	9
32 13	34
32 14	35
32 16	27
32 20	14
32 21	2
32 22	17
32 25	26
32 30	42
32 33	16
32 40	3
32 42	11
32 45	44
33 0	46
33 3	10
33 6	39
33 12	26
33 18	43
33 26	12
33 28	19
33 31	41
33 32	37
33 36	4
33 39	5
33 40	30
33 41	14
33 42	49
33 46	21
34 5	17
34 8	18
34 9	41
34 11	44
34 18	6
34 20	4
34 23	24
34 35	7
34 37	10
34 38	25
34 42	34
34 43	27
34 49	37
35 2	4
35 4	33
35 8	24
35 10	20
35 15	23
35 18	46
35 20	5
35 22	15
35 29	35
35 35	49
35 38	30
35 45	25
35 47	9
36 0	14
36 3	48
36 6	38
36 8	28
36 10	39
36 12	29
36 15	44
36 18	25
36 25	1
36 28	5
36 29	17
36 34	32
36 36	11
36 43	30
36 46	6
36 49	19
37 4	40
37 5	30
37 7	35
37 18	12
37 19	8
37 20	13
37 23	22
37 26	46
37 33	6
37 36	26
37 43	42
37 44	7
37 46	10
37 47	23
37 49	20
38 1	0
38 4	20
38 10	28
38 13	15
38 15	37
38 16	36
38 20	39
38 26	44
38 28	31
38 33	8
38 36	19
38 37	7
38 41	22
38 45	4
38 46	29
39 11	20
39 15	17
39 17	45
39 21	6
39 24	25
39 25	48
39 26	8
39 30	4
39 31	12
39 32	3
39 35	28
39 42	2
39 44	47
40 4	11
40 6	3
40 8	29
40 11	33
40 13	27
40 19	36
40 25	38
40 26	4
40 27	28
40 31	46
40 39	2
40 42	18
41 0	8
41 1	49
41 2	39
41 3	29
41 5	42
41 10	38
41 18	13
41 23	40
41 26	26
41 29	14
41 32	17
41 36	9
41 40	12
41 41	1
41 44	48
41 49	0
42 1	25
42 3	20
42 4	38
42 5	2
42 7	27
42 11	28
42 17	18
42 20	29
42 28	22
42 29	10
42 32	33
42 35	8
42 37	26
42 42	40
42 43	48
42 44	46
43 0	45
43 10	3
43 11	26
43 13	18
43 15	9
43 17	44
43 21	29
43 24	7
43 25	4
43 28	11
43 32	12
43 37	32
43 39	16
43 46	30
43 47	20
44 12	12
44 22	11
44 29	7
44 30	49
44 36	44
44 39	6
44 40	10
44 42	45
44 43	9
44 47	4
45 3	38
45 12	13
45 15	5
45 18	20
45 19	44
45 22	14
45 24	16
45 25	19
45 27	32
45 28	34
45 29	22
45 30	7
45 31	28
45 40	0
45 43	46
46 0	7
46 6	22
46 7	30
46 17	49
46 18	47
46 20	28
46 22	0
46 25	24
46 26	43
46 29	29
46 31	16
46 41	17
46 47	14
47 3	12
47 5	34
47 7	31
47 9	32
47 11	6
47 12	7
47 16	14
47 17	35
47 20	8
47 28	48
47 32	0
47 34	3
47 41	45
47 44	22
47 48	42
48 0	30
48 1	45
48 4	39
48 6	2
48 8	36
48 9	14
48 11	12
48 22	42
48 31	10
48 34	34
48 36	21
48 38	23
48 40	49
48 43	25
48 44	29
48 46	38
48 48	1
48 49	47
49 1	33
49 4	49
49 7	43
49 8	12
49 9	5
49 14	34
49 17	39
49 24	46
49 28	27
49 29	16
49 34	8
49 35	0
49 49	13
