50
0 1	17
0 2	49
0 5	4
0 6	33
0 7	35
0 8	0
0 10	31
0 11	9
0 12	44
0 14	13
0 16	27
0 17	12
0 19	3
0 20	14
0 21	25
0 23	6
0 24	45
0 26	26
0 28	34
0 29	42
0 30	1
0 32	28
0 33	19
0 34	39
0 37	24
0 38	47
0 39	7
0 40	38
0 41	43
0 43	48
0 46	11
0 48	32
1 0	6
1 2	5
1 3	14
1 4	11
1 5	3
1 6	42
1 7	7
1 8	28
1 9	18
1 10	38
1 11	26
1 12	23
1 13	27
1 14	31
1 15	0
1 17	29
1 18	43
1 20	12
1 21	40
1 22	33
1 24	17
1 25	2
1 26	37
1 27	15
1 29	49
1 31	47
1 32	36
1 35	35
1 36	25
1 37	19
1 38	44
1 39	45
1 40	34
1 41	46
1 42	41
1 43	4
1 45	9
1 46	20
1 47	13
1 48	39
1 49	48
2 0	19
2 1	42
2 3	46
2 4	33
2 7	27
2 8	3
2 9	35
2 11	22
2 12	47
2 13	23
2 14	25
2 15	31
2 16	29
2 18	39
2 19	41
2 22	5
2 23	15
2 24	4
2 25	30
2 26	7
2 27	48
2 28	12
2 29	18
2 31	36
2 32	0
2 33	26
2 34	20
2 35	8
2 37	38
2 38	13
2 39	9
2 40	40
2 42	17
2 44	43
2 45	28
2 46	45
2 48	24
2 49	34
3 1	9
3 3	17
3 5	47
3 8	2
3 9	48
3 13	34
3 14	10
3 15	42
3 16	40
3 18	19
3 19	45
3 20	35
3 21	4
3 22	25
3 24	32
3 25	13
3 26	36
3 27	14
3 28	1
3 29	23
3 31	28
3 32	11
3 36	41
3 40	8
3 41	39
3 44	31
3 46	0
3 49	15
4 0	28
4 1	7
4 2	29
4 3	19
4 4	6
4 6	4
4 12	48
4 15	37
4 16	35
4 18	32
4 19	49
4 20	0
4 21	2
4 23	20
4 25	39
4 27	44
4 28	5
4 30	3
4 33	33
4 34	22
4 36	43
4 37	30
4 38	18
4 39	23
4 40	25
4 41	21
4 42	38
4 43	47
4 44	26
4 46	8
4 47	16
4 48	31
4 49	41
5 0	40
5 1	20
5 2	22
5 5	21
5 6	26
5 8	43
5 10	39
5 15	8
5 16	2
5 17	33
5 18	27
5 19	38
5 20	24
5 22	49
5 23	13
5 24	9
5 25	44
5 27	25
5 28	23
5 29	19
5 30	10
5 31	31
5 33	34
5 34	15
5 35	48
5 39	4
5 40	29
5 41	28
5 42	32
5 43	35
5 44	6
5 45	11
5 49	16
6 0	42
6 1	3
6 3	12
6 5	15
6 6	40
6 7	5
6 10	30
6 11	28
6 12	2
6 13	10
6 15	22
6 17	44
6 18	11
6 19	47
6 20	4
6 21	18
6 22	36
6 24	46
6 25	31
6 27	0
6 32	33
6 33	39
6 35	23
6 36	16
6 37	17
6 38	8
6 39	49
6 42	20
6 45	19
6 46	35
6 47	21
6 48	14
6 49	45
7 0	3
7 2	13
7 3	1
7 4	35
7 5	30
7 6	44
7 7	4
7 8	45
7 9	23
7 10	36
7 11	19
7 13	5
7 15	6
7 16	33
7 17	38
7 18	7
7 20	20
7 21	34
7 24	18
7 25	24
7 27	31
7 28	2
7 30	14
7 31	26
7 33	17
7 34	40
7 35	43
7 36	27
7 38	46
7 40	21
7 42	48
7 44	39
7 45	0
7 46	42
7 47	10
7 48	37
7 49	47
8 0	15
8 2	10
8 5	44
8 6	17
8 8	1
8 13	41
8 14	39
8 15	28
8 16	7
8 17	27
8 18	16
8 19	9
8 21	14
8 22	46
8 23	23
8 25	8
8 27	12
8 28	43
8 30	6
8 32	5
8 33	45
8 36	33
8 37	13
8 39	31
8 40	26
8 42	11
8 43	32
8 44	24
8 46	47
8 47	22
8 48	3
8 49	20
9 0	1
9 1	14
9 2	17
9 3	3
9 4	23
9 5	10
9 6	30
9 7	39
9 8	26
9 9	38
9 10	47
9 12	40
9 13	20
9 16	49
9 17	37
9 18	41
9 19	13
9 20	27
9 21	31
9 23	11
9 24	48
9 25	18
9 26	16
9 27	36
9 29	33
9 30	25
9 33	4
9 34	12
9 35	5
9 36	21
9 37	0
9 38	9
9 39	42
9 40	32
9 41	6
9 44	2
9 45	7
9 46	29
9 47	35
9 48	34
10 0	26
10 2	32
10 3	27
10 4	1
10 5	45
10 6	48
10 8	24
10 10	44
10 11	12
10 12	37
10 14	23
10 16	25
10 17	39
10 20	31
10 21	47
10 22	14
10 23	8
10 24	34
10 26	30
10 27	33
10 28	19
10 29	28
10 30	42
10 31	3
10 32	15
10 34	0
10 35	4
10 38	43
10 39	20
10 40	10
10 41	18
10 42	9
10 43	5
10 45	21
10 46	2
10 47	41
10 48	29
10 49	6
11 0	35
11 1	31
11 2	44
11 3	10
11 7	25
11 9	0
11 12	1
11 13	37
11 14	18
11 15	34
11 16	5
11 17	20
11 19	30
11 20	15
11 21	9
11 22	8
11 25	45
11 26	47
11 27	22
11 28	17
11 29	46
11 30	13
11 31	43
11 32	32
11 34	6
11 35	33
11 36	19
11 37	4
11 38	12
11 39	2
11 41	11
11 42	42
11 45	16
12 0	39
12 1	28
12 3	16
12 4	7
12 5	8
12 6	10
12 8	14
12 11	32
12 12	34
12 14	38
12 15	27
12 17	43
12 18	26
12 19	2
12 20	40
12 23	37
12 24	42
12 26	35
12 27	5
12 29	44
12 31	4
12 32	49
12 34	18
12 36	9
12 39	25
12 40	36
12 41	22
12 42	21
12 43	23
12 44	0
12 45	46
12 47	11
12 48	19
13 0	31
13 2	39
13 3	43
13 6	11
13 7	8
13 8	35
13 10	45
13 12	25
13 13	1
13 14	30
13 16	3
13 17	47
13 18	22
13 19	34
13 20	44
13 21	48
13 22	26
13 23	19
13 25	23
13 26	32
13 27	18
13 28	42
13 29	20
13 30	40
13 31	9
13 32	24
13 33	12
13 35	49
13 36	13
13 38	14
13 41	27
13 42	36
13 43	37
13 44	7
13 45	10
13 46	41
13 47	33
13 48	17
14 1	12
14 5	49
14 6	2
14 8	47
14 9	6
14 10	43
14 14	21
14 15	9
14 16	31
14 17	19
14 18	1
14 21	44
14 22	23
14 23	40
14 25	48
14 26	10
14 27	28
14 28	8
14 29	26
14 30	36
14 31	37
14 32	42
14 34	38
14 35	22
14 36	7
14 37	46
14 38	41
14 39	0
14 40	16
14 41	29
14 42	27
14 43	25
14 44	33
14 45	3
14 46	34
14 47	24
14 48	5
14 49	18
15 0	16
15 1	1
15 3	44
15 4	37
15 6	24
15 7	38
15 8	42
15 9	45
15 11	14
15 12	32
15 13	31
15 14	17
15 15	33
15 16	41
15 17	34
15 18	25
15 19	28
15 24	7
15 25	3
15 26	18
15 28	48
15 29	35
15 31	19
15 33	29
15 35	40
15 36	30
15 37	8
15 39	27
15 40	4
15 41	20
15 43	13
15 44	22
15 45	43
15 46	5
15 47	39
16 2	28
16 3	8
16 5	27
16 6	0
16 7	32
16 11	15
16 12	18
16 14	22
16 15	20
16 17	45
16 20	7
16 21	38
16 22	12
16 23	34
16 24	1
16 26	49
16 28	36
16 29	16
16 31	5
16 32	9
16 33	42
16 34	2
16 35	21
16 37	31
16 39	48
16 44	41
16 45	23
16 49	33
17 0	12
17 1	35
17 2	16
17 3	28
17 5	32
17 6	19
17 7	9
17 8	37
17 9	17
17 10	13
17 13	4
17 14	36
17 15	3
17 16	15
17 17	48
17 18	2
17 19	22
17 21	27
17 22	1
17 26	0
17 27	42
17 28	47
17 29	34
17 30	29
17 31	24
17 32	31
17 34	44
17 35	6
17 36	46
17 39	14
17 41	10
17 43	8
17 44	38
17 45	5
17 47	23
18 0	11
18 2	7
18 3	36
18 5	25
18 7	10
18 8	15
18 11	29
18 12	42
18 13	32
18 14	34
18 18	31
18 19	16
18 21	45
18 22	39
18 23	46
18 24	19
18 25	37
18 27	3
18 29	8
18 30	17
18 32	21
18 35	14
18 36	20
18 37	1
18 38	23
18 39	5
18 40	44
18 41	9
18 42	30
18 43	26
18 45	35
18 47	12
18 49	49
19 2	33
19 4	29
19 5	28
19 7	0
19 10	4
19 13	40
19 14	8
19 16	36
19 20	22
19 21	15
19 22	44
19 23	35
19 25	9
19 26	20
19 27	38
19 29	13
19 30	48
19 31	12
19 33	46
19 34	11
19 35	39
19 36	6
19 37	7
19 38	16
19 41	25
19 42	26
19 43	18
19 44	30
19 46	1
19 47	5
19 49	32
20 0	38
20 1	24
20 2	2
20 3	7
20 4	8
20 5	22
20 6	34
20 8	27
20 9	47
20 10	5
20 12	11
20 15	18
20 16	42
20 17	49
20 18	3
20 19	19
20 20	43
20 21	35
20 22	10
20 23	28
20 24	40
20 25	26
20 26	48
20 27	6
20 28	39
20 29	17
20 30	15
20 32	25
20 34	31
20 36	4
20 37	33
20 38	36
20 39	29
20 40	20
20 41	23
20 42	1
20 43	14
20 44	32
20 45	37
20 46	13
20 48	21
20 49	44
21 2	30
21 3	22
21 8	21
21 10	28
21 11	11
21 12	29
21 14	24
21 15	13
21 17	2
21 18	12
21 20	16
21 21	23
21 22	27
21 23	38
21 24	0
21 25	5
21 26	42
21 27	8
21 28	14
21 30	34
21 31	33
21 32	4
21 33	10
21 35	9
21 36	47
21 37	3
21 38	19
21 41	1
21 45	39
21 46	36
21 47	25
21 48	44
22 0	22
22 1	27
22 2	37
22 3	24
22 4	38
22 5	41
22 6	31
22 8	46
22 9	30
22 10	12
22 12	16
22 13	25
22 14	49
22 16	14
22 17	1
22 19	26
22 21	21
22 23	36
22 24	29
22 25	17
22 27	47
22 28	13
22 29	43
22 30	4
22 31	48
22 32	3
22 33	15
22 34	42
22 35	10
22 36	5
22 37	40
22 38	2
22 40	45
22 41	19
22 42	28
22 43	39
22 44	9
22 45	20
22 46	6
22 47	8
22 48	11
22 49	0
23 0	8
23 1	40
23 2	0
23 3	48
23 4	46
23 5	6
23 6	32
23 8	44
23 9	3
23 10	34
23 11	25
23 12	4
23 13	33
23 15	5
23 16	9
23 19	31
23 20	13
23 23	12
23 24	43
23 25	15
23 28	26
23 29	45
23 30	24
23 31	49
23 32	23
23 33	7
23 35	16
23 36	11
23 37	47
23 38	29
23 39	1
23 40	22
23 41	36
23 42	35
23 44	21
23 45	18
23 46	17
23 47	27
23 48	41
23 49	10
24 1	41
24 2	34
24 3	0
24 5	23
24 6	21
24 7	24
24 10	11
24 11	33
24 12	15
24 13	26
24 15	17
24 16	12
24 17	18
24 18	45
24 19	25
24 21	3
24 23	31
24 24	10
24 25	35
24 29	5
24 33	30
24 34	46
24 35	42
24 36	1
24 38	4
24 39	38
24 41	16
24 43	19
24 47	7
24 48	22
25 1	13
25 2	19
25 3	4
25 4	17
25 5	31
25 6	47
25 7	46
25 9	33
25 10	15
25 13	24
25 14	48
25 15	41
25 16	26
25 19	0
25 20	38
25 21	1
25 22	20
25 23	30
25 25	40
25 26	39
25 27	45
25 29	27
25 30	2
25 31	21
25 33	11
25 34	16
25 35	3
25 40	35
25 41	5
25 44	10
25 46	44
25 47	14
26 0	13
26 1	29
26 3	2
26 7	41
26 9	24
26 11	10
26 12	8
26 13	43
26 14	14
26 15	49
26 17	3
26 19	6
26 20	25
26 21	26
26 23	1
26 24	21
26 25	42
26 27	17
26 30	12
26 32	40
26 35	18
26 36	39
26 37	15
26 38	27
26 39	36
26 40	9
26 41	35
26 42	5
26 44	37
26 46	30
26 49	28
27 1	16
27 2	20
27 4	25
27 6	35
27 7	18
27 8	12
27 10	37
27 12	17
27 13	47
27 14	43
27 16	32
27 17	26
27 18	44
27 19	46
27 23	5
27 24	33
27 25	14
27 26	13
27 28	41
27 30	21
27 31	22
27 32	27
27 33	8
27 34	3
27 35	2
27 36	23
27 37	42
27 41	15
27 42	19
27 43	36
27 44	11
27 45	38
27 46	31
27 47	49
27 49	4
28 1	43
28 2	1
28 3	39
28 5	34
28 6	23
28 7	20
28 8	13
28 9	8
28 11	4
28 12	30
28 13	42
28 14	32
28 15	15
28 16	11
28 17	31
28 18	37
28 19	10
28 20	17
28 21	16
28 22	41
28 23	2
28 24	24
28 25	33
28 26	21
28 27	19
28 28	27
28 31	18
28 32	29
28 34	48
28 35	7
28 36	44
28 37	28
28 38	45
28 40	5
28 42	46
28 44	49
28 47	38
28 48	47
28 49	22
29 0	30
29 1	44
29 2	4
29 3	25
29 5	12
29 6	49
29 7	13
29 8	18
29 9	5
29 10	0
29 11	23
29 12	24
29 16	20
29 17	21
29 18	48
29 19	1
29 21	22
29 22	42
29 23	10
29 24	26
29 25	28
29 26	43
29 27	41
29 28	35
29 29	40
29 30	7
29 32	16
29 33	3
29 34	27
29 35	46
29 36	32
29 37	9
29 38	39
29 39	37
29 41	2
29 42	6
29 44	17
29 46	33
29 47	31
30 0	36
30 10	21
30 13	35
30 14	44
30 15	29
30 16	13
30 18	14
30 19	48
30 20	33
30 21	37
30 22	31
30 23	49
30 27	23
30 28	40
30 32	18
30 33	38
30 34	1
30 36	45
30 37	16
30 38	10
30 39	11
30 41	42
30 42	25
30 43	41
30 45	2
30 46	28
31 0	47
31 1	2
31 2	31
31 3	20
31 4	9
31 6	22
31 7	49
31 8	5
31 11	43
31 12	35
31 13	45
31 16	28
31 17	15
31 18	0
31 19	11
31 20	34
31 21	30
31 22	29
31 23	48
31 25	1
31 26	27
31 28	4
31 30	19
31 31	23
31 32	6
31 33	24
31 34	14
31 35	44
31 36	37
31 37	25
31 38	21
31 39	17
31 40	33
31 41	41
31 42	12
31 45	8
31 46	32
31 47	18
31 49	13
32 1	45
32 2	43
32 4	20
32 5	26
32 11	0
32 13	17
32 14	6
32 15	44
32 16	22
32 17	14
32 18	4
32 19	39
32 20	1
32 21	33
32 22	24
32 23	47
32 24	15
32 25	16
32 26	2
32 28	3
32 29	29
32 30	11
32 31	38
32 32	35
32 34	8
32 35	28
32 36	49
32 37	36
32 38	48
32 39	19
32 40	37
32 42	18
32 43	27
32 45	25
32 46	10
32 47	40
32 48	42
32 49	5
33 1	33
33 2	26
33 3	31
33 4	39
33 6	9
33 7	12
33 8	4
33 9	16
33 12	49
33 13	22
33 14	3
33 16	48
33 17	42
33 18	46
33 19	36
33 20	8
33 21	5
33 22	37
33 24	28
33 27	27
33 29	0
33 30	43
33 33	44
33 35	34
33 36	38
33 37	6
33 38	17
33 39	10
33 41	24
33 42	29
33 44	23
33 45	45
33 47	2
33 48	13
33 49	21
34 0	7
34 1	21
34 2	23
34 4	27
34 5	17
34 7	34
34 8	32
34 10	14
34 11	36
34 12	39
34 13	8
34 14	33
34 15	26
34 16	18
34 17	16
34 18	10
34 21	0
34 22	11
34 23	42
34 24	12
34 26	22
34 27	13
34 29	25
34 30	35
34 31	44
34 33	6
34 34	45
34 37	20
34 38	28
34 39	46
34 40	2
34 42	43
34 43	3
34 45	15
34 46	40
34 48	30
35 0	21
35 1	11
35 3	45
35 4	28
35 5	38
35 6	25
35 7	48
35 8	36
35 10	16
35 11	20
35 12	5
35 13	15
35 15	2
35 16	24
35 19	43
35 21	6
35 22	18
35 23	39
35 25	12
35 26	9
35 28	31
35 30	46
35 31	32
35 32	44
35 33	27
35 37	37
35 38	1
35 41	3
35 42	0
35 43	17
35 44	42
35 46	19
35 47	4
35 48	26
35 49	7
36 0	37
36 1	10
36 2	40
36 5	18
36 6	39
36 7	21
36 9	15
36 10	8
36 11	13
36 12	28
36 13	9
36 15	1
36 16	16
36 17	46
36 18	23
36 20	36
36 21	42
36 25	19
36 27	11
36 28	29
36 30	47
36 34	49
36 35	30
36 36	35
36 37	34
36 38	25
36 39	32
36 40	0
36 43	24
36 44	12
36 45	6
36 46	4
36 47	44
36 48	27
36 49	17
37 1	46
37 2	18
37 3	11
37 4	22
37 5	35
37 8	41
37 9	4
37 11	5
37 12	13
37 13	3
37 14	7
37 15	23
37 16	21
37 17	30
37 18	34
37 19	42
37 21	43
37 24	47
37 25	27
37 26	45
37 27	24
37 29	2
37 30	0
37 31	29
37 32	12
37 33	1
37 34	28
37 35	17
37 36	26
37 37	39
37 38	37
37 39	15
37 41	31
37 43	33
37 44	14
37 45	49
37 46	16
37 49	19
38 0	4
38 1	15
38 2	42
38 3	9
38 4	10
38 5	43
38 6	36
38 7	37
38 8	17
38 11	2
38 12	0
38 13	14
38 14	45
38 18	35
38 19	23
38 20	26
38 22	16
38 23	29
38 24	6
38 25	41
38 26	19
38 29	21
38 30	31
38 31	7
38 32	48
38 33	49
38 34	30
38 35	1
38 36	34
38 37	44
38 38	38
38 39	3
38 40	18
38 42	8
38 43	28
38 44	5
38 46	12
38 48	33
38 49	25
39 4	31
39 7	28
39 8	23
39 9	49
39 10	27
39 13	18
39 14	0
39 15	39
39 16	47
39 17	9
39 19	29
39 20	3
39 21	10
39 22	21
39 24	25
39 25	43
39 26	4
39 28	24
39 31	16
39 32	1
39 33	37
39 35	20
39 37	22
39 38	5
39 39	40
39 40	13
39 41	45
39 42	7
39 43	11
39 44	44
39 45	48
39 47	34
39 48	15
39 49	42
40 3	38
40 5	2
40 7	1
40 8	30
40 9	20
40 11	49
40 13	44
40 14	19
40 15	35
40 16	8
40 17	6
40 19	27
40 20	29
40 21	17
40 22	32
40 23	21
40 24	16
40 26	5
40 27	4
40 28	37
40 30	22
40 31	13
40 32	26
40 33	18
40 37	14
40 38	40
40 39	43
40 42	39
40 44	34
40 46	25
40 47	42
41 1	47
41 2	27
41 5	24
41 7	45
41 8	9
41 9	42
41 12	19
41 13	0
41 14	4
41 15	12
41 16	10
41 17	22
41 18	21
41 19	33
41 20	28
41 23	44
41 24	5
41 27	37
41 28	11
41 29	6
41 30	38
41 31	1
41 33	48
41 34	26
41 35	32
41 36	40
41 37	43
41 38	49
41 39	30
41 40	14
41 41	13
41 42	16
41 43	15
41 44	35
41 46	39
41 47	17
41 48	20
41 49	8
42 1	0
42 2	3
42 3	13
42 4	45
42 5	9
42 7	36
42 8	49
42 9	28
42 14	27
42 15	21
42 18	6
42 20	46
42 22	17
42 23	14
42 24	44
42 25	34
42 26	12
42 27	1
42 28	15
42 30	20
42 32	7
42 35	19
42 39	24
42 40	42
42 42	37
42 43	22
42 44	18
42 46	23
42 47	43
42 48	25
42 49	11
43 0	48
43 1	8
43 2	25
43 4	49
43 5	42
43 7	44
43 8	6
43 9	9
43 10	26
43 11	45
43 13	11
43 14	20
43 15	38
43 17	7
43 18	5
43 19	18
43 20	32
43 22	43
43 23	27
43 24	35
43 25	29
43 26	28
43 27	2
43 30	41
43 31	40
43 32	17
43 34	37
43 35	31
43 36	12
43 37	10
43 38	34
43 39	33
43 40	39
43 41	4
43 42	13
43 43	46
43 45	1
43 47	47
44 0	20
44 1	36
44 3	21
44 6	15
44 7	43
44 8	34
44 9	41
44 10	46
44 11	30
44 12	31
44 17	4
44 19	8
44 20	5
44 21	12
44 23	18
44 25	10
44 27	39
44 28	16
44 29	1
44 30	49
44 31	2
44 32	19
44 33	23
44 34	7
44 37	11
44 38	32
44 41	33
44 43	40
44 44	13
44 45	24
44 47	3
44 48	9
44 49	38
45 1	34
45 2	38
45 3	49
45 7	19
45 8	8
45 10	25
45 11	35
45 12	7
45 14	40
45 16	45
45 17	36
45 18	28
45 19	12
45 21	13
45 22	4
45 23	24
45 24	14
45 26	46
45 27	43
45 28	0
45 29	41
45 30	44
45 31	17
45 32	39
45 33	16
45 34	9
45 35	27
45 37	18
45 39	22
45 40	11
45 42	15
45 43	42
45 44	48
45 45	29
45 46	26
45 48	1
45 49	31
46 0	45
46 1	5
46 2	24
46 3	41
46 4	19
46 5	40
46 6	43
46 7	33
46 8	48
46 10	9
46 11	16
46 12	12
46 13	39
46 14	11
46 15	36
46 17	10
46 19	21
46 20	47
46 21	20
46 23	32
46 24	8
46 27	49
46 29	37
46 31	42
46 32	34
46 33	31
46 34	23
46 35	26
46 36	17
46 37	2
46 38	15
46 39	18
46 40	1
46 44	29
46 45	44
46 46	7
46 47	30
47 1	48
47 2	12
47 5	5
47 7	2
47 8	39
47 10	42
47 11	34
47 12	41
47 13	6
47 14	46
47 15	24
47 17	35
47 18	8
47 19	7
47 22	47
47 24	37
47 25	11
47 26	1
47 27	16
47 29	3
47 30	45
47 31	10
47 33	43
47 35	25
47 36	31
47 38	20
47 39	26
47 41	30
47 42	33
47 43	0
47 44	19
47 47	36
47 49	27
48 0	9
48 3	33
48 5	48
48 8	25
48 9	14
48 10	22
48 12	46
48 13	36
48 14	15
48 17	24
48 18	20
48 19	35
48 20	23
48 21	32
48 22	40
48 23	3
48 28	18
48 33	5
48 34	10
48 35	38
48 36	0
48 37	21
48 39	39
48 40	43
48 42	34
48 44	4
48 45	12
48 47	28
49 1	6
49 2	8
49 3	35
49 5	13
49 6	45
49 7	26
49 8	33
49 11	3
49 12	10
49 13	21
49 14	2
49 17	11
49 18	36
49 19	44
49 21	7
49 22	0
49 23	43
49 24	23
49 25	49
49 27	46
49 28	38
49 29	9
49 30	5
49 33	40
49 35	37
49 36	15
49 37	27
49 38	22
49 40	41
49 41	12
49 42	47
49 43	31
49 44	25
49 45	17
49 46	14
49 47	19
49 48	28
49 49	39
