50
0 0	20
0 2	6
0 3	24
0 4	42
0 6	7
0 8	26
0 9	9
0 10	35
0 12	29
0 13	46
0 15	45
0 18	15
0 21	32
0 23	4
0 24	12
0 25	36
0 26	0
0 27	17
0 29	19
0 30	33
0 31	13
0 32	22
0 34	25
0 35	30
0 38	48
0 39	23
0 40	41
0 42	43
0 43	21
0 44	34
0 47	44
0 48	5
1 0	41
1 2	10
1 3	48
1 5	47
1 6	36
1 7	19
1 8	18
1 9	34
1 10	8
1 14	24
1 15	11
1 16	22
1 17	35
1 18	20
1 19	31
1 20	0
1 22	25
1 23	40
1 24	5
1 25	46
1 27	49
1 28	43
1 30	30
1 34	16
1 35	39
1 36	38
1 37	4
1 38	45
1 39	29
1 42	28
1 44	44
1 45	21
1 46	32
1 48	14
1 49	42
2 2	39
2 3	17
2 5	36
2 6	46
2 9	44
2 11	38
2 12	25
2 16	14
2 17	43
2 19	4
2 21	49
2 22	11
2 23	34
2 25	35
2 27	7
2 30	28
2 31	12
2 32	24
2 33	5
2 34	48
2 36	21
2 37	0
2 38	33
2 39	45
2 40	22
2 41	31
2 42	23
2 43	9
2 44	26
2 46	6
2 48	30
2 49	16
3 1	10
3 2	38
3 3	40
3 5	16
3 6	26
3 7	29
3 9	2
3 11	20
3 13	13
3 14	8
3 15	41
3 17	27
3 18	9
3 20	23
3 21	37
3 26	19
3 29	0
3 30	25
3 32	49
3 33	7
3 34	22
3 35	46
3 36	31
3 38	34
3 40	33
3 41	35
3 42	30
3 44	32
3 45	4
3 46	44
3 47	21
4 4	37
4 6	0
4 7	43
4 11	11
4 12	15
4 13	40
4 14	35
4 15	30
4 17	31
4 18	4
4 19	1
4 21	36
4 22	44
4 23	45
4 26	8
4 27	32
4 29	49
4 30	16
4 32	21
4 33	22
4 35	28
4 36	2
4 38	18
4 39	10
4 41	42
4 42	26
4 43	33
4 48	19
5 2	46
5 3	19
5 6	38
5 8	44
5 9	23
5 10	15
5 12	43
5 13	39
5 14	1
5 15	3
5 19	8
5 21	21
5 22	0
5 23	22
5 24	7
5 27	4
5 28	24
5 30	18
5 32	25
5 33	14
5 34	26
5 35	11
5 36	49
5 37	13
5 38	30
5 43	31
5 44	35
5 45	27
5 47	36
5 48	10
5 49	2
6 0	8
6 1	41
6 2	40
6 5	17
6 6	28
6 7	18
6 9	27
6 12	0
6 13	45
6 14	43
6 15	48
6 17	6
6 18	24
6 20	11
6 23	37
6 25	26
6 26	5
6 27	33
6 31	16
6 32	31
6 33	29
6 34	10
6 36	42
6 37	3
6 38	21
6 39	7
6 40	47
6 41	23
6 44	49
6 45	14
6 46	15
6 48	39
7 0	25
7 1	39
7 4	38
7 6	37
7 7	35
7 9	19
7 12	46
7 13	12
7 15	0
7 16	20
7 18	13
7 20	49
7 22	9
7 25	30
7 27	24
7 29	1
7 30	40
7 31	4
7 32	26
7 33	34
7 34	11
7 37	15
7 38	23
7 39	44
7 40	31
7 42	7
7 43	10
7 45	6
7 48	28
8 0	26
8 2	23
8 4	11
8 13	30
8 14	20
8 21	35
8 24	47
8 26	32
8 27	45
8 28	46
8 29	37
8 30	0
8 31	25
8 32	38
8 34	31
8 36	6
8 37	29
8 40	44
8 41	7
8 42	21
8 43	2
8 44	22
8 45	48
8 48	49
8 49	4
9 0	5
9 2	8
9 4	48
9 5	23
9 6	16
9 8	39
9 9	6
9 10	38
9 11	47
9 12	44
9 13	2
9 14	41
9 17	37
9 19	49
9 21	22
9 22	4
9 23	9
9 24	25
9 25	33
9 26	26
9 28	15
9 29	3
9 30	11
9 35	43
9 36	29
9 38	40
9 40	0
9 41	10
9 42	13
9 44	7
9 45	18
9 47	32
9 48	42
9 49	1
10 1	20
10 2	26
10 4	41
10 5	7
10 7	44
10 8	14
10 10	48
10 11	46
10 12	23
10 14	27
10 15	40
10 16	35
10 17	22
10 20	19
10 23	38
10 24	4
10 26	3
10 27	9
10 28	8
10 29	28
10 32	2
10 33	45
10 36	25
10 37	16
10 38	42
10 41	49
10 43	39
10 46	0
10 49	5
11 0	35
11 4	13
11 6	21
11 8	45
11 9	3
11 15	49
11 16	26
11 17	14
11 18	43
11 19	6
11 20	25
11 22	39
11 25	32
11 26	30
11 28	11
11 29	29
11 34	18
11 36	15
11 37	47
11 39	20
11 40	42
11 41	4
11 42	27
11 43	44
11 44	8
11 45	40
11 48	31
12 1	42
12 2	18
12 6	20
12 8	5
12 11	3
12 14	21
12 17	33
12 21	0
12 22	37
12 24	31
12 25	24
12 27	11
12 28	49
12 29	30
12 30	8
12 31	7
12 32	13
12 34	12
12 35	9
12 38	46
12 39	38
12 40	48
12 41	14
12 45	45
12 46	36
12 48	1
13 1	45
13 2	19
13 3	26
13 4	29
13 5	33
13 6	24
13 9	20
13 10	36
13 12	39
13 13	1
13 14	40
13 15	31
13 17	3
13 19	18
13 20	13
13 21	28
13 22	16
13 24	10
13 25	17
13 26	43
13 27	25
13 28	6
13 29	32
13 34	38
13 37	37
13 38	22
13 39	12
13 41	30
13 42	34
13 43	27
13 44	11
13 45	35
13 46	5
13 47	48
14 0	6
14 2	31
14 4	30
14 5	3
14 7	38
14 9	47
14 10	17
14 13	33
14 16	41
14 17	13
14 18	12
14 20	15
14 21	2
14 22	7
14 24	35
14 26	4
14 28	37
14 29	43
14 30	42
14 31	11
14 36	14
14 38	44
14 40	46
14 41	1
14 42	29
14 44	5
14 45	8
14 46	24
14 47	25
15 3	15
15 5	19
15 6	4
15 9	24
15 10	13
15 12	41
15 13	49
15 14	26
15 15	10
15 23	27
15 24	30
15 25	22
15 28	42
15 29	38
15 32	12
15 34	45
15 36	46
15 37	34
15 42	25
15 43	3
15 46	7
15 47	9
15 48	20
16 2	42
16 6	13
16 9	41
16 11	45
16 12	40
16 13	5
16 15	22
16 17	12
16 18	21
16 19	27
16 20	7
16 22	46
16 24	17
16 25	39
16 27	14
16 28	33
16 34	0
16 35	10
16 36	30
16 38	25
16 40	26
16 41	24
16 42	1
16 44	28
16 46	49
16 49	48
17 0	28
17 1	23
17 2	12
17 4	33
17 5	21
17 7	41
17 9	45
17 10	37
17 11	14
17 12	22
17 13	8
17 14	5
17 15	25
17 16	24
17 17	44
17 19	9
17 21	13
17 22	47
17 23	43
17 26	48
17 29	17
17 30	7
17 33	18
17 35	3
17 36	34
17 38	35
17 40	16
17 42	19
17 43	30
17 45	49
17 49	36
18 0	24
18 2	27
18 4	46
18 5	43
18 9	12
18 12	11
18 15	35
18 17	2
18 19	42
18 21	6
18 25	16
18 26	41
18 27	13
18 28	44
18 29	23
18 30	20
18 32	7
18 33	47
18 35	34
18 36	3
18 40	10
18 41	17
18 45	33
18 46	29
19 0	18
19 1	37
19 3	10
19 8	7
19 9	22
19 10	25
19 12	26
19 13	31
19 15	9
19 17	39
19 18	16
19 19	0
19 20	38
19 21	8
19 23	5
19 26	24
19 28	17
19 30	48
19 31	29
19 32	36
19 35	40
19 36	23
19 39	33
19 40	13
19 42	6
19 43	41
19 44	19
19 45	44
19 46	47
19 47	35
19 48	15
19 49	49
20 4	5
20 6	23
20 7	39
20 8	3
20 10	49
20 12	32
20 15	12
20 16	15
20 18	19
20 22	24
20 27	28
20 30	41
20 31	21
20 32	9
20 33	25
20 34	30
20 35	37
20 36	48
20 40	40
20 41	8
20 42	44
20 43	4
20 44	33
20 45	34
20 46	14
20 48	11
20 49	18
21 0	13
21 1	14
21 4	10
21 5	29
21 7	22
21 8	30
21 9	0
21 10	46
21 11	28
21 14	39
21 15	21
21 16	31
21 17	9
21 19	33
21 20	37
21 21	18
21 22	41
21 25	40
21 26	49
21 27	8
21 30	38
21 31	47
21 34	32
21 35	7
21 38	20
21 39	42
21 41	15
21 42	4
21 44	24
21 46	16
21 47	3
21 48	27
21 49	26
22 1	35
22 6	45
22 8	48
22 9	8
22 10	21
22 15	44
22 16	1
22 17	40
22 21	15
22 22	2
22 23	28
22 25	9
22 26	13
22 28	10
22 31	19
22 32	27
22 33	49
22 34	37
22 35	6
22 36	0
22 37	14
22 39	17
22 43	29
22 44	46
22 45	31
22 47	33
22 48	26
22 49	34
23 0	4
23 1	8
23 3	11
23 5	46
23 7	28
23 8	27
23 10	47
23 11	12
23 12	49
23 14	38
23 16	21
23 18	5
23 19	29
23 21	33
23 22	15
23 23	1
23 26	31
23 27	26
23 28	35
23 30	6
23 31	9
23 33	17
23 34	20
23 35	24
23 36	18
23 37	42
23 40	25
23 41	37
23 42	45
23 43	32
23 44	14
23 45	3
23 46	30
23 47	34
23 48	48
24 2	49
24 3	38
24 4	35
24 5	15
24 6	14
24 7	16
24 8	28
24 10	42
24 11	8
24 12	20
24 15	24
24 18	2
24 19	41
24 21	46
24 22	29
24 23	23
24 27	40
24 29	21
24 30	17
24 32	11
24 33	0
24 34	27
24 35	22
24 40	4
24 41	13
24 42	18
24 43	25
24 44	43
24 46	12
24 47	26
24 48	3
24 49	33
25 0	9
25 3	41
25 4	27
25 6	30
25 9	46
25 11	40
25 13	34
25 14	14
25 15	47
25 18	17
25 20	3
25 22	42
25 23	2
25 24	33
25 25	48
25 27	10
25 28	38
25 29	31
25 30	23
25 31	49
25 32	29
25 36	20
25 37	12
25 38	32
25 39	16
25 40	19
25 41	18
25 42	24
25 44	1
25 45	28
25 46	43
25 47	5
25 48	6
26 0	16
26 7	48
26 8	46
26 9	15
26 10	1
26 11	5
26 15	4
26 16	3
26 17	28
26 19	38
26 20	33
26 21	26
26 22	21
26 23	39
26 24	23
26 25	7
26 26	34
26 28	18
26 29	24
26 30	27
26 36	40
26 37	49
26 38	43
26 39	32
26 41	41
26 43	19
26 45	11
26 46	45
26 48	25
26 49	14
27 0	11
27 2	48
27 3	47
27 4	49
27 5	20
27 6	18
27 7	24
27 8	38
27 9	32
27 10	14
27 11	41
27 12	21
27 13	28
27 17	29
27 18	25
27 20	34
27 23	17
27 24	22
27 25	23
27 28	7
27 30	26
27 33	44
27 34	42
27 35	2
27 37	8
27 38	10
27 39	19
27 42	36
27 44	37
27 45	16
27 48	46
27 49	0
28 2	20
28 3	21
28 5	45
28 6	19
28 7	25
28 10	5
28 12	7
28 14	11
28 15	33
28 16	39
28 19	40
28 21	42
28 25	8
28 26	14
28 27	2
28 29	48
28 30	24
28 33	16
28 35	49
28 36	43
28 39	37
28 40	35
28 41	0
28 42	41
28 44	3
28 47	27
28 48	34
29 0	49
29 3	22
29 4	16
29 6	44
29 8	41
29 9	13
29 12	4
29 13	29
29 14	7
29 15	42
29 20	28
29 22	48
29 23	8
29 24	2
29 25	43
29 26	10
29 27	6
29 28	12
29 29	9
29 30	5
29 33	21
29 35	27
29 36	32
29 38	11
29 40	14
29 41	19
29 45	38
29 46	33
29 49	47
30 0	30
30 1	21
30 2	47
30 3	16
30 4	9
30 7	36
30 8	42
30 9	40
30 10	34
30 11	24
30 13	14
30 14	32
30 15	23
30 16	37
30 17	1
30 20	26
30 23	3
30 25	25
30 26	46
30 29	15
30 31	44
30 32	6
30 33	33
30 35	4
30 36	28
30 39	35
30 44	13
30 45	43
30 46	48
30 48	0
31 0	21
31 1	18
31 3	12
31 6	40
31 7	31
31 10	41
31 11	2
31 12	28
31 14	33
31 15	6
31 16	34
31 17	25
31 20	27
31 24	42
31 27	1
31 30	36
31 32	17
31 33	4
31 35	20
31 36	11
31 37	7
31 38	3
31 39	9
31 40	49
31 42	38
31 44	30
31 46	26
32 1	33
32 2	1
32 4	34
32 5	9
32 6	11
32 7	27
32 8	32
32 9	49
32 10	0
32 11	43
32 14	44
32 15	29
32 17	45
32 19	5
32 21	10
32 23	26
32 24	41
32 25	15
32 26	42
32 27	21
32 28	48
32 29	13
32 32	30
32 33	36
32 34	19
32 35	47
32 36	12
32 39	3
32 41	6
32 42	8
32 43	23
32 44	25
32 47	24
32 48	7
32 49	39
33 0	22
33 4	15
33 6	34
33 7	40
33 8	36
33 10	43
33 12	30
33 13	24
33 15	38
33 16	10
33 17	48
33 19	23
33 21	41
33 24	37
33 25	45
33 26	35
33 27	31
33 28	0
33 29	14
33 30	44
33 31	32
33 32	4
33 33	8
33 35	1
33 36	17
33 37	21
33 38	13
33 39	27
33 40	18
33 41	26
33 42	3
33 45	46
33 46	19
33 47	16
33 48	2
33 49	12
34 5	40
34 6	43
34 7	4
34 8	25
34 10	33
34 11	16
34 13	21
34 14	19
34 15	14
34 16	13
34 17	49
34 21	48
34 22	10
34 24	11
34 25	20
34 27	23
34 28	47
34 29	35
34 30	12
34 32	34
34 33	1
34 34	8
34 35	26
34 36	9
34 40	17
34 41	3
34 42	31
34 44	41
34 45	42
34 46	37
34 49	22
35 0	19
35 1	29
35 2	14
35 4	31
35 8	2
35 9	17
35 10	7
35 12	18
35 13	37
35 14	15
35 15	13
35 16	4
35 17	42
35 18	22
35 19	48
35 20	45
35 21	30
35 22	36
35 23	46
35 24	21
35 25	38
35 26	11
35 28	28
35 30	39
35 32	43
35 33	12
35 34	9
35 37	33
35 38	27
35 39	26
35 41	5
35 42	40
35 43	20
35 44	10
35 45	24
35 46	41
35 47	47
35 49	25
36 1	34
36 2	7
36 3	8
36 4	45
36 5	5
36 6	9
36 7	3
36 8	33
36 9	4
36 11	29
36 13	26
36 14	42
36 15	20
36 16	48
36 17	19
36 20	43
36 23	35
36 24	24
36 25	10
36 29	16
36 32	37
36 33	23
36 35	44
36 36	13
36 37	25
36 39	30
36 40	36
36 41	40
36 42	12
36 47	22
36 48	17
36 49	6
37 2	25
37 4	4
37 5	44
37 6	1
37 7	34
37 8	40
37 10	30
37 11	26
37 12	8
37 13	35
37 15	19
37 17	0
37 20	5
37 21	9
37 22	27
37 23	31
37 25	42
37 28	2
37 29	11
37 30	46
37 31	38
37 32	39
37 35	48
37 36	16
37 38	29
37 40	37
37 41	43
37 44	21
37 45	22
37 47	49
37 48	41
37 49	3
38 0	36
38 2	3
38 3	45
38 4	0
38 5	32
38 8	43
38 10	27
38 11	44
38 15	28
38 18	18
38 19	7
38 20	30
38 21	4
38 22	22
38 28	16
38 29	20
38 30	2
38 31	26
38 32	1
38 36	8
38 38	24
38 39	21
38 40	6
38 41	9
38 43	42
38 44	15
38 46	39
38 47	10
39 0	46
39 1	38
39 3	36
39 5	35
39 6	6
39 7	49
39 8	22
39 9	48
39 11	39
39 12	14
39 13	27
39 15	37
39 16	0
39 17	34
39 18	30
39 21	1
39 25	28
39 32	18
39 35	16
39 36	26
39 37	43
39 39	8
39 41	47
39 43	45
39 46	42
39 47	7
39 49	41
40 0	3
40 1	9
40 2	34
40 3	30
40 6	2
40 7	10
40 9	42
40 10	44
40 11	49
40 14	4
40 16	7
40 17	16
40 19	14
40 20	35
40 21	25
40 28	21
40 32	33
40 33	20
40 34	28
40 37	41
40 39	18
40 40	45
40 42	0
40 43	40
40 44	48
41 6	3
41 7	30
41 8	19
41 9	31
41 10	9
41 11	21
41 12	10
41 13	44
41 15	5
41 19	22
41 20	2
41 21	38
41 22	49
41 24	27
41 25	6
41 26	1
41 27	43
41 33	32
41 35	17
41 38	47
41 40	20
41 41	25
41 43	8
41 44	42
41 45	39
41 46	34
41 47	18
41 48	40
42 0	47
42 2	5
42 3	3
42 6	17
42 7	20
42 9	26
42 10	10
42 11	31
42 13	6
42 14	25
42 15	1
42 16	2
42 19	28
42 20	44
42 21	43
42 23	24
42 24	29
42 25	41
42 26	40
42 27	0
42 29	12
42 31	42
42 32	46
42 38	37
42 39	22
42 40	7
42 41	33
42 43	16
42 47	39
42 49	11
43 0	17
43 2	28
43 5	27
43 6	25
43 10	29
43 11	23
43 13	4
43 14	0
43 15	8
43 17	36
43 18	40
43 19	30
43 20	22
43 21	31
43 23	48
43 24	32
43 26	44
43 27	19
43 28	13
43 29	42
43 30	1
43 34	49
43 35	21
43 36	10
43 37	45
43 38	7
43 40	24
43 41	34
43 42	15
43 45	41
44 0	1
44 2	16
44 3	42
44 6	31
44 7	21
44 8	20
44 9	35
44 10	26
44 11	30
44 13	7
44 14	49
44 15	32
44 17	41
44 19	45
44 20	29
44 21	27
44 22	34
44 24	0
44 27	5
44 28	39
44 31	23
44 34	2
44 35	33
44 36	24
44 37	46
44 39	4
44 41	11
44 42	9
44 43	22
44 45	12
44 48	47
45 0	33
45 2	37
45 3	44
45 6	49
45 8	8
45 9	16
45 10	40
45 11	7
45 12	31
45 13	20
45 15	46
45 17	32
45 19	47
45 20	21
45 24	28
45 25	34
45 28	27
45 29	5
45 30	45
45 32	15
45 33	10
45 37	2
45 38	26
45 40	39
45 41	38
45 45	30
45 48	43
45 49	24
46 0	37
46 2	0
46 3	35
46 4	2
46 5	24
46 6	47
46 7	8
46 9	25
46 10	28
46 11	22
46 13	48
46 17	26
46 19	11
46 20	20
46 23	30
46 24	45
46 25	21
46 26	29
46 29	4
46 31	40
46 32	14
46 33	27
46 35	5
46 36	39
46 37	38
46 38	31
46 39	49
46 40	43
46 43	1
46 44	36
46 45	9
46 47	41
47 3	25
47 4	28
47 5	34
47 6	35
47 8	9
47 9	1
47 10	20
47 11	48
47 12	38
47 13	3
47 14	18
47 15	7
47 18	31
47 20	14
47 22	19
47 23	42
47 26	2
47 28	26
47 31	15
47 35	45
47 36	37
47 37	6
47 39	11
47 41	44
47 42	33
47 43	49
47 44	16
47 45	13
47 49	40
48 2	22
48 6	42
48 9	21
48 10	4
48 12	35
48 13	38
48 14	10
48 15	2
48 18	8
48 19	19
48 22	3
48 25	11
48 26	28
48 29	18
48 31	14
48 32	5
48 37	44
48 39	41
48 40	15
48 41	32
48 44	39
48 45	26
48 46	23
48 47	1
48 49	27
49 3	33
49 4	8
49 5	30
49 7	32
49 11	13
49 13	42
49 15	36
49 16	25
49 17	7
49 18	37
49 19	35
49 20	18
49 22	26
49 23	44
49 27	34
49 29	39
49 30	22
49 33	24
49 34	1
49 35	14
49 36	47
49 38	41
49 39	31
49 41	21
49 43	6
49 44	17
49 45	23
49 46	28
49 48	29
49 49	15
