50
0 2	21
0 4	30
0 6	29
0 7	28
0 8	14
0 10	47
0 13	46
0 19	7
0 23	25
0 24	17
0 30	16
0 32	24
0 33	1
0 34	0
0 35	8
0 36	6
0 40	31
0 44	26
1 0	11
1 1	10
1 2	19
1 3	23
1 6	17
1 7	37
1 8	41
1 13	30
1 17	4
1 18	3
1 20	7
1 25	22
1 26	48
1 29	13
1 33	36
1 36	28
1 39	5
1 40	15
1 44	20
1 49	33
2 0	47
2 3	7
2 4	15
2 8	44
2 10	25
2 15	33
2 23	2
2 24	28
2 25	38
2 29	8
2 30	20
2 34	27
2 36	13
2 38	42
2 41	14
2 43	23
2 47	12
2 48	39
3 0	46
3 2	43
3 3	45
3 4	17
3 7	31
3 8	11
3 9	27
3 17	0
3 19	37
3 21	29
3 22	7
3 25	33
3 26	36
3 30	34
3 34	28
3 35	38
3 38	49
3 41	9
3 42	8
3 44	39
3 46	4
3 48	2
4 2	8
4 4	35
4 6	5
4 7	19
4 8	13
4 10	7
4 11	33
4 16	43
4 19	17
4 20	40
4 22	11
4 24	1
4 27	4
4 30	45
4 33	34
4 41	21
4 47	46
4 49	29
5 2	38
5 3	21
5 4	47
5 12	34
5 13	45
5 15	36
5 16	37
5 17	2
5 18	23
5 20	25
5 21	48
5 24	9
5 29	33
5 30	40
5 32	11
5 33	3
5 34	6
5 37	30
5 41	26
5 43	32
5 45	43
5 46	41
5 47	0
5 48	16
6 1	0
6 3	42
6 11	44
6 14	20
6 15	13
6 17	31
6 19	19
6 25	49
6 29	9
6 30	41
6 31	47
6 32	30
6 33	12
6 42	4
6 44	37
6 45	24
6 48	27
6 49	32
7 3	12
7 5	30
7 7	20
7 11	45
7 12	3
7 13	44
7 14	42
7 15	43
7 16	21
7 17	15
7 19	33
7 20	32
7 22	8
7 23	48
7 26	17
7 29	0
7 32	27
7 35	31
7 37	9
7 40	28
7 41	18
7 42	22
7 43	40
7 44	10
7 47	1
7 48	46
8 0	42
8 1	14
8 3	4
8 4	2
8 7	6
8 8	5
8 9	19
8 14	38
8 15	37
8 19	31
8 26	7
8 27	35
8 28	25
8 29	11
8 30	43
8 31	33
8 32	44
8 34	41
8 36	27
8 37	36
8 39	18
8 42	28
8 43	49
8 44	47
8 45	10
8 46	3
9 0	43
9 4	24
9 6	22
9 7	35
9 8	34
9 11	10
9 12	23
9 13	29
9 14	0
9 15	45
9 16	25
9 23	31
9 28	40
9 29	18
9 33	39
9 36	8
9 37	48
9 45	1
9 48	42
10 5	32
10 6	7
10 7	43
10 8	0
10 13	5
10 14	46
10 30	42
10 31	15
10 33	30
10 35	11
10 37	41
10 39	16
10 41	3
10 44	45
10 47	40
11 1	25
11 4	6
11 5	13
11 8	18
11 10	41
11 16	3
11 17	17
11 18	9
11 23	16
11 28	2
11 29	31
11 36	44
11 38	5
11 39	43
11 46	20
11 48	19
11 49	35
12 2	11
12 3	35
12 6	23
12 9	1
12 10	4
12 13	20
12 19	48
12 21	5
12 22	13
12 32	15
12 33	6
12 38	26
12 39	22
12 43	10
12 48	17
13 2	45
13 3	38
13 6	32
13 8	31
13 9	22
13 11	7
13 12	12
13 13	26
13 15	18
13 16	15
13 24	27
13 25	23
13 27	43
13 31	49
13 32	17
13 34	2
13 36	48
13 40	8
13 41	16
13 42	42
13 43	36
13 44	41
13 47	13
13 49	14
14 1	37
14 4	42
14 7	0
14 8	25
14 10	33
14 11	23
14 13	27
14 20	34
14 21	12
14 25	20
14 29	5
14 31	7
14 35	13
14 36	17
14 37	10
14 41	41
14 43	39
14 47	35
14 48	29
15 0	34
15 1	23
15 5	29
15 6	35
15 7	22
15 10	20
15 15	27
15 16	49
15 19	12
15 25	7
15 27	36
15 30	26
15 31	9
15 32	33
15 33	25
15 34	42
15 37	4
15 38	2
15 41	0
15 42	1
15 46	31
15 48	13
16 0	16
16 2	22
16 3	26
16 5	7
16 7	48
16 11	17
16 13	24
16 17	33
16 22	30
16 23	49
16 25	13
16 35	10
16 37	5
16 40	11
16 42	34
16 44	44
16 45	2
16 46	37
16 47	47
16 48	6
17 4	23
17 5	9
17 8	39
17 9	17
17 14	10
17 17	32
17 18	14
17 19	13
17 22	40
17 25	46
17 29	19
17 32	2
17 34	31
17 39	20
17 43	11
17 44	42
17 46	35
17 47	44
17 49	3
18 2	35
18 5	38
18 6	6
18 10	39
18 15	8
18 17	34
18 18	4
18 20	42
18 27	41
18 30	18
18 33	15
18 34	19
18 35	32
18 36	0
18 37	31
18 41	7
18 42	13
18 45	26
18 47	33
19 0	6
19 3	34
19 4	40
19 6	18
19 7	17
19 8	32
19 9	0
19 11	38
19 12	13
19 13	8
19 14	16
19 15	29
19 16	19
19 17	22
19 19	23
19 20	47
19 22	31
19 29	30
19 30	4
19 31	48
19 34	5
19 35	2
19 36	10
19 48	43
20 1	48
20 4	33
20 6	13
20 8	2
20 11	15
20 14	6
20 21	42
20 22	49
20 24	26
20 26	31
20 32	46
20 35	23
20 36	3
20 38	28
20 39	37
20 41	22
20 42	35
20 44	21
20 45	40
21 6	44
21 7	34
21 8	16
21 13	38
21 14	41
21 19	28
21 21	15
21 23	0
21 25	25
21 30	48
21 31	31
21 35	30
21 36	39
21 37	13
21 40	14
21 42	23
21 45	21
21 46	24
21 48	18
22 0	20
22 5	12
22 6	9
22 13	31
22 17	43
22 19	24
22 20	21
22 22	26
22 23	37
22 24	44
22 30	27
22 35	41
22 36	47
22 40	10
22 41	15
22 42	6
22 43	2
22 44	35
23 1	4
23 5	15
23 6	28
23 7	49
23 9	9
23 13	37
23 15	19
23 17	30
23 19	20
23 23	34
23 25	14
23 26	27
23 27	48
23 28	26
23 29	3
23 30	2
23 39	39
23 40	12
23 41	43
23 43	25
23 44	40
23 48	45
24 0	5
24 2	7
24 9	44
24 13	12
24 14	33
24 16	24
24 17	39
24 18	43
24 22	21
24 25	11
24 26	1
24 28	0
24 30	10
24 33	2
24 34	4
24 35	37
24 40	3
24 41	30
24 43	47
24 45	8
24 46	34
25 2	14
25 5	21
25 7	8
25 11	48
25 13	32
25 16	23
25 19	29
25 21	9
25 22	15
25 23	10
25 25	2
25 27	11
25 32	39
25 36	4
25 38	47
25 39	0
25 41	45
25 42	30
25 46	1
25 48	40
25 49	26
26 1	36
26 2	4
26 8	37
26 9	40
26 12	44
26 18	48
26 22	35
26 23	22
26 25	31
26 26	39
26 31	34
26 34	33
26 35	49
26 36	32
26 38	10
26 41	6
26 46	17
26 47	3
26 48	26
27 0	29
27 3	32
27 5	10
27 6	34
27 12	46
27 13	1
27 16	35
27 17	49
27 25	0
27 26	3
27 27	37
27 29	2
27 30	14
27 32	21
27 37	18
27 38	20
27 42	9
27 43	15
27 47	5
28 2	44
28 3	15
28 4	18
28 7	42
28 8	29
28 9	14
28 10	43
28 13	48
28 15	31
28 18	27
28 19	3
28 20	28
28 21	16
28 22	22
28 24	39
28 25	1
28 26	41
28 28	45
28 33	5
28 34	38
28 41	2
28 43	33
28 46	32
28 48	12
28 49	24
29 2	34
29 3	33
29 8	8
29 10	28
29 13	14
29 16	9
29 17	47
29 20	43
29 22	27
29 26	22
29 27	6
29 28	24
29 29	36
29 32	3
29 33	41
29 34	30
29 37	38
29 40	49
29 46	13
29 47	10
30 5	8
30 8	42
30 10	46
30 11	47
30 12	41
30 20	33
30 22	12
30 23	28
30 24	43
30 30	11
30 31	10
30 35	3
30 38	40
30 43	13
30 45	37
30 48	32
30 49	31
31 0	45
31 1	42
31 3	47
31 4	0
31 6	40
31 8	9
31 9	29
31 11	16
31 14	18
31 18	35
31 21	37
31 22	33
31 24	41
31 25	5
31 30	38
31 31	30
31 32	26
31 33	8
31 39	24
31 43	22
31 45	31
31 47	39
31 49	2
32 4	46
32 5	4
32 7	25
32 9	30
32 12	2
32 14	48
32 15	7
32 17	3
32 21	45
32 24	18
32 26	10
32 29	35
32 32	9
32 33	33
32 34	8
32 36	43
32 38	17
32 42	24
32 47	41
32 48	36
32 49	37
33 0	23
33 3	16
33 4	43
33 5	31
33 7	40
33 11	42
33 12	19
33 13	13
33 16	11
33 17	5
33 18	10
33 20	49
33 21	47
33 29	6
33 33	22
33 34	34
33 35	44
33 40	1
33 45	9
33 46	45
33 47	48
34 0	44
34 2	30
34 3	20
34 5	25
34 6	14
34 12	24
34 14	37
34 16	10
34 18	29
34 20	0
34 28	42
34 30	35
34 32	22
34 34	7
34 35	21
34 37	6
34 38	32
34 41	28
34 43	46
34 44	49
34 45	38
35 0	30
35 5	1
35 7	47
35 9	25
35 16	45
35 20	18
35 21	14
35 22	43
35 24	40
35 25	19
35 26	5
35 27	23
35 28	29
35 35	48
35 36	42
35 37	16
35 38	41
35 39	44
35 45	32
35 46	46
36 0	21
36 1	22
36 3	0
36 7	5
36 8	33
36 11	3
36 14	15
36 15	40
36 18	44
36 20	36
36 23	6
36 26	26
36 27	47
36 29	7
36 30	37
36 31	39
36 33	23
36 37	49
36 41	24
36 42	32
36 44	46
36 45	13
36 46	10
36 48	1
37 0	48
37 2	3
37 4	1
37 5	33
37 6	20
37 7	12
37 8	15
37 9	41
37 14	21
37 19	38
37 20	14
37 22	16
37 24	42
37 25	37
37 27	13
37 28	32
37 30	9
37 32	18
37 33	35
37 34	26
37 39	10
37 40	25
37 43	28
38 0	35
38 3	22
38 5	44
38 6	49
38 8	28
38 9	48
38 13	2
38 14	32
38 18	16
38 22	42
38 23	17
38 26	8
38 28	41
38 29	12
38 30	23
38 32	34
38 35	25
38 39	36
38 43	31
38 46	14
39 0	49
39 2	25
39 4	44
39 6	10
39 7	3
39 15	5
39 16	22
39 17	46
39 18	19
39 22	24
39 24	48
39 26	29
39 27	8
39 28	16
39 29	37
39 40	27
39 43	41
39 46	2
39 49	45
40 0	18
40 2	36
40 5	5
40 6	12
40 7	23
40 10	1
40 17	20
40 18	25
40 22	6
40 26	34
40 27	16
40 30	0
40 32	28
40 33	49
40 34	15
40 36	45
40 37	44
40 39	26
40 42	48
40 43	3
40 45	42
40 47	4
41 2	5
41 6	15
41 8	47
41 10	16
41 13	3
41 14	36
41 16	28
41 17	21
41 18	6
41 19	32
41 21	31
41 23	4
41 27	10
41 28	37
41 31	35
41 34	22
41 40	42
41 45	34
41 49	13
42 1	31
42 4	27
42 9	16
42 12	5
42 14	17
42 20	37
42 24	34
42 27	15
42 36	24
42 39	19
42 42	49
42 43	45
43 0	2
43 3	8
43 6	11
43 7	41
43 8	20
43 11	30
43 12	28
43 19	15
43 25	45
43 27	21
43 31	36
43 33	10
43 35	24
43 36	1
43 38	48
43 39	33
43 40	46
43 41	32
43 45	17
43 47	6
44 3	49
44 4	8
44 6	33
44 7	29
44 8	45
44 9	37
44 12	39
44 13	42
44 15	3
44 16	48
44 17	36
44 20	27
44 21	46
44 23	11
44 24	13
44 25	35
44 35	15
44 37	43
44 38	31
44 40	30
44 43	4
44 46	6
44 47	19
45 0	31
45 3	14
45 6	8
45 7	33
45 8	4
45 10	35
45 21	27
45 23	32
45 24	15
45 26	6
45 34	24
45 35	20
45 36	34
45 38	0
45 40	19
45 41	46
45 42	45
46 2	27
46 6	47
46 9	6
46 12	1
46 15	0
46 21	7
46 22	28
46 23	20
46 25	42
46 27	32
46 34	35
46 35	40
46 38	24
46 40	23
46 41	10
46 49	16
47 0	0
47 2	9
47 6	41
47 10	31
47 14	2
47 21	34
47 24	11
47 25	18
47 26	16
47 27	46
47 32	32
47 34	1
47 35	36
47 36	7
47 37	22
47 39	3
47 40	21
47 41	47
47 42	25
47 45	29
48 1	5
48 4	48
48 6	38
48 11	11
48 17	18
48 20	23
48 22	14
48 25	4
48 30	46
48 32	19
48 33	42
48 35	26
48 36	29
48 38	12
48 43	30
48 44	9
48 45	6
48 47	28
48 49	47
49 1	8
49 2	48
49 7	36
49 10	13
49 11	20
49 13	43
49 18	2
49 19	6
49 20	26
49 22	46
49 24	32
49 28	31
49 33	44
49 36	38
49 41	5
49 43	35
49 44	12
