50
0 0	9
0 1	37
0 2	38
0 3	15
0 4	29
0 7	22
0 8	26
0 10	27
0 11	21
0 13	17
0 14	33
0 18	44
0 19	32
0 21	19
0 23	3
0 24	4
0 27	34
0 29	28
0 31	46
0 32	20
0 33	35
0 36	5
0 39	6
0 43	11
0 45	12
0 46	7
0 47	39
0 48	25
0 49	40
1 1	33
1 3	27
1 11	45
1 12	5
1 13	30
1 14	49
1 16	3
1 18	24
1 19	18
1 20	9
1 21	36
1 22	17
1 27	39
1 28	25
1 29	21
1 31	48
1 33	43
1 34	47
1 39	32
1 45	6
1 46	8
1 48	34
2 1	17
2 2	15
2 3	1
2 4	47
2 5	20
2 7	38
2 8	21
2 9	0
2 13	32
2 17	36
2 18	12
2 21	31
2 25	13
2 26	9
2 28	27
2 30	45
2 31	28
2 32	30
2 33	46
2 34	3
2 36	33
2 37	6
2 38	39
2 48	11
3 1	15
3 2	23
3 3	44
3 4	30
3 12	4
3 13	33
3 19	28
3 21	2
3 24	18
3 25	14
3 26	11
3 27	37
3 28	1
3 29	12
3 31	39
3 32	7
3 35	29
3 36	43
3 37	41
3 38	48
3 40	9
3 42	16
3 45	3
3 46	17
3 48	21
4 0	45
4 1	0
4 3	42
4 4	1
4 6	7
4 7	39
4 9	27
4 11	43
4 12	34
4 19	29
4 20	11
4 22	22
4 24	26
4 30	47
4 32	41
4 33	20
4 35	8
4 38	32
4 39	38
4 41	6
4 44	44
4 45	16
4 46	46
4 48	35
4 49	10
5 4	23
5 6	19
5 7	15
5 9	35
5 10	10
5 11	49
5 12	24
5 14	45
5 15	28
5 18	33
5 19	14
5 20	29
5 24	25
5 26	26
5 30	32
5 31	1
5 32	3
5 34	39
5 35	16
5 36	42
5 38	13
5 40	40
5 41	46
5 43	22
5 45	30
5 48	27
6 0	21
6 1	29
6 2	42
6 7	30
6 9	19
6 10	6
6 12	8
6 13	0
6 16	22
6 17	11
6 18	36
6 22	34
6 23	46
6 27	12
6 29	48
6 30	44
6 32	47
6 35	24
6 36	20
6 39	13
6 42	18
6 43	23
6 45	7
6 48	32
6 49	41
7 3	4
7 4	46
7 5	43
7 6	49
7 8	10
7 9	28
7 10	23
7 14	5
7 19	20
7 20	33
7 23	1
7 26	12
7 27	45
7 28	16
7 30	35
7 32	2
7 33	9
7 35	27
7 36	29
7 38	6
7 40	25
7 41	48
7 42	38
7 43	18
7 45	8
7 46	24
7 48	17
8 1	28
8 3	39
8 4	31
8 8	2
8 9	12
8 12	26
8 13	35
8 16	25
8 17	24
8 20	42
8 21	45
8 24	38
8 25	30
8 26	7
8 28	14
8 30	46
8 32	13
8 35	40
8 37	11
8 39	4
8 40	10
8 42	36
8 43	27
8 46	49
8 49	16
9 0	32
9 3	23
9 5	4
9 7	8
9 9	36
9 10	9
9 11	46
9 12	3
9 14	27
9 15	43
9 19	44
9 21	5
9 24	13
9 25	39
9 27	35
9 28	49
9 29	40
9 30	42
9 31	37
9 32	17
9 34	41
9 36	45
9 38	22
9 43	6
9 46	0
9 48	2
9 49	21
10 0	8
10 1	32
10 2	9
10 4	0
10 9	29
10 14	2
10 16	48
10 18	20
10 19	23
10 20	3
10 21	10
10 22	18
10 24	39
10 25	4
10 26	35
10 27	25
10 28	44
10 30	6
10 32	34
10 33	5
10 35	11
10 36	19
10 39	27
10 40	24
10 41	41
10 43	49
10 45	37
10 47	38
11 0	22
11 2	34
11 11	5
11 12	14
11 13	27
11 14	7
11 16	41
11 18	48
11 19	1
11 24	45
11 26	43
11 29	18
11 30	9
11 32	4
11 34	24
11 37	19
11 45	47
11 47	29
12 0	48
12 1	2
12 9	24
12 10	39
12 12	28
12 13	38
12 15	35
12 19	0
12 20	19
12 22	15
12 23	11
12 28	8
12 32	25
12 33	40
12 34	20
12 35	6
12 36	9
12 37	43
12 38	14
12 39	22
12 40	4
12 42	45
12 43	26
12 45	49
12 46	13
12 47	44
13 4	44
13 5	26
13 8	5
13 9	21
13 12	19
13 13	24
13 14	28
13 16	17
13 18	27
13 21	22
13 23	15
13 26	30
13 27	33
13 29	25
13 31	47
13 33	34
13 34	1
13 35	0
13 39	31
13 40	35
13 42	40
13 44	37
13 45	45
13 46	16
14 5	36
14 6	21
14 7	37
14 8	35
14 10	8
14 11	34
14 12	47
14 14	0
14 15	19
14 17	9
14 25	27
14 27	2
14 30	23
14 31	26
14 36	25
14 37	48
14 39	3
14 40	16
14 41	45
14 47	28
14 48	29
15 3	6
15 4	24
15 6	9
15 7	2
15 9	5
15 10	32
15 13	26
15 14	20
15 15	37
15 16	33
15 17	30
15 21	7
15 22	3
15 23	38
15 26	45
15 27	19
15 28	28
15 30	4
15 32	49
15 35	1
15 40	42
15 41	17
15 43	14
15 44	43
15 45	31
15 49	46
16 3	18
16 6	35
16 7	34
16 10	44
16 11	29
16 13	40
16 16	14
16 17	25
16 18	4
16 19	10
16 20	20
16 21	28
16 22	16
16 23	7
16 25	6
16 30	43
16 31	32
16 32	37
16 35	49
16 36	41
16 38	3
16 40	1
16 44	27
16 45	17
16 46	22
16 49	13
17 1	43
17 3	37
17 4	32
17 6	18
17 7	44
17 10	30
17 13	34
17 15	38
17 18	26
17 20	16
17 22	6
17 24	29
17 26	20
17 28	10
17 31	19
17 35	12
17 38	8
17 40	7
17 41	42
17 42	46
17 43	15
17 44	14
17 45	36
18 0	11
18 2	32
18 3	10
18 5	1
18 7	33
18 9	25
18 11	0
18 14	34
18 15	36
18 18	16
18 23	22
18 24	21
18 25	18
18 27	23
18 28	13
18 30	17
18 31	6
18 33	15
18 34	7
18 39	37
18 40	46
18 43	9
18 44	41
18 45	28
18 46	38
18 47	47
18 49	39
19 0	27
19 2	28
19 5	13
19 6	38
19 7	18
19 8	8
19 9	39
19 10	21
19 14	30
19 15	31
19 16	43
19 17	15
19 18	42
19 19	25
19 20	41
19 21	24
19 23	49
19 30	40
19 32	5
19 35	10
19 37	0
19 38	1
19 41	16
19 42	6
19 43	29
19 46	34
19 47	12
19 49	9
20 7	43
20 9	4
20 10	11
20 11	12
20 20	38
20 21	48
20 22	29
20 25	36
20 26	3
20 30	26
20 37	8
20 38	9
20 41	22
20 42	13
20 43	20
20 47	42
20 48	0
21 2	8
21 3	43
21 5	32
21 6	31
21 10	15
21 13	42
21 15	13
21 17	40
21 19	21
21 20	2
21 22	23
21 26	39
21 29	4
21 32	14
21 33	18
21 35	3
21 38	10
21 39	17
21 40	28
21 42	5
21 44	33
21 46	35
22 0	24
22 1	8
22 2	6
22 5	27
22 6	32
22 7	10
22 8	14
22 9	48
22 10	45
22 11	4
22 12	25
22 13	49
22 14	31
22 15	16
22 17	47
22 19	26
22 22	19
22 23	5
22 25	21
22 28	15
22 29	41
22 31	40
22 32	9
22 34	35
22 37	29
22 38	46
22 41	0
22 42	7
22 43	43
22 44	34
22 48	37
22 49	28
23 0	42
23 1	41
23 3	26
23 6	25
23 9	10
23 11	15
23 14	36
23 18	30
23 19	33
23 20	17
23 25	40
23 27	47
23 29	34
23 30	11
23 33	12
23 35	45
23 36	13
23 39	5
23 40	37
23 41	20
23 44	49
23 45	4
23 48	16
23 49	18
24 1	20
24 7	35
24 10	37
24 11	44
24 12	46
24 16	32
24 17	6
24 18	31
24 19	39
24 21	3
24 23	23
24 24	49
24 25	9
24 26	16
24 27	22
24 28	24
24 29	1
24 30	34
24 32	43
24 33	47
24 39	12
24 40	14
24 41	5
24 43	28
24 44	40
24 49	27
25 2	19
25 3	13
25 4	10
25 6	45
25 8	22
25 10	17
25 11	11
25 19	42
25 20	35
25 21	20
25 22	8
25 23	33
25 25	7
25 26	0
25 28	43
25 29	30
25 32	46
25 33	25
25 34	2
25 35	36
25 36	39
25 39	21
25 41	1
25 45	14
25 46	37
25 47	48
25 48	41
26 0	15
26 3	22
26 5	24
26 6	20
26 8	44
26 9	46
26 19	19
26 21	11
26 23	6
26 26	47
26 27	28
26 29	27
26 30	33
26 31	38
26 32	40
26 35	48
26 36	37
26 37	39
26 40	29
26 42	0
26 43	32
26 44	9
26 49	3
27 2	29
27 3	24
27 4	2
27 7	42
27 8	28
27 9	49
27 11	17
27 14	40
27 15	3
27 16	8
27 17	33
27 18	22
27 19	27
27 21	0
27 23	4
27 24	16
27 25	37
27 26	38
27 28	19
27 30	41
27 31	13
27 34	44
27 35	35
27 37	31
27 42	10
27 47	34
28 0	49
28 1	24
28 3	40
28 4	33
28 6	14
28 7	46
28 8	4
28 9	32
28 10	1
28 11	31
28 12	13
28 17	19
28 18	34
28 21	30
28 28	47
28 30	22
28 32	42
28 33	36
28 35	5
28 37	3
28 39	0
28 40	23
28 41	28
28 44	17
28 45	21
28 46	9
28 48	39
29 0	5
29 3	19
29 5	28
29 7	9
29 9	7
29 14	43
29 15	21
29 16	45
29 17	34
29 22	26
29 24	41
29 25	12
29 29	42
29 32	44
29 38	38
29 45	48
29 47	2
30 4	22
30 6	10
30 8	31
30 10	4
30 11	9
30 14	39
30 16	16
30 17	14
30 21	6
30 25	44
30 26	33
30 27	24
30 35	17
30 36	7
30 43	42
30 44	3
30 45	40
30 47	26
30 49	23
31 0	14
31 2	3
31 3	30
31 4	28
31 7	27
31 8	37
31 9	6
31 10	2
31 12	40
31 13	23
31 15	26
31 16	29
31 17	42
31 18	43
31 20	1
31 21	46
31 24	22
31 26	5
31 27	31
31 28	7
31 29	35
31 34	17
31 35	44
31 38	19
31 41	15
31 43	41
31 46	18
31 48	33
31 49	32
32 0	47
32 2	18
32 3	45
32 4	6
32 5	16
32 6	1
32 7	41
32 8	13
32 9	9
32 10	26
32 11	35
32 12	42
32 14	12
32 15	40
32 16	28
32 17	4
32 18	25
32 19	11
32 20	36
32 23	17
32 24	10
32 26	2
32 28	22
32 30	21
32 31	43
32 34	14
32 38	24
32 39	29
32 40	5
32 41	19
32 42	23
32 44	31
32 49	44
33 0	2
33 2	24
33 3	48
33 5	9
33 9	13
33 12	17
33 14	14
33 15	33
33 17	39
33 18	45
33 19	5
33 22	42
33 23	43
33 24	8
33 27	4
33 28	41
33 29	15
33 32	10
33 34	27
33 35	26
33 41	38
33 45	34
33 46	30
33 49	7
34 1	27
34 2	43
34 6	48
34 7	24
34 8	42
34 9	22
34 10	14
34 11	32
34 13	8
34 16	13
34 17	37
34 19	6
34 22	39
34 23	41
34 24	35
34 25	20
34 26	10
34 27	0
34 30	38
34 33	31
34 36	11
34 37	33
34 39	46
34 40	47
34 42	3
34 47	49
35 1	5
35 2	31
35 5	7
35 8	1
35 9	42
35 10	25
35 11	38
35 13	22
35 14	44
35 15	39
35 17	18
35 21	17
35 22	32
35 24	3
35 26	28
35 28	48
35 30	14
35 31	41
35 34	13
35 35	37
35 36	47
35 37	20
35 38	34
35 44	8
35 49	6
36 0	38
36 1	23
36 2	14
36 6	33
36 7	19
36 8	32
36 9	45
36 10	28
36 11	48
36 13	18
36 14	37
36 16	10
36 18	8
36 21	4
36 23	29
36 25	31
36 27	26
36 28	2
36 29	16
36 31	21
36 32	11
36 33	3
36 35	9
36 36	44
36 37	46
36 40	13
36 41	12
36 44	6
36 47	43
36 48	49
36 49	1
37 0	31
37 3	20
37 5	17
37 7	28
37 12	38
37 15	24
37 18	41
37 20	12
37 22	4
37 23	35
37 24	1
37 25	42
37 26	8
37 28	33
37 29	19
37 32	39
37 33	29
37 34	11
37 36	10
37 38	45
37 39	34
37 44	16
37 45	25
37 46	48
37 47	30
37 48	6
38 2	21
38 5	10
38 10	40
38 12	31
38 15	47
38 16	24
38 17	1
38 21	35
38 24	5
38 25	2
38 27	17
38 30	48
38 31	0
38 33	41
38 34	12
38 35	20
38 38	44
38 43	16
38 46	43
38 48	8
38 49	26
39 4	8
39 5	44
39 6	22
39 7	20
39 8	24
39 11	16
39 12	1
39 15	9
39 17	32
39 19	12
39 22	5
39 24	23
39 25	28
39 28	26
39 31	49
39 34	6
39 35	15
39 38	0
39 39	45
39 42	37
39 43	13
39 46	40
39 47	7
40 2	11
40 4	34
40 5	3
40 7	21
40 8	20
40 9	31
40 10	47
40 11	30
40 14	18
40 16	35
40 18	14
40 19	17
40 25	22
40 27	48
40 28	46
40 29	9
40 30	7
40 32	12
40 34	4
40 36	2
40 39	40
40 41	27
40 42	25
40 44	36
40 45	23
41 0	28
41 2	35
41 5	29
41 6	3
41 12	15
41 13	43
41 19	16
41 20	25
41 24	9
41 28	6
41 34	37
41 36	31
41 37	2
41 38	12
41 39	24
41 42	44
41 44	20
41 47	14
42 0	33
42 1	44
42 6	4
42 8	38
42 10	41
42 11	24
42 14	42
42 15	48
42 16	47
42 18	19
42 19	34
42 20	5
42 21	25
42 22	12
42 24	15
42 26	32
42 32	26
42 34	36
42 35	39
42 36	8
42 37	35
42 41	21
42 42	27
42 43	17
42 44	23
42 49	22
43 4	14
43 5	31
43 6	5
43 9	8
43 10	0
43 12	49
43 14	41
43 15	30
43 16	34
43 20	28
43 22	45
43 24	42
43 26	17
43 27	7
43 28	37
43 30	36
43 32	32
43 33	27
43 36	6
43 38	26
43 40	19
43 42	22
43 43	33
43 45	46
44 0	0
44 1	31
44 2	46
44 3	9
44 8	34
44 11	7
44 12	43
44 15	32
44 17	45
44 18	6
44 19	15
44 23	2
44 25	26
44 27	44
44 30	39
44 32	8
44 33	42
44 34	38
44 42	48
44 43	21
44 44	13
44 49	35
45 2	45
45 4	37
45 5	22
45 6	8
45 9	33
45 10	7
45 11	28
45 16	36
45 18	40
45 19	9
45 22	21
45 23	19
45 24	17
45 25	1
45 26	48
45 27	13
45 34	32
45 35	46
45 38	49
45 40	27
45 41	34
45 42	15
45 43	44
45 44	18
45 45	20
45 46	42
45 47	4
46 0	1
46 1	49
46 3	36
46 5	48
46 7	31
46 13	4
46 14	29
46 16	5
46 19	37
46 21	26
46 22	46
46 23	45
46 25	41
46 27	42
46 28	12
46 30	15
46 31	24
46 32	0
46 33	22
46 34	9
46 37	25
46 39	43
46 41	13
46 42	39
46 44	30
46 45	19
46 48	28
47 0	40
47 1	4
47 2	37
47 3	5
47 5	49
47 7	26
47 9	30
47 10	13
47 11	42
47 12	44
47 14	24
47 22	14
47 26	21
47 27	1
47 28	34
47 30	18
47 33	28
47 34	33
47 35	25
47 36	48
47 38	23
47 39	8
47 41	3
47 42	17
47 44	2
47 47	15
48 0	29
48 2	40
48 6	27
48 7	36
48 10	31
48 11	10
48 12	20
48 15	45
48 16	19
48 18	28
48 19	24
48 20	4
48 21	33
48 22	49
48 23	12
48 26	23
48 27	46
48 28	5
48 29	39
48 30	13
48 34	16
48 35	41
48 37	26
48 39	1
48 41	2
48 42	9
48 43	25
48 46	15
48 47	37
49 0	34
49 3	25
49 4	35
49 5	11
49 8	43
49 9	16
49 10	48
49 13	47
49 14	46
49 15	1
49 16	39
49 21	13
49 22	36
49 26	29
49 28	31
49 29	8
49 30	30
49 32	6
49 34	26
49 36	3
49 37	40
49 40	41
49 41	10
49 43	4
49 45	24
49 46	14
