50
0 5	20
0 14	44
0 17	25
0 18	2
0 20	33
0 22	34
0 24	32
0 26	24
0 31	29
0 33	48
0 36	8
0 37	18
0 43	14
0 46	13
0 49	37
1 5	19
1 9	25
1 14	2
1 22	14
1 26	1
1 28	26
1 29	18
1 32	21
1 35	38
1 42	43
1 43	40
1 48	7
2 5	36
2 10	15
2 11	42
2 19	25
2 31	6
2 32	9
2 33	23
2 37	10
2 44	0
2 46	28
2 48	8
3 7	17
3 12	11
3 20	46
3 24	12
3 28	35
3 31	20
3 36	3
3 43	32
3 44	31
3 46	1
3 48	39
4 3	31
4 5	48
4 7	14
4 9	41
4 11	30
4 13	9
4 14	28
4 16	6
4 18	16
4 20	7
4 23	43
4 25	29
4 27	36
4 30	38
4 31	12
4 34	1
4 37	13
4 44	34
4 49	39
5 0	44
5 7	27
5 9	40
5 11	22
5 16	29
5 22	7
5 29	5
5 31	24
5 33	6
5 35	35
5 36	20
5 37	42
5 40	13
5 41	33
5 43	41
5 45	43
6 1	2
6 3	17
6 6	28
6 8	36
6 10	21
6 11	25
6 14	32
6 22	42
6 23	48
6 25	1
6 26	5
6 27	24
6 29	46
6 30	12
6 34	45
6 35	11
6 38	38
6 44	27
6 46	41
7 0	40
7 4	41
7 8	14
7 12	18
7 13	13
7 23	17
7 24	22
7 29	28
7 31	8
7 32	12
7 36	11
7 37	38
7 41	6
7 43	48
7 44	39
7 46	37
7 48	30
8 0	24
8 2	45
8 13	34
8 14	47
8 15	3
8 18	37
8 20	21
8 24	28
8 27	18
8 35	19
8 39	7
8 41	36
8 49	42
9 17	46
9 18	26
9 30	16
9 32	38
9 33	33
9 34	15
9 36	29
9 37	22
9 41	49
9 42	25
9 43	31
9 46	40
9 49	35
10 0	4
10 1	42
10 4	18
10 10	44
10 17	43
10 18	46
10 21	48
10 33	27
10 34	49
10 36	34
10 40	25
10 41	1
10 42	16
10 46	19
11 4	22
11 7	34
11 9	8
11 18	5
11 19	20
11 27	14
11 28	33
11 30	23
11 34	37
11 35	43
11 38	45
11 40	38
12 5	31
12 7	4
12 8	48
12 15	19
12 16	23
12 23	28
12 24	7
12 26	15
12 30	41
12 33	24
12 42	46
12 44	36
13 0	28
13 1	3
13 4	32
13 8	43
13 9	26
13 11	48
13 12	39
13 13	17
13 22	38
13 25	34
13 29	7
13 30	0
13 32	41
13 43	4
13 48	16
13 49	20
14 1	36
14 2	34
14 3	9
14 10	40
14 11	15
14 13	25
14 16	26
14 17	42
14 19	23
14 23	35
14 25	49
14 32	29
14 35	0
14 36	2
14 38	11
14 39	44
14 41	31
14 47	45
15 3	10
15 8	38
15 13	46
15 15	25
15 17	12
15 18	0
15 21	45
15 24	31
15 26	21
15 29	20
15 39	49
15 41	19
16 1	15
16 3	24
16 6	27
16 10	31
16 11	41
16 15	0
16 18	36
16 20	47
16 26	17
16 31	48
16 32	33
16 36	4
16 37	20
16 38	9
16 43	5
16 45	25
16 46	49
16 47	35
16 48	14
17 0	0
17 6	40
17 8	3
17 10	27
17 17	44
17 19	8
17 21	10
17 23	18
17 33	19
17 35	4
17 39	30
17 41	48
17 48	46
17 49	17
18 3	28
18 6	45
18 7	40
18 9	49
18 12	44
18 17	21
18 21	32
18 24	20
18 26	27
18 36	35
18 38	34
18 40	10
18 43	22
18 45	39
19 1	20
19 3	45
19 13	8
19 14	36
19 18	41
19 19	48
19 20	42
19 23	12
19 27	30
19 28	19
19 30	10
19 31	26
19 32	1
19 34	40
19 37	0
19 40	15
19 41	17
19 43	35
19 45	31
19 48	28
20 3	12
20 8	7
20 9	21
20 10	43
20 11	47
20 16	11
20 21	30
20 33	8
20 39	40
20 45	35
20 49	36
21 1	1
21 7	0
21 8	12
21 9	43
21 10	18
21 11	32
21 15	36
21 16	39
21 21	3
21 27	33
21 29	48
21 30	29
21 32	28
21 33	20
21 36	15
21 39	25
21 40	40
21 47	38
22 0	23
22 2	36
22 6	35
22 11	40
22 12	29
22 15	48
22 21	6
22 25	15
22 29	24
22 30	28
22 31	41
22 32	5
22 33	2
22 34	31
22 36	32
22 37	12
22 38	16
22 39	13
22 40	21
22 47	26
23 1	48
23 4	21
23 7	43
23 9	15
23 15	30
23 16	14
23 17	26
23 20	0
23 21	5
23 26	2
23 28	8
23 35	23
23 38	29
23 40	9
23 49	12
24 2	20
24 3	36
24 4	2
24 5	15
24 6	19
24 8	46
24 19	45
24 24	13
24 25	8
24 27	32
24 32	16
24 33	35
24 48	11
25 0	1
25 1	39
25 4	9
25 5	23
25 7	26
25 9	14
25 14	16
25 18	20
25 26	22
25 28	47
25 29	32
25 30	25
25 32	31
25 33	15
25 34	13
25 39	24
25 40	48
25 41	11
25 42	38
25 46	12
25 47	29
26 2	19
26 3	5
26 14	42
26 17	36
26 24	1
26 25	11
26 29	16
26 32	48
26 34	3
26 35	31
26 37	6
26 39	46
26 41	9
27 2	17
27 4	30
27 5	9
27 12	46
27 14	19
27 18	45
27 23	42
27 24	10
27 29	38
27 30	39
27 34	20
27 37	11
27 38	22
27 42	6
27 43	27
27 48	29
27 49	0
28 3	47
28 4	29
28 6	18
28 10	35
28 12	23
28 16	38
28 20	19
28 23	21
28 24	45
28 25	28
28 26	46
28 28	20
28 29	37
28 34	48
28 37	7
28 40	49
28 42	1
28 46	3
29 1	23
29 2	5
29 11	18
29 12	21
29 17	20
29 19	35
29 35	42
29 36	41
29 37	47
29 39	16
30 4	49
30 12	26
30 14	31
30 15	5
30 16	33
30 20	40
30 23	0
30 25	9
30 27	42
30 31	28
30 32	17
30 33	36
30 39	45
30 41	47
30 42	32
30 45	44
30 46	11
30 49	24
31 0	11
31 3	48
31 8	8
31 13	29
31 16	49
31 17	28
31 19	6
31 21	37
31 31	22
31 32	7
31 34	25
31 35	9
31 44	42
32 0	12
32 1	4
32 6	37
32 7	31
32 8	47
32 10	0
32 17	40
32 22	35
32 23	1
32 26	41
32 30	32
32 31	27
32 36	21
32 37	39
32 40	36
32 41	14
32 46	22
32 47	48
32 49	16
33 6	20
33 13	5
33 14	39
33 21	15
33 22	25
33 25	38
33 29	8
33 30	14
33 31	0
33 42	22
33 45	16
34 3	35
34 6	14
34 9	29
34 12	25
34 17	4
34 20	16
34 22	8
34 25	45
34 29	3
34 31	19
34 41	15
34 44	1
34 45	17
34 49	28
35 0	38
35 2	43
35 3	33
35 6	8
35 8	42
35 13	23
35 14	18
35 17	48
35 22	20
35 29	27
35 31	2
35 33	40
35 35	41
35 37	26
35 38	35
35 40	22
35 41	3
36 1	38
36 2	33
36 4	20
36 9	1
36 15	32
36 17	6
36 20	31
36 23	8
36 27	37
36 28	13
36 30	35
36 33	49
36 34	46
36 37	45
36 39	18
36 43	16
37 0	39
37 6	46
37 11	37
37 14	20
37 15	45
37 21	44
37 33	25
37 34	10
37 35	15
37 44	8
37 46	2
37 47	28
38 2	15
38 3	7
38 10	41
38 13	1
38 14	23
38 15	34
38 16	44
38 18	35
38 21	20
38 22	33
38 27	8
38 32	19
38 37	29
38 43	43
38 46	0
38 49	22
39 0	16
39 9	30
39 12	13
39 22	12
39 27	3
39 30	27
39 31	9
39 37	1
39 39	41
39 42	10
39 43	6
39 49	34
40 1	37
40 2	42
40 8	4
40 14	43
40 19	22
40 21	17
40 23	6
40 27	48
40 28	23
40 29	12
40 30	49
40 31	5
40 32	20
40 35	13
40 40	29
40 48	3
41 0	2
41 5	14
41 7	38
41 8	34
41 10	46
41 11	7
41 29	33
41 35	49
41 36	22
41 37	5
41 38	18
42 1	13
42 2	38
42 5	33
42 10	45
42 11	20
42 14	35
42 17	49
42 19	43
42 24	42
42 26	47
42 31	25
42 32	36
42 34	4
42 37	34
42 39	1
42 40	3
42 41	30
42 45	8
42 49	29
43 4	14
43 5	18
43 8	25
43 11	4
43 17	9
43 23	11
43 25	48
43 28	36
43 31	1
43 36	12
43 40	24
43 42	21
43 47	44
43 48	47
44 1	6
44 3	46
44 10	24
44 12	8
44 16	21
44 19	47
44 21	34
44 34	29
44 39	28
44 41	2
44 42	31
44 44	40
44 46	25
44 48	19
44 49	33
45 2	41
45 6	9
45 8	6
45 22	16
45 23	7
45 24	15
45 25	35
45 28	48
45 29	31
45 33	43
45 34	47
45 37	3
45 40	8
45 42	5
45 43	36
45 45	30
45 49	27
46 0	36
46 1	49
46 5	6
46 6	0
46 13	20
46 19	3
46 23	13
46 25	42
46 39	48
46 47	8
46 49	11
47 0	7
47 5	5
47 7	20
47 10	47
47 11	10
47 12	45
47 13	26
47 15	39
47 22	24
47 30	31
47 36	23
47 39	36
47 47	21
47 49	14
48 0	6
48 1	34
48 3	40
48 4	39
48 5	32
48 10	22
48 14	48
48 16	3
48 17	2
48 19	9
48 22	36
48 24	29
48 28	4
48 35	1
48 36	43
48 41	23
49 1	18
49 5	10
49 8	49
49 10	13
49 11	43
49 13	38
49 16	32
49 17	45
49 19	12
49 26	3
49 29	42
49 31	17
49 32	15
49 34	19
49 37	35
49 47	23
