50
0 3	0
0 6	48
0 7	44
0 8	1
0 12	23
0 13	37
0 18	14
0 20	43
0 21	38
0 22	21
0 27	15
0 29	8
0 31	34
0 37	28
0 40	47
0 41	20
0 44	41
0 46	31
0 47	40
0 49	22
1 1	19
1 4	21
1 5	16
1 6	38
1 10	35
1 13	43
1 16	27
1 17	18
1 18	37
1 20	25
1 23	15
1 30	47
1 32	45
1 34	4
1 35	5
1 37	2
1 38	44
1 42	36
1 43	20
1 45	14
1 46	30
1 47	28
1 48	8
2 0	42
2 1	22
2 2	7
2 4	35
2 8	8
2 9	15
2 12	48
2 13	10
2 15	49
2 16	2
2 19	11
2 23	37
2 24	45
2 25	3
2 26	25
2 29	41
2 30	24
2 41	4
2 44	40
2 45	26
2 46	34
2 48	47
2 49	27
3 0	38
3 3	49
3 12	3
3 14	17
3 15	30
3 17	9
3 18	28
3 20	37
3 21	19
3 23	47
3 25	11
3 28	35
3 29	6
3 30	20
3 31	24
3 32	26
3 34	7
3 36	33
3 43	29
3 45	25
3 47	14
4 2	8
4 6	41
4 19	43
4 24	40
4 26	30
4 27	31
4 30	35
4 31	39
4 32	47
4 35	4
4 39	15
4 45	29
4 49	45
5 0	37
5 1	8
5 9	25
5 10	20
5 11	10
5 12	34
5 14	19
5 15	41
5 16	12
5 18	31
5 19	26
5 20	16
5 21	1
5 23	24
5 24	13
5 25	23
5 27	17
5 28	14
5 30	15
5 33	21
5 37	36
5 40	40
5 42	28
5 44	35
5 45	18
5 46	22
5 48	45
6 4	30
6 6	37
6 9	4
6 10	9
6 12	43
6 13	14
6 16	31
6 20	6
6 21	27
6 23	1
6 25	45
6 27	23
6 29	34
6 34	36
6 40	32
6 41	21
6 43	33
6 46	40
6 47	2
7 6	43
7 7	13
7 12	4
7 13	1
7 14	20
7 15	28
7 17	38
7 18	44
7 22	45
7 23	19
7 26	16
7 27	22
7 32	49
7 35	2
7 39	21
7 40	5
7 41	0
7 43	12
7 47	24
8 1	43
8 4	33
8 5	42
8 6	6
8 7	26
8 10	49
8 15	35
8 17	46
8 19	38
8 21	15
8 24	17
8 26	3
8 27	10
8 29	13
8 31	25
8 32	7
8 35	21
8 36	45
8 37	22
8 39	28
8 40	0
8 44	37
8 45	34
8 46	47
8 47	29
9 2	37
9 6	44
9 8	46
9 9	6
9 10	10
9 11	7
9 12	42
9 18	4
9 19	48
9 20	15
9 21	13
9 23	3
9 24	38
9 27	16
9 28	31
9 30	41
9 34	34
9 40	8
9 41	28
9 45	40
9 48	43
10 1	41
10 4	6
10 5	4
10 8	48
10 10	8
10 11	24
10 12	47
10 18	11
10 21	21
10 25	12
10 29	38
10 31	20
10 32	22
10 35	44
10 37	34
10 40	15
10 42	10
10 44	45
10 47	3
10 48	29
10 49	36
11 0	1
11 1	37
11 3	20
11 7	30
11 10	13
11 16	45
11 18	40
11 19	15
11 23	25
11 26	31
11 32	41
11 34	29
11 35	39
11 37	23
11 39	0
11 40	38
11 41	48
11 42	17
11 44	44
11 45	21
11 48	3
11 49	12
12 0	30
12 3	29
12 5	28
12 6	35
12 12	40
12 14	41
12 15	33
12 16	3
12 18	34
12 21	32
12 22	44
12 23	6
12 26	46
12 30	7
12 31	8
12 32	31
12 34	12
12 36	18
12 38	16
12 40	13
12 43	0
12 44	39
12 48	1
13 5	30
13 6	27
13 7	47
13 8	31
13 11	22
13 12	5
13 19	3
13 24	18
13 25	40
13 26	15
13 28	29
13 32	11
13 34	6
13 35	37
13 38	19
13 39	38
13 42	8
13 45	35
13 47	42
13 49	32
14 2	13
14 3	27
14 4	24
14 5	31
14 9	21
14 11	0
14 12	38
14 15	26
14 16	20
14 19	6
14 24	42
14 26	43
14 28	12
14 29	3
14 30	46
14 38	37
14 41	16
14 42	39
14 44	30
14 45	19
15 1	2
15 2	9
15 3	34
15 4	20
15 6	13
15 7	41
15 8	35
15 10	42
15 11	25
15 12	1
15 13	22
15 14	11
15 17	29
15 18	6
15 20	14
15 21	45
15 23	28
15 26	12
15 27	32
15 38	0
15 39	24
15 40	26
15 41	5
15 45	31
15 46	8
15 48	15
15 49	10
16 0	7
16 2	45
16 4	12
16 5	3
16 6	0
16 7	49
16 9	29
16 13	30
16 15	5
16 22	47
16 24	19
16 25	39
16 27	6
16 28	26
16 29	4
16 35	48
16 36	42
16 37	31
16 42	15
16 43	24
16 45	33
16 46	41
16 49	9
17 2	19
17 3	22
17 5	40
17 6	31
17 7	14
17 10	1
17 11	45
17 12	12
17 13	0
17 22	29
17 23	17
17 24	33
17 26	32
17 28	42
17 33	48
17 34	41
17 35	23
17 36	11
17 40	28
17 41	30
17 44	25
17 48	49
18 1	28
18 4	29
18 5	43
18 8	11
18 9	18
18 15	42
18 17	17
18 19	9
18 20	30
18 22	3
18 24	15
18 25	16
18 27	41
18 30	32
18 32	6
18 37	40
18 42	37
18 49	35
19 6	11
19 8	24
19 11	2
19 12	18
19 13	39
19 14	45
19 15	13
19 16	19
19 19	16
19 21	6
19 24	14
19 29	36
19 30	9
19 34	0
19 38	21
19 41	33
19 46	12
19 47	35
20 3	42
20 5	41
20 6	16
20 11	9
20 12	30
20 13	28
20 14	4
20 20	36
20 22	38
20 26	14
20 27	11
20 28	45
20 34	22
20 38	33
20 39	37
20 42	44
20 43	31
20 44	17
20 47	0
21 5	18
21 8	25
21 10	28
21 14	39
21 15	20
21 19	7
21 24	44
21 25	26
21 27	3
21 28	8
21 30	0
21 34	5
21 49	41
22 3	8
22 5	2
22 11	3
22 12	44
22 13	21
22 15	23
22 18	17
22 19	37
22 20	24
22 23	18
22 28	41
22 30	42
22 38	11
22 41	13
22 45	43
22 46	25
22 48	38
23 3	38
23 4	9
23 6	4
23 10	25
23 11	46
23 12	45
23 16	33
23 18	3
23 22	35
23 23	0
23 26	29
23 30	44
23 34	10
23 35	6
23 39	19
23 41	7
23 44	16
23 47	12
23 49	28
24 0	46
24 1	35
24 3	45
24 7	12
24 8	14
24 11	37
24 16	6
24 20	13
24 21	10
24 22	32
24 23	44
24 27	29
24 28	16
24 30	18
24 31	9
24 34	23
24 36	1
24 39	31
24 41	11
24 43	40
24 45	38
24 46	49
25 0	8
25 5	10
25 9	49
25 12	21
25 16	0
25 18	25
25 20	45
25 23	9
25 24	5
25 25	28
25 31	6
25 33	19
25 35	22
25 38	30
25 39	32
25 40	48
25 43	3
25 48	16
26 2	21
26 4	19
26 12	46
26 14	48
26 25	18
26 26	9
26 27	8
26 32	1
26 35	45
26 39	7
26 41	36
26 45	2
26 48	42
27 0	26
27 1	40
27 6	28
27 7	43
27 10	32
27 11	4
27 17	19
27 19	25
27 24	49
27 26	22
27 28	20
27 30	1
27 31	14
27 36	44
27 41	34
27 42	41
27 46	33
28 0	22
28 2	34
28 4	4
28 6	14
28 7	27
28 10	29
28 12	33
28 14	5
28 21	42
28 22	41
28 27	36
28 28	2
28 31	47
28 33	44
28 34	37
28 36	9
28 37	49
28 39	40
28 43	11
28 44	18
28 46	23
29 1	31
29 8	45
29 14	37
29 18	29
29 19	28
29 22	26
29 26	5
29 27	39
29 28	9
29 30	21
29 35	41
29 39	49
29 40	42
29 41	18
29 44	46
29 47	36
29 49	44
30 0	32
30 7	21
30 9	20
30 10	12
30 11	39
30 13	17
30 14	6
30 15	16
30 18	35
30 20	0
30 21	3
30 22	11
30 25	1
30 28	48
30 29	42
30 30	31
30 34	47
30 35	38
30 38	28
30 41	41
30 43	9
30 45	36
30 46	10
30 47	23
31 1	16
31 3	37
31 4	41
31 6	32
31 8	10
31 9	48
31 12	17
31 21	31
31 23	7
31 25	6
31 26	2
31 27	9
31 31	42
31 33	15
31 34	30
31 36	28
31 38	18
31 40	33
31 41	44
31 48	40
32 0	39
32 1	33
32 2	11
32 4	43
32 5	44
32 6	10
32 8	0
32 9	17
32 12	16
32 13	6
32 14	35
32 16	37
32 20	26
32 25	48
32 27	2
32 36	21
32 37	24
32 38	4
32 44	38
32 45	23
32 47	8
33 0	47
33 4	42
33 8	16
33 9	46
33 13	9
33 18	48
33 23	8
33 24	39
33 26	41
33 27	49
33 28	3
33 29	18
33 32	29
33 35	7
33 37	44
33 40	30
33 43	1
33 47	21
34 0	10
34 1	32
34 3	24
34 4	46
34 7	15
34 8	33
34 9	41
34 10	37
34 12	26
34 14	22
34 15	36
34 16	49
34 19	19
34 20	34
34 21	12
34 26	7
34 29	47
34 30	29
34 32	5
34 36	25
34 41	2
34 44	13
35 2	3
35 4	48
35 5	25
35 6	1
35 12	6
35 13	29
35 14	46
35 15	39
35 20	41
35 22	0
35 25	4
35 29	5
35 30	27
35 31	32
35 32	40
35 33	16
35 35	12
35 38	15
35 43	30
35 44	9
35 47	26
35 49	38
36 0	25
36 1	45
36 5	1
36 10	23
36 11	38
36 12	11
36 13	5
36 14	31
36 15	2
36 17	6
36 18	19
36 19	30
36 21	43
36 23	10
36 28	7
36 30	48
36 36	47
36 37	12
36 39	26
36 41	24
36 45	27
37 0	3
37 3	30
37 5	37
37 6	47
37 13	33
37 16	43
37 19	17
37 22	1
37 25	49
37 28	40
37 29	39
37 33	9
37 34	45
37 36	41
37 37	6
37 38	48
37 39	20
37 41	27
37 43	5
37 45	28
37 48	14
37 49	21
38 6	22
38 14	24
38 16	13
38 18	26
38 21	18
38 22	16
38 32	44
38 34	25
38 45	45
38 46	29
38 48	20
39 1	20
39 4	18
39 6	7
39 7	32
39 15	4
39 16	38
39 19	0
39 21	26
39 22	2
39 23	39
39 24	30
39 26	47
39 27	35
39 29	33
39 34	15
39 35	1
39 37	21
39 38	22
39 39	41
39 40	27
39 45	5
39 46	9
39 47	37
39 49	16
40 0	4
40 1	9
40 2	32
40 3	23
40 4	39
40 8	36
40 9	19
40 10	30
40 11	34
40 12	14
40 13	41
40 18	15
40 20	17
40 22	31
40 25	43
40 26	21
40 28	24
40 30	10
40 31	28
40 34	16
40 35	25
40 39	33
40 40	35
40 44	47
41 4	47
41 13	32
41 15	12
41 19	8
41 25	20
41 26	39
41 27	0
41 33	3
41 35	13
41 36	48
41 37	5
41 39	44
41 40	29
41 46	21
41 47	34
41 48	18
42 0	11
42 6	3
42 8	28
42 10	27
42 12	31
42 14	30
42 15	29
42 17	16
42 19	20
42 24	34
42 25	25
42 27	5
42 28	23
42 35	8
42 36	19
42 38	2
42 40	37
42 42	43
42 43	49
42 44	32
42 45	42
42 46	0
42 49	33
43 0	29
43 6	18
43 8	19
43 9	26
43 19	27
43 22	20
43 24	37
43 26	36
43 29	15
43 31	3
43 32	9
43 34	44
43 39	17
43 41	6
43 43	28
43 44	10
43 47	30
43 48	48
43 49	24
44 0	15
44 3	40
44 4	49
44 6	34
44 8	29
44 19	23
44 22	30
44 23	48
44 24	1
44 31	4
44 32	0
44 35	10
44 36	36
44 40	41
44 45	16
44 46	6
45 3	25
45 5	8
45 7	35
45 8	4
45 10	3
45 12	32
45 14	34
45 15	11
45 16	9
45 18	5
45 21	37
45 27	13
45 33	24
45 34	40
45 38	31
45 42	48
45 43	2
45 44	23
45 45	6
45 49	29
46 0	43
46 2	18
46 3	44
46 6	17
46 8	37
46 9	1
46 15	46
46 18	42
46 19	24
46 22	4
46 28	34
46 34	8
46 37	20
46 39	39
46 43	7
47 2	24
47 3	16
47 6	36
47 7	0
47 8	2
47 10	5
47 12	15
47 16	11
47 19	18
47 22	7
47 24	6
47 26	13
47 30	40
47 34	43
47 40	3
47 41	31
47 43	26
47 46	37
47 49	34
48 2	28
48 5	11
48 8	22
48 9	30
48 11	49
48 12	10
48 14	26
48 15	15
48 19	33
48 20	3
48 28	6
48 31	2
48 32	34
48 33	41
48 34	38
48 37	16
48 38	29
48 40	20
48 41	9
48 45	47
48 47	7
48 48	25
49 2	6
49 4	5
49 6	15
49 7	11
49 13	34
49 14	38
49 15	37
49 22	33
49 24	25
49 26	48
49 27	42
49 28	0
49 29	24
49 30	19
49 32	35
49 34	17
49 37	39
49 42	22
49 43	14
49 44	28
