50
0 0	14
0 3	33
0 4	23
0 5	12
0 6	0
0 7	19
0 8	43
0 9	21
0 10	35
0 13	15
0 15	30
0 16	29
0 17	47
0 18	49
0 20	44
0 21	5
0 22	1
0 23	40
0 24	48
0 25	9
0 26	25
0 27	32
0 29	10
0 30	7
0 31	38
0 32	6
0 33	31
0 34	37
0 35	45
0 36	27
0 37	24
0 38	39
0 39	13
0 40	11
0 42	22
0 43	18
0 44	28
0 45	26
0 46	8
0 49	34
1 0	22
1 1	21
1 2	44
1 3	11
1 5	38
1 10	39
1 12	10
1 13	43
1 15	20
1 16	3
1 18	19
1 21	9
1 22	17
1 23	34
1 25	23
1 26	8
1 27	40
1 30	49
1 31	12
1 32	5
1 33	33
1 34	7
1 35	29
1 36	26
1 37	13
1 38	25
1 40	18
1 41	32
1 42	24
1 44	2
1 46	30
1 48	6
1 49	47
2 0	6
2 4	31
2 5	19
2 7	8
2 8	30
2 9	32
2 10	29
2 11	17
2 12	45
2 14	10
2 16	4
2 17	44
2 18	41
2 20	11
2 21	20
2 24	23
2 26	16
2 27	9
2 28	24
2 29	34
2 30	1
2 32	22
2 33	3
2 34	2
2 36	0
2 40	7
2 41	40
2 44	14
2 47	47
2 48	33
3 0	16
3 1	24
3 2	30
3 3	19
3 4	10
3 5	26
3 6	36
3 7	34
3 8	7
3 9	8
3 11	5
3 13	9
3 14	15
3 17	0
3 18	3
3 19	18
3 21	48
3 22	46
3 23	22
3 24	37
3 25	35
3 27	44
3 28	12
3 29	11
3 31	27
3 32	21
3 34	25
3 36	47
3 37	17
3 38	49
3 40	38
3 42	20
3 43	42
3 45	2
3 46	28
3 47	40
4 0	49
4 2	37
4 3	2
4 4	9
4 5	36
4 7	40
4 9	46
4 10	24
4 11	4
4 12	11
4 13	31
4 17	14
4 19	3
4 21	12
4 22	22
4 23	5
4 24	39
4 26	44
4 27	41
4 28	7
4 29	38
4 30	15
4 31	16
4 32	1
4 33	29
4 34	17
4 39	20
4 41	43
4 42	0
4 45	45
4 46	6
4 47	27
4 48	47
4 49	48
5 0	10
5 2	9
5 3	42
5 4	26
5 5	20
5 6	24
5 7	3
5 8	8
5 9	40
5 10	19
5 12	23
5 13	39
5 15	34
5 16	48
5 19	33
5 20	15
5 21	29
5 23	30
5 24	25
5 25	43
5 30	13
5 31	0
5 32	16
5 33	47
5 34	44
5 36	45
5 38	6
5 39	37
5 41	2
5 42	41
5 44	11
5 45	14
5 47	46
5 49	5
6 0	48
6 1	38
6 4	24
6 5	44
6 8	34
6 9	15
6 11	43
6 12	8
6 14	32
6 15	3
6 16	35
6 21	49
6 22	25
6 23	19
6 24	10
6 27	42
6 28	39
6 29	47
6 30	46
6 31	22
6 32	13
6 33	2
6 34	6
6 35	26
6 37	5
6 38	9
6 40	21
6 42	29
6 43	0
6 44	27
6 45	12
6 46	45
6 47	7
6 48	18
7 1	30
7 5	24
7 7	4
7 9	34
7 10	41
7 11	15
7 12	6
7 13	21
7 14	44
7 15	18
7 16	46
7 17	31
7 18	14
7 19	43
7 21	42
7 22	39
7 23	27
7 24	40
7 25	48
7 27	5
7 28	26
7 30	12
7 35	47
7 38	13
7 39	49
7 40	25
7 43	29
7 44	23
7 46	10
8 0	26
8 1	47
8 2	20
8 3	12
8 5	8
8 6	49
8 7	22
8 9	6
8 10	34
8 12	44
8 13	33
8 14	24
8 15	35
8 16	7
8 18	25
8 20	3
8 21	1
8 23	15
8 26	13
8 28	40
8 29	37
8 30	43
8 31	36
8 32	4
8 34	41
8 36	38
8 37	10
8 38	46
8 39	11
8 41	31
8 42	32
8 44	30
8 45	27
8 46	16
8 47	2
8 48	42
8 49	18
9 0	31
9 1	45
9 3	14
9 4	28
9 7	10
9 8	49
9 10	11
9 11	44
9 12	21
9 14	42
9 17	26
9 19	5
9 23	38
9 24	12
9 25	40
9 26	41
9 27	20
9 28	48
9 29	46
9 30	9
9 31	13
9 32	18
9 34	4
9 35	32
9 37	7
9 38	23
9 39	1
9 40	29
9 43	30
9 45	33
9 47	15
9 49	0
10 1	23
10 3	22
10 4	0
10 5	9
10 6	41
10 7	46
10 8	47
10 9	43
10 10	28
10 11	31
10 13	4
10 14	17
10 15	42
10 16	19
10 18	2
10 20	6
10 21	40
10 22	24
10 23	18
10 24	30
10 26	37
10 27	8
10 28	21
10 29	44
10 30	10
10 31	29
10 32	38
10 33	48
10 34	27
10 35	25
10 36	32
10 38	20
10 40	16
10 41	15
10 42	34
10 43	39
10 45	49
10 46	14
10 48	35
10 49	13
11 0	23
11 1	15
11 2	11
11 4	7
11 5	18
11 6	17
11 7	39
11 9	20
11 12	13
11 13	46
11 14	37
11 15	38
11 16	14
11 17	10
11 18	4
11 19	41
11 21	16
11 22	29
11 23	25
11 24	36
11 25	2
11 26	9
11 27	47
11 28	33
11 29	12
11 30	45
11 31	8
11 32	49
11 36	24
11 37	42
11 41	44
11 42	19
11 43	1
11 44	32
11 45	34
11 47	6
11 48	28
11 49	21
12 0	38
12 1	5
12 2	4
12 3	8
12 4	30
12 6	37
12 8	33
12 9	39
12 10	36
12 11	1
12 12	17
12 13	25
12 14	45
12 15	21
12 16	23
12 17	42
12 18	0
12 21	7
12 22	9
12 23	24
12 24	14
12 26	10
12 27	16
12 28	43
12 29	26
12 30	41
12 31	40
12 32	46
12 36	20
12 37	31
12 38	11
12 39	2
12 40	3
12 41	34
12 42	12
12 43	6
12 45	32
12 48	22
12 49	35
13 0	35
13 1	25
13 2	41
13 4	49
13 5	3
13 6	19
13 7	26
13 8	42
13 9	2
13 10	6
13 12	20
13 13	47
13 14	4
13 15	7
13 17	17
13 18	12
13 21	43
13 22	33
13 23	8
13 24	22
13 25	13
13 26	0
13 27	45
13 29	28
13 30	38
13 31	14
13 32	40
13 33	30
13 34	23
13 35	11
13 37	39
13 38	24
13 39	27
13 40	46
13 41	1
13 42	15
13 44	5
13 45	44
13 46	21
13 47	31
13 48	10
14 1	33
14 2	40
14 3	17
14 4	1
14 5	49
14 9	5
14 10	32
14 11	48
14 13	41
14 14	3
14 15	29
14 16	27
14 17	9
14 19	8
14 20	36
14 22	43
14 23	44
14 24	42
14 26	30
14 27	15
14 28	20
14 29	2
14 30	37
14 34	22
14 35	34
14 36	19
14 38	10
14 39	24
14 40	39
14 42	45
14 43	28
14 46	12
14 47	4
14 48	14
14 49	16
15 0	30
15 1	42
15 2	25
15 4	35
15 5	11
15 6	34
15 9	27
15 10	17
15 11	22
15 12	48
15 13	7
15 14	31
15 15	0
15 16	40
15 18	16
15 19	1
15 20	28
15 21	14
15 24	21
15 25	45
15 26	32
15 27	18
15 28	5
15 29	41
15 30	23
15 31	37
15 32	29
15 33	46
15 34	39
15 35	9
15 36	10
15 37	4
15 38	15
15 40	33
15 41	24
15 42	3
15 43	49
15 44	12
15 46	19
15 47	13
16 0	15
16 3	24
16 5	0
16 6	3
16 7	37
16 8	4
16 9	47
16 10	26
16 12	27
16 14	12
16 18	7
16 19	48
16 20	14
16 21	10
16 22	20
16 23	35
16 24	17
16 25	18
16 27	30
16 28	22
16 29	32
16 30	5
16 31	21
16 32	9
16 33	1
16 34	46
16 36	13
16 37	8
16 38	16
16 39	31
16 40	28
16 41	36
16 42	44
16 44	25
16 46	11
16 47	49
16 48	23
16 49	2
17 0	46
17 1	39
17 4	29
17 5	34
17 6	4
17 8	16
17 9	38
17 10	40
17 11	21
17 12	25
17 13	13
17 14	14
17 15	37
17 16	0
17 18	24
17 21	32
17 24	9
17 28	8
17 31	18
17 32	45
17 33	27
17 34	3
17 35	5
17 38	47
17 40	42
17 41	6
17 42	10
17 43	15
17 44	44
17 45	19
17 46	26
17 47	17
17 49	22
18 1	11
18 2	23
18 3	27
18 5	41
18 6	7
18 7	45
18 9	31
18 10	2
18 11	8
18 12	40
18 13	20
18 15	46
18 16	30
18 17	29
18 18	22
18 19	49
18 20	35
18 22	44
18 23	17
18 25	3
18 26	5
18 27	19
18 29	39
18 30	14
18 32	24
18 33	34
18 34	16
18 35	12
18 36	33
18 37	6
18 39	18
18 41	21
18 42	38
18 47	43
18 49	37
19 1	2
19 2	13
19 3	41
19 4	42
19 5	30
19 7	17
19 9	19
19 10	7
19 11	46
19 13	12
19 14	18
19 16	44
19 17	43
19 18	23
19 19	6
19 21	34
19 22	40
19 23	21
19 24	45
19 25	11
19 27	29
19 28	28
19 29	9
19 30	24
19 34	1
19 36	8
19 37	27
19 39	35
19 40	31
19 41	22
19 42	33
19 43	10
19 44	38
19 46	4
19 47	37
19 48	26
19 49	14
20 1	20
20 2	22
20 3	34
20 5	15
20 6	1
20 8	21
20 9	23
20 10	45
20 11	18
20 13	26
20 15	11
20 16	25
20 17	40
20 18	13
20 20	24
20 21	2
20 22	30
20 25	12
20 27	35
20 28	6
20 29	27
20 30	32
20 31	17
20 32	43
20 33	36
20 34	19
20 35	10
20 45	46
20 46	0
20 47	16
20 48	48
20 49	31
21 0	33
21 1	46
21 2	3
21 3	25
21 4	4
21 6	2
21 7	16
21 9	36
21 11	37
21 12	19
21 13	30
21 14	22
21 16	13
21 18	34
21 20	12
21 21	41
21 22	48
21 23	26
21 24	8
21 26	6
21 27	24
21 30	40
21 32	7
21 37	49
21 38	35
21 41	11
21 42	28
21 43	47
21 44	15
21 46	44
21 47	21
21 48	32
22 1	14
22 2	5
22 3	36
22 4	18
22 5	22
22 6	10
22 7	35
22 8	0
22 9	13
22 10	1
22 11	30
22 12	3
22 13	37
22 14	16
22 15	49
22 16	47
22 17	15
22 18	21
22 21	46
22 23	28
22 25	24
22 27	11
22 29	7
22 30	34
22 31	6
22 32	23
22 33	4
22 34	45
22 35	20
22 36	39
22 38	17
22 41	29
22 42	27
22 44	41
22 45	48
22 46	9
22 47	25
22 48	40
22 49	42
23 0	21
23 2	29
23 3	37
23 5	1
23 7	44
23 8	38
23 9	26
23 12	15
23 13	3
23 16	31
23 18	30
23 20	5
23 21	27
23 22	14
23 24	13
23 26	4
23 27	2
23 28	16
23 30	42
23 31	10
23 33	20
23 34	32
23 35	43
23 36	22
23 37	47
23 41	8
23 42	49
23 44	19
23 49	11
24 0	40
24 1	3
24 2	48
24 4	16
24 6	13
24 8	44
24 10	27
24 12	36
24 15	33
24 17	23
24 18	47
24 20	30
24 22	8
24 24	35
24 25	49
24 27	4
24 29	17
24 30	21
24 31	2
24 32	31
24 34	10
24 35	24
24 37	28
24 39	15
24 41	0
24 42	18
24 44	42
24 47	34
24 48	12
24 49	7
25 1	18
25 2	33
25 3	10
25 4	47
25 5	25
25 6	32
25 7	13
25 8	40
25 10	12
25 11	16
25 13	23
25 14	48
25 16	11
25 18	42
25 19	21
25 20	19
25 21	38
25 22	7
25 25	22
25 28	37
25 29	29
25 30	26
25 31	43
25 33	9
25 34	14
25 36	44
25 37	20
25 38	45
25 39	46
25 42	1
25 43	3
25 44	36
25 45	30
25 46	34
25 47	8
25 48	4
25 49	17
26 0	44
26 2	2
26 3	40
26 4	38
26 6	39
26 7	0
26 8	45
26 10	25
26 11	47
26 12	42
26 13	1
26 14	46
26 17	24
26 19	34
26 20	18
26 21	30
26 24	16
26 25	21
26 26	22
26 27	26
26 29	4
26 30	19
26 32	28
26 33	32
26 36	23
26 38	33
26 39	29
26 41	37
26 42	48
26 44	43
26 45	17
26 46	36
26 48	27
27 0	13
27 1	27
27 2	35
27 3	23
27 6	9
27 7	29
27 8	19
27 9	44
27 10	47
27 13	28
27 14	25
27 15	8
27 16	39
27 17	46
27 18	18
27 19	15
27 22	12
27 23	48
27 24	3
27 25	0
27 26	1
27 29	6
27 30	4
27 31	33
27 34	20
27 35	14
27 38	34
27 39	17
27 40	40
27 41	26
27 42	42
27 43	43
27 44	16
27 45	36
27 46	37
27 47	38
27 49	10
28 0	39
28 1	0
28 2	24
28 3	5
28 4	8
28 5	23
28 6	16
28 7	48
28 8	36
28 9	28
28 10	44
28 11	35
28 14	41
28 15	13
28 16	37
28 17	38
28 18	40
28 19	7
28 20	1
28 21	22
28 22	47
28 23	11
28 24	27
28 25	6
28 26	15
28 27	33
28 28	45
28 29	3
28 30	31
28 33	10
28 34	9
28 36	49
28 37	34
28 38	43
28 39	30
28 40	12
28 41	20
28 42	2
28 43	26
28 44	4
28 45	25
28 48	17
28 49	19
29 0	3
29 1	19
29 2	34
29 3	47
29 4	45
29 6	5
29 7	18
29 9	41
29 10	4
29 11	32
29 13	14
29 16	2
29 17	11
29 19	13
29 20	42
29 21	15
29 22	10
29 24	20
29 26	26
29 29	35
29 30	6
29 32	0
29 36	17
29 37	16
29 39	43
29 40	1
29 42	36
29 43	40
29 44	22
29 45	29
29 46	23
29 47	44
29 48	38
30 1	1
30 2	49
30 6	29
30 7	28
30 8	10
30 9	4
30 11	24
30 14	6
30 15	25
30 16	34
30 17	41
30 18	45
30 21	37
30 22	31
30 23	12
30 24	43
30 25	39
30 26	18
30 28	44
30 30	47
30 31	11
30 33	38
30 36	9
30 37	21
30 39	22
30 40	23
30 41	27
30 42	13
30 47	19
30 48	30
30 49	8
31 1	29
31 3	4
31 4	43
31 5	2
31 6	46
31 7	27
31 9	33
31 10	22
31 16	1
31 17	34
31 18	44
31 20	21
31 21	24
31 22	3
31 24	19
31 26	7
31 27	23
31 28	0
31 29	42
31 30	36
31 31	20
31 33	28
31 34	48
31 37	25
31 39	39
31 40	17
31 41	30
31 42	5
31 44	6
31 45	41
31 47	12
31 49	38
32 1	43
32 4	12
32 6	11
32 7	7
32 8	28
32 9	10
32 11	3
32 12	34
32 15	22
32 16	26
32 17	5
32 19	14
32 20	4
32 23	16
32 24	41
32 25	29
32 29	0
32 31	46
32 32	44
32 33	8
32 34	21
32 37	1
32 39	32
32 44	47
32 45	20
32 47	36
32 49	25
33 0	27
33 1	40
33 3	29
33 4	19
33 5	48
33 7	36
33 8	24
33 10	38
33 11	45
33 12	12
33 13	34
33 14	49
33 15	44
33 16	6
33 19	47
33 23	0
33 24	28
33 25	42
33 26	3
33 27	10
33 28	17
33 30	33
33 31	25
33 32	39
33 34	30
33 35	1
33 37	43
33 38	26
33 39	8
33 40	13
33 41	9
33 42	7
33 45	11
33 46	35
33 47	5
33 48	2
33 49	41
34 0	17
34 2	7
34 3	3
34 6	48
34 7	23
34 8	22
34 9	25
34 10	43
34 11	28
34 12	9
34 14	30
34 15	4
34 16	10
34 19	26
34 21	13
34 22	18
34 24	1
34 26	21
34 27	37
34 30	35
34 31	45
34 32	20
34 33	42
34 34	38
34 35	16
34 36	11
34 38	2
34 40	6
34 41	19
34 42	40
34 43	36
34 44	49
34 45	47
34 46	33
34 48	44
34 49	15
35 0	42
35 2	38
35 3	30
35 5	32
35 6	43
35 7	24
35 8	27
35 10	49
35 11	13
35 12	0
35 14	5
35 15	40
35 16	21
35 17	7
35 20	25
35 21	45
35 22	28
35 23	14
35 24	2
35 26	23
35 27	46
35 28	1
35 30	8
35 31	15
35 32	12
35 33	19
35 35	44
35 38	29
35 39	47
35 40	4
35 42	17
35 43	31
35 44	3
35 45	35
35 46	20
35 47	41
35 48	9
36 2	26
36 3	1
36 4	22
36 5	45
36 6	18
36 7	20
36 8	14
36 10	16
36 11	49
36 12	46
36 15	48
36 16	17
36 18	6
36 20	10
36 21	44
36 22	5
36 23	33
36 24	31
36 26	40
36 27	43
36 28	19
36 30	25
36 31	35
36 34	15
36 37	11
36 38	27
36 40	24
36 42	21
36 43	34
36 44	8
36 45	23
36 48	7
36 49	3
37 2	39
37 3	16
37 4	3
37 5	29
37 6	14
37 7	5
37 13	35
37 14	7
37 16	32
37 19	0
37 20	38
37 21	11
37 22	41
37 24	49
37 25	27
37 27	28
37 28	9
37 29	25
37 30	17
37 31	31
37 32	42
37 33	26
37 34	34
37 35	2
37 37	48
37 39	21
37 40	44
37 41	18
37 42	30
37 43	24
37 45	40
37 47	23
37 48	19
37 49	45
38 0	24
38 1	37
38 3	28
38 4	46
38 6	31
38 7	42
38 9	45
38 10	5
38 12	41
38 16	33
38 17	25
38 18	20
38 19	27
38 22	36
38 23	2
38 24	4
38 25	32
38 26	11
38 27	17
38 28	15
38 30	18
38 32	3
38 33	12
38 34	0
38 35	40
38 36	30
38 37	35
38 38	38
38 39	34
38 40	22
38 42	14
38 43	7
38 44	9
38 45	8
38 46	39
38 47	10
39 0	36
39 1	17
39 2	45
39 3	46
39 5	7
39 6	26
39 8	12
39 9	37
39 12	39
39 13	44
39 14	21
39 16	38
39 17	13
39 18	1
39 19	19
39 20	33
39 23	23
39 25	5
39 26	35
39 29	49
39 31	47
39 32	32
39 33	25
39 34	8
39 35	15
39 36	18
39 39	4
39 40	41
39 41	28
39 44	31
39 45	22
39 47	30
39 48	16
39 49	40
40 1	48
40 2	16
40 3	39
40 5	42
40 6	44
40 7	1
40 8	41
40 9	29
40 11	7
40 12	43
40 13	45
40 14	8
40 16	20
40 18	26
40 19	46
40 22	27
40 23	6
40 24	0
40 25	38
40 26	14
40 28	47
40 30	30
40 31	19
40 32	17
40 33	15
40 34	28
40 35	33
40 37	36
40 38	32
40 39	5
40 40	35
40 41	23
40 42	11
40 43	9
40 45	10
40 46	31
40 47	18
40 48	49
41 1	22
41 2	32
41 3	15
41 4	48
41 5	31
41 7	25
41 10	46
41 11	19
41 12	33
41 14	28
41 15	12
41 17	49
41 19	39
41 20	20
41 21	0
41 22	21
41 23	47
41 24	34
41 25	10
41 26	45
41 27	6
41 28	23
41 29	30
41 30	2
41 31	3
41 33	17
41 34	24
41 39	44
41 40	14
41 41	35
41 42	16
41 44	7
41 45	18
41 47	26
41 48	43
42 0	29
42 1	16
42 2	27
42 4	6
42 5	43
42 6	35
42 7	38
42 9	24
42 10	8
42 12	30
42 15	23
42 17	12
42 19	11
42 21	28
42 23	45
42 26	39
42 27	13
42 28	34
42 29	19
42 30	22
42 31	4
42 32	36
42 33	44
42 36	40
42 37	33
42 38	14
42 39	26
42 40	37
42 42	47
42 43	46
42 45	21
42 46	41
42 47	0
42 49	32
43 0	8
43 1	35
43 2	28
43 5	10
43 6	12
43 7	32
43 8	29
43 9	42
43 10	37
43 11	14
43 13	40
43 14	33
43 15	5
43 16	18
43 17	19
43 20	26
43 21	6
43 23	3
43 25	20
43 26	49
43 27	25
43 28	36
43 30	39
43 32	41
43 33	45
43 35	0
43 37	30
43 38	7
43 39	9
43 40	27
43 42	4
43 45	43
43 46	1
43 48	15
43 49	44
44 0	7
44 1	9
44 2	15
44 3	21
44 6	30
44 7	11
44 9	17
44 10	31
44 11	23
44 12	38
44 14	0
44 15	43
44 16	12
44 18	29
44 20	39
44 23	13
44 25	46
44 26	48
44 27	34
44 28	49
44 29	5
44 33	22
44 34	47
44 36	3
44 37	19
44 38	44
44 39	14
44 40	20
44 41	45
44 42	25
44 43	41
44 44	37
44 45	42
44 46	40
44 48	1
44 49	27
45 0	45
45 1	49
45 3	0
45 5	28
45 6	15
45 7	31
45 9	18
45 10	20
45 12	24
45 13	10
45 14	9
45 15	41
45 16	5
45 17	37
45 18	8
45 19	36
45 20	46
45 21	19
45 22	13
45 23	29
45 24	38
45 29	14
45 32	33
45 33	40
45 35	22
45 39	23
45 40	43
45 41	12
45 42	39
45 45	3
45 46	27
45 47	48
45 48	34
45 49	4
46 1	12
46 3	9
46 4	44
46 5	4
46 6	33
46 9	35
46 10	21
46 11	25
46 12	1
46 14	40
46 15	26
46 16	36
46 17	20
46 19	16
46 20	49
46 22	37
46 24	18
46 25	15
46 26	24
46 28	14
46 30	48
46 32	27
46 33	7
46 36	34
46 38	3
46 39	6
46 40	19
46 41	47
46 43	2
46 44	17
46 45	13
46 46	29
46 48	41
47 0	4
47 1	44
47 2	21
47 3	45
47 4	40
47 5	39
47 6	6
47 7	9
47 8	48
47 9	30
47 11	2
47 12	37
47 14	34
47 15	27
47 16	15
47 17	28
47 19	35
47 20	22
47 21	33
47 23	32
47 24	11
47 26	42
47 27	38
47 28	25
47 29	36
47 30	3
47 32	19
47 33	14
47 34	43
47 35	41
47 37	18
47 38	8
47 40	47
47 42	46
47 43	13
47 46	5
47 47	1
47 49	49
48 1	31
48 3	6
48 4	13
48 5	16
48 7	21
48 8	2
48 10	15
48 11	20
48 12	29
48 15	17
48 16	28
48 17	3
48 18	43
48 19	37
48 20	45
48 21	25
48 22	49
48 23	42
48 24	44
48 25	47
48 28	27
48 30	0
48 31	1
48 33	23
48 34	12
48 35	8
48 36	7
48 37	9
48 38	30
48 39	19
48 40	36
48 41	46
48 42	35
48 48	5
48 49	26
49 0	28
49 1	32
49 3	35
49 4	37
49 5	14
49 6	8
49 10	10
49 11	36
49 12	47
49 13	19
49 15	9
49 16	43
49 17	45
49 19	22
49 21	17
49 22	42
49 23	46
49 24	6
49 25	44
49 26	29
49 28	13
49 29	40
49 31	26
49 32	34
49 33	41
49 34	49
49 35	4
49 36	15
49 37	3
49 40	2
49 41	5
49 42	31
49 45	7
49 48	39
49 49	30
