50
0 0	22
0 1	11
0 2	28
0 4	9
0 7	36
0 8	20
0 9	32
0 11	18
0 12	39
0 13	7
0 14	31
0 16	12
0 19	37
0 20	41
0 21	33
0 22	38
0 25	6
0 26	5
0 27	23
0 28	46
0 29	24
0 30	26
0 31	34
0 32	3
0 34	0
0 35	1
0 36	13
0 37	2
0 38	35
0 39	45
0 40	49
0 41	19
0 42	29
0 43	48
0 45	21
0 46	4
0 47	47
0 48	30
0 49	40
1 0	38
1 1	45
1 2	0
1 3	11
1 4	28
1 5	48
1 7	24
1 8	4
1 9	16
1 11	10
1 12	1
1 13	13
1 14	20
1 15	47
1 16	8
1 18	9
1 19	14
1 20	2
1 22	42
1 23	18
1 24	15
1 25	33
1 26	23
1 28	5
1 29	12
1 30	49
1 31	43
1 32	31
1 33	7
1 35	44
1 36	37
1 37	32
1 39	36
1 40	3
1 41	6
1 42	19
1 43	21
1 44	29
1 45	35
1 46	30
1 48	40
1 49	34
2 1	9
2 2	10
2 4	40
2 5	8
2 6	42
2 7	37
2 8	43
2 10	41
2 13	5
2 14	49
2 15	48
2 16	38
2 18	23
2 19	39
2 20	27
2 21	2
2 22	44
2 23	33
2 25	11
2 26	28
2 28	20
2 29	14
2 30	16
2 31	7
2 32	29
2 33	19
2 34	45
2 35	26
2 36	12
2 38	36
2 39	21
2 40	0
2 41	46
2 42	17
2 43	32
2 44	35
2 47	3
2 48	18
3 0	47
3 1	16
3 3	19
3 4	46
3 5	37
3 7	20
3 8	25
3 9	45
3 11	24
3 12	8
3 13	22
3 14	0
3 15	11
3 16	3
3 17	6
3 18	5
3 19	44
3 20	32
3 22	43
3 23	23
3 25	21
3 26	35
3 27	1
3 29	36
3 30	13
3 31	29
3 32	38
3 36	41
3 37	15
3 38	48
3 39	9
3 41	33
3 43	42
3 44	7
3 45	18
3 46	28
3 47	2
3 48	26
3 49	4
4 0	26
4 3	32
4 5	30
4 6	24
4 7	22
4 9	8
4 10	16
4 12	31
4 13	41
4 14	46
4 15	14
4 16	39
4 17	21
4 18	10
4 21	18
4 22	45
4 23	47
4 25	34
4 26	7
4 28	1
4 30	4
4 31	28
4 32	27
4 33	2
4 34	3
4 36	29
4 37	17
4 38	44
4 39	23
4 40	40
4 41	42
4 43	33
4 45	0
4 46	37
4 47	13
4 48	49
4 49	9
5 1	6
5 2	41
5 3	42
5 4	10
5 5	31
5 6	47
5 8	3
5 9	23
5 10	5
5 11	48
5 12	43
5 13	27
5 14	1
5 15	35
5 16	44
5 17	49
5 18	7
5 19	32
5 20	29
5 21	37
5 22	17
5 23	38
5 24	0
5 26	15
5 29	22
5 32	33
5 33	4
5 34	46
5 37	13
5 39	26
5 40	11
5 41	18
5 42	21
5 43	12
5 44	45
5 45	20
5 46	36
5 47	40
5 48	14
5 49	24
6 0	37
6 1	44
6 2	30
6 4	49
6 5	41
6 7	9
6 10	15
6 11	2
6 13	48
6 15	45
6 16	5
6 17	1
6 18	4
6 20	22
6 21	40
6 23	39
6 25	7
6 26	12
6 28	18
6 29	10
6 30	21
6 31	32
6 32	14
6 34	29
6 35	33
6 37	19
6 39	46
6 40	25
6 41	0
6 42	47
6 43	34
6 44	24
6 46	27
6 49	13
7 0	11
7 1	4
7 2	31
7 3	35
7 7	39
7 8	6
7 9	40
7 10	23
7 11	42
7 12	5
7 13	8
7 14	16
7 16	36
7 17	20
7 18	44
7 19	12
7 20	10
7 21	1
7 23	46
7 24	45
7 25	47
7 26	41
7 27	49
7 29	38
7 30	7
7 32	28
7 33	22
7 34	9
7 35	37
7 36	15
7 37	33
7 39	13
7 40	14
7 41	34
7 42	2
7 44	32
7 45	27
7 46	24
7 47	48
7 48	19
7 49	43
8 0	12
8 1	22
8 2	33
8 3	48
8 4	19
8 5	43
8 6	6
8 7	46
8 9	47
8 10	37
8 12	2
8 14	29
8 15	9
8 16	16
8 17	44
8 18	26
8 19	5
8 21	45
8 22	11
8 23	35
8 25	28
8 27	13
8 28	41
8 31	38
8 32	36
8 33	20
8 36	23
8 37	27
8 38	7
8 39	0
8 40	32
8 42	39
8 43	15
8 44	8
8 46	21
8 47	42
8 48	25
8 49	1
9 0	35
9 2	39
9 3	38
9 6	25
9 7	0
9 8	12
9 9	2
9 10	20
9 12	22
9 13	36
9 16	13
9 17	34
9 19	8
9 20	21
9 21	19
9 22	9
9 24	3
9 26	27
9 27	28
9 28	43
9 29	23
9 30	47
9 31	33
9 32	40
9 33	32
9 34	30
9 35	45
9 36	42
9 37	5
9 38	11
9 39	6
9 40	37
9 41	31
9 45	49
9 46	26
9 47	10
9 48	48
9 49	17
10 0	21
10 1	0
10 2	18
10 3	23
10 4	47
10 5	2
10 6	48
10 7	25
10 8	26
10 12	14
10 13	3
10 14	6
10 15	49
10 16	43
10 17	40
10 18	17
10 20	20
10 21	28
10 22	39
10 23	9
10 24	24
10 25	5
10 26	37
10 27	7
10 29	30
10 30	15
10 31	42
10 32	10
10 33	27
10 34	16
10 36	32
10 37	45
10 39	22
10 40	4
10 41	11
10 42	34
10 43	36
10 44	31
10 45	41
10 47	33
10 48	44
10 49	12
11 0	5
11 1	10
11 2	36
11 4	32
11 5	4
11 6	43
11 7	28
11 8	15
11 9	3
11 11	49
11 12	40
11 13	45
11 14	13
11 15	20
11 16	21
11 17	8
11 18	11
11 19	27
11 22	41
11 24	35
11 25	12
11 27	0
11 30	46
11 32	22
11 33	6
11 34	39
11 35	34
11 36	16
11 37	24
11 38	17
11 40	30
11 41	2
11 43	1
11 44	37
11 45	48
11 46	18
11 47	29
11 48	23
11 49	33
12 0	17
12 1	26
12 2	32
12 3	41
12 4	21
12 5	13
12 6	19
12 7	49
12 8	7
12 9	28
12 10	4
12 11	27
12 12	36
12 13	16
12 15	15
12 16	11
12 17	12
12 18	33
12 19	18
12 20	48
12 21	43
12 23	10
12 24	31
12 25	45
12 27	14
12 28	37
12 29	44
12 31	23
12 32	39
12 35	25
12 37	35
12 38	20
12 39	40
12 41	3
12 42	42
12 43	9
12 45	24
12 46	2
12 47	1
12 49	8
13 0	27
13 1	1
13 2	16
13 3	18
13 4	23
13 5	9
13 6	14
13 7	32
13 8	29
13 9	12
13 10	21
13 11	43
13 13	44
13 14	35
13 15	19
13 16	28
13 18	24
13 19	42
13 21	49
13 22	34
13 23	25
13 24	10
13 26	8
13 27	31
13 29	6
13 30	41
13 31	40
13 32	2
13 33	47
13 34	11
13 36	39
13 37	0
13 39	30
13 40	48
13 41	22
13 42	5
13 43	46
13 44	33
13 45	45
13 46	7
13 47	4
13 48	20
13 49	3
14 0	23
14 1	35
14 2	21
14 3	24
14 4	8
14 5	12
14 6	9
14 8	36
14 9	41
14 10	11
14 11	13
14 12	10
14 13	17
14 14	48
14 15	3
14 17	43
14 18	20
14 19	30
14 20	0
14 22	4
14 23	7
14 24	39
14 25	31
14 26	26
14 27	33
14 30	14
14 31	18
14 32	42
14 33	44
14 35	47
14 36	40
14 37	28
14 38	22
14 39	38
14 40	15
14 41	45
14 42	49
14 43	16
14 44	6
14 45	2
14 46	25
14 47	46
14 49	32
15 2	46
15 4	20
15 5	42
15 6	21
15 8	23
15 9	11
15 10	40
15 11	28
15 12	32
15 13	38
15 14	14
15 16	15
15 17	26
15 19	31
15 20	39
15 21	0
15 22	27
15 23	3
15 26	10
15 27	6
15 28	12
15 29	17
15 30	8
15 31	16
15 33	29
15 34	49
15 35	9
15 36	24
15 38	41
15 40	13
15 42	25
15 44	34
15 45	30
15 46	19
15 47	18
15 48	5
16 0	15
16 1	33
16 2	7
16 3	14
16 4	0
16 6	2
16 8	27
16 9	46
16 10	43
16 11	8
16 12	35
16 13	37
16 14	12
16 15	10
16 17	4
16 18	28
16 19	1
16 20	16
16 22	31
16 24	25
16 25	41
16 26	13
16 27	45
16 28	47
16 29	11
16 30	39
16 31	9
16 32	49
16 33	42
16 34	24
16 35	6
16 36	26
16 37	38
16 38	3
16 40	18
16 41	20
16 42	40
16 43	30
16 44	17
16 45	36
16 47	44
16 48	32
16 49	21
17 0	36
17 1	14
17 2	5
17 3	4
17 4	29
17 5	47
17 6	41
17 7	26
17 8	9
17 9	10
17 10	45
17 11	38
17 12	33
17 13	18
17 14	25
17 15	1
17 17	37
17 20	40
17 21	27
17 22	35
17 23	24
17 24	49
17 25	17
17 26	46
17 27	32
17 28	31
17 29	48
17 32	12
17 33	21
17 34	19
17 35	2
17 36	44
17 38	23
17 39	8
17 40	42
17 42	11
17 43	7
17 44	3
17 45	15
17 46	39
17 48	34
17 49	22
18 0	29
18 1	49
18 2	12
18 3	21
18 4	5
18 6	45
18 7	41
18 8	42
18 9	33
18 10	1
18 12	30
18 14	28
18 15	36
18 16	4
18 18	8
18 19	3
18 20	31
18 22	10
18 23	20
18 24	7
18 25	13
18 26	47
18 27	24
18 29	9
18 30	27
18 31	37
18 33	39
18 34	26
18 36	34
18 37	46
18 38	18
18 39	25
18 40	16
18 41	35
18 42	14
18 43	38
18 44	40
18 45	44
18 49	6
19 0	39
19 1	20
19 2	26
19 3	33
19 4	41
19 5	11
19 8	40
19 9	30
19 10	29
19 11	47
19 13	49
19 14	17
19 15	12
19 17	32
19 18	38
19 19	10
19 21	34
19 23	19
19 24	28
19 25	23
19 26	44
19 27	21
19 28	22
19 29	45
19 30	42
19 31	0
19 32	5
19 33	15
19 34	8
19 35	46
19 36	48
19 37	25
19 38	31
19 39	4
19 40	2
19 41	27
19 42	36
19 43	13
19 44	18
19 45	37
19 47	9
20 0	41
20 1	5
20 2	37
20 3	13
20 4	17
20 5	20
20 6	31
20 7	35
20 8	16
20 9	42
20 11	34
20 12	49
20 13	9
20 15	27
20 16	40
20 17	38
20 18	43
20 20	11
20 22	46
20 28	0
20 29	18
20 30	32
20 32	1
20 33	33
20 34	7
20 35	22
20 37	36
20 38	29
20 40	26
20 41	47
20 42	28
20 43	3
20 44	12
20 45	39
20 47	15
20 49	25
21 0	2
21 1	23
21 2	27
21 3	10
21 4	13
21 5	44
21 6	1
21 8	8
21 9	25
21 10	6
21 11	29
21 12	12
21 13	31
21 14	15
21 16	7
21 17	3
21 18	48
21 19	41
21 20	45
21 21	20
21 22	37
21 24	22
21 25	40
21 26	36
21 27	35
21 30	5
21 31	4
21 32	30
21 33	14
21 34	43
21 36	18
21 38	9
21 39	32
21 40	47
21 41	38
21 43	17
21 44	21
21 45	42
21 46	0
21 47	39
21 48	24
21 49	16
22 1	2
22 2	3
22 3	12
22 4	18
22 5	5
22 6	4
22 7	48
22 8	41
22 10	31
22 11	7
22 12	34
22 14	30
22 15	17
22 17	15
22 18	29
22 19	40
22 20	1
22 21	32
22 23	8
22 24	36
22 26	33
22 27	27
22 28	28
22 29	35
22 30	22
22 31	10
22 33	45
22 34	47
22 35	11
22 36	9
22 37	21
22 38	46
22 39	37
22 40	6
22 41	14
22 42	13
22 43	23
22 44	16
22 46	44
22 48	42
22 49	38
23 0	3
23 2	23
23 3	16
23 4	25
23 5	22
23 8	47
23 9	15
23 10	9
23 11	21
23 12	24
23 13	42
23 15	5
23 16	46
23 17	31
23 18	1
23 19	7
23 20	19
23 21	48
23 22	33
23 23	12
23 24	8
23 25	29
23 27	34
23 28	30
23 30	37
23 31	17
23 32	26
23 33	40
23 35	4
23 37	6
23 38	43
23 39	44
23 40	28
23 41	36
23 42	0
23 43	45
23 44	13
23 45	10
23 46	11
23 48	2
23 49	18
24 1	41
24 2	1
24 3	34
24 4	33
24 5	32
24 6	29
24 7	43
24 8	31
24 9	20
24 10	44
24 12	21
24 13	25
24 15	26
24 16	47
24 17	19
24 19	48
24 20	28
24 21	6
24 23	15
24 24	37
24 25	14
24 27	38
24 28	27
24 30	18
24 31	12
24 32	9
24 33	5
24 34	36
24 35	40
24 36	49
24 38	13
24 39	35
24 40	45
24 41	23
24 42	3
24 43	10
24 44	46
24 45	11
24 47	24
24 48	39
24 49	2
25 0	43
25 1	42
25 2	9
25 3	44
25 5	39
25 6	17
25 7	12
25 9	26
25 10	27
25 11	11
25 12	29
25 13	47
25 14	24
25 15	38
25 16	6
25 17	30
25 19	22
25 22	48
25 23	41
25 24	32
25 25	18
25 27	46
25 28	19
25 29	13
25 31	25
25 32	16
25 33	49
25 34	5
25 35	21
25 38	14
25 39	28
25 40	31
25 41	40
25 42	33
25 43	0
25 46	10
25 47	37
25 48	1
26 0	34
26 1	46
26 2	22
26 4	39
26 5	38
26 6	12
26 7	14
26 9	19
26 10	47
26 11	5
26 12	20
26 13	35
26 14	45
26 15	33
26 16	10
26 18	37
26 19	17
26 20	42
26 21	26
26 22	7
26 23	0
26 24	21
26 25	27
26 27	2
26 28	4
26 29	40
26 30	23
26 31	6
26 32	13
26 33	18
26 35	30
26 36	1
26 37	31
26 39	3
26 40	9
26 41	48
26 42	8
26 43	43
26 44	36
26 45	32
26 46	15
26 47	28
26 48	16
26 49	41
27 0	4
27 2	11
27 3	39
27 4	37
27 5	23
27 7	2
27 8	13
27 9	22
27 11	26
27 12	45
27 13	32
27 14	18
27 15	31
27 17	5
27 18	42
27 19	25
27 20	49
27 21	21
27 22	6
27 24	46
27 25	16
27 26	9
27 28	14
27 30	44
27 31	48
27 32	43
27 33	0
27 35	12
27 36	17
27 37	30
27 38	47
27 39	1
27 40	24
27 41	8
27 42	10
27 43	27
27 44	38
27 46	33
27 47	7
27 48	36
27 49	35
28 0	18
28 1	34
28 2	40
28 3	29
28 4	27
28 6	36
28 7	44
28 9	7
28 10	22
28 11	17
28 12	47
28 13	33
28 14	26
28 17	10
28 18	19
28 19	4
28 20	37
28 23	43
28 24	42
28 25	46
28 26	16
28 27	15
28 29	32
28 30	6
28 31	13
28 33	3
28 34	2
28 36	5
28 37	9
28 38	12
28 41	49
28 42	23
28 43	11
28 44	30
28 45	1
28 46	45
28 48	28
29 0	46
29 2	24
29 4	4
29 5	6
29 6	0
29 8	45
29 10	39
29 11	40
29 16	9
29 17	23
29 18	12
29 20	47
29 21	17
29 22	18
29 23	13
29 24	1
29 25	32
29 26	3
29 27	20
29 28	7
29 29	31
29 30	33
29 31	41
29 32	19
29 33	26
29 34	28
29 35	15
29 36	25
29 37	49
29 38	34
29 39	2
29 41	44
29 43	35
29 44	14
29 45	5
29 46	38
29 47	22
29 48	11
29 49	29
30 0	0
30 1	37
30 2	20
30 4	43
30 5	29
30 6	49
30 7	1
30 8	21
30 9	34
30 10	38
30 11	15
30 12	44
30 13	4
30 14	19
30 15	13
30 16	27
30 17	28
30 19	11
30 20	46
30 21	42
30 23	36
30 24	16
30 25	9
30 26	31
30 27	39
30 28	2
30 29	33
30 30	35
30 32	32
30 33	24
30 34	17
30 36	6
30 37	40
30 38	45
30 40	8
30 41	7
30 42	22
30 43	26
30 44	25
30 45	23
30 47	41
30 48	3
30 49	10
31 2	2
31 3	3
31 4	12
31 5	33
31 6	18
31 7	21
31 8	24
31 9	37
31 11	44
31 12	23
31 14	27
31 15	16
31 16	45
31 17	41
31 18	22
31 19	20
31 21	30
31 22	15
31 23	6
31 24	9
31 26	48
31 28	10
31 29	26
31 30	36
31 32	7
31 33	38
31 35	29
31 36	14
31 38	4
31 39	34
31 40	1
31 41	39
31 42	43
31 43	19
31 44	0
31 45	17
31 47	31
31 48	46
31 49	47
32 1	13
32 2	25
32 3	36
32 4	14
32 5	24
32 6	32
32 8	46
32 9	1
32 10	42
32 11	37
32 12	38
32 13	21
32 14	43
32 15	2
32 16	22
32 17	48
32 18	45
32 20	9
32 21	8
32 24	4
32 25	20
32 26	30
32 27	47
32 28	26
32 29	19
32 30	29
32 31	44
32 32	15
32 33	16
32 34	10
32 35	17
32 36	33
32 37	3
32 40	35
32 41	12
32 43	40
32 44	39
32 45	28
32 46	31
32 47	34
32 49	7
33 0	44
33 1	17
33 2	29
33 3	7
33 4	48
33 5	49
33 7	8
33 8	18
33 10	34
33 12	11
33 13	2
33 14	32
33 15	23
33 16	35
33 17	16
33 18	40
33 19	0
33 20	43
33 21	9
33 22	3
33 23	28
33 26	1
33 27	36
33 28	15
33 29	25
33 32	6
33 34	38
33 35	42
33 36	22
33 37	26
33 38	10
33 39	5
33 40	33
33 41	30
33 42	37
33 44	27
33 45	31
33 47	21
33 48	4
33 49	19
34 1	29
34 2	19
34 4	42
34 5	26
34 6	39
34 7	6
34 9	5
34 11	35
34 12	9
34 13	46
34 14	23
34 15	44
34 17	27
34 18	41
34 19	34
34 20	13
34 21	12
34 22	32
34 23	14
34 24	2
34 25	36
34 26	49
34 27	3
34 28	16
34 29	7
34 31	8
34 32	0
34 33	48
34 34	15
34 35	24
34 36	11
34 37	4
34 38	21
34 39	43
34 40	17
34 42	18
34 43	28
34 44	20
34 45	38
34 46	40
34 49	45
35 0	14
35 1	47
35 2	49
35 3	8
35 4	44
35 5	28
35 6	15
35 7	19
35 8	37
35 9	43
35 10	36
35 12	4
35 13	12
35 14	33
35 15	40
35 16	32
35 18	16
35 19	26
35 20	34
35 21	7
35 22	22
35 24	13
35 26	39
35 27	9
35 28	6
35 29	2
35 31	11
35 32	48
35 34	20
35 36	0
35 37	18
35 38	42
35 39	17
35 40	38
35 41	29
35 42	45
35 43	31
35 44	41
35 45	3
35 46	5
35 48	21
35 49	30
36 0	10
36 1	24
36 4	16
36 6	3
36 7	47
36 8	14
36 9	44
36 10	0
36 11	9
36 12	41
36 13	43
36 14	37
36 15	25
36 16	18
36 17	45
36 18	31
36 19	28
36 20	33
36 22	19
36 24	34
36 25	48
36 26	17
36 27	22
36 28	39
36 30	30
36 31	15
36 32	46
36 33	11
36 34	4
36 35	32
36 36	35
36 37	23
36 38	49
36 39	29
36 40	21
36 41	26
36 42	7
36 44	42
36 45	12
36 46	6
36 47	36
36 48	38
36 49	27
37 1	30
37 2	13
37 3	25
37 5	10
37 6	11
37 7	31
37 8	44
37 9	6
37 10	2
37 11	36
37 12	48
37 13	15
37 14	42
37 15	34
37 16	0
37 18	14
37 19	21
37 20	12
37 21	29
37 23	40
37 24	33
37 26	18
37 27	19
37 28	8
37 29	16
37 30	45
37 31	3
37 32	35
37 33	37
37 34	1
37 35	41
37 36	43
37 37	22
37 38	27
37 39	47
37 40	7
37 41	5
37 43	39
37 45	46
37 46	49
37 47	32
37 48	17
38 0	33
38 1	3
38 2	4
38 3	46
38 4	34
38 5	36
38 6	37
38 7	38
38 8	19
38 10	14
38 11	16
38 12	18
38 13	11
38 14	47
38 15	7
38 16	29
38 17	17
38 18	27
38 19	13
38 20	6
38 21	31
38 22	5
38 23	1
38 24	26
38 28	23
38 29	49
38 30	28
38 31	35
38 32	25
38 33	30
38 34	42
38 35	0
38 36	2
38 37	10
38 38	24
38 39	41
38 40	12
38 41	21
38 42	32
38 43	8
38 44	22
38 45	40
38 46	20
38 47	45
38 48	9
38 49	15
39 0	31
39 1	18
39 2	15
39 3	45
39 4	1
39 6	34
39 7	13
39 8	10
39 9	24
39 10	46
39 11	30
39 13	0
39 14	40
39 16	33
39 17	42
39 18	21
39 19	49
39 20	23
39 21	14
39 22	47
39 24	5
39 25	35
39 27	37
39 29	43
39 30	38
39 31	27
39 32	44
39 34	48
39 35	28
39 37	39
39 38	2
39 39	16
39 40	20
39 41	41
39 42	6
39 43	29
39 44	9
39 45	8
39 46	3
39 47	25
39 48	12
39 49	36
40 3	43
40 4	38
40 5	14
40 7	33
40 9	48
40 10	25
40 11	6
40 12	13
40 13	29
40 15	32
40 17	39
40 18	0
40 23	31
40 24	12
40 25	10
40 26	40
40 28	3
40 30	9
40 32	20
40 33	23
40 34	18
40 35	49
40 37	42
40 38	30
40 39	27
40 40	36
40 41	4
40 42	1
40 43	44
40 44	19
40 45	16
40 46	46
40 47	5
40 48	7
40 49	11
41 0	8
41 1	31
41 2	45
41 3	22
41 4	6
41 5	3
41 6	44
41 7	15
41 8	1
41 9	35
41 10	13
41 11	23
41 12	46
41 13	14
41 14	34
41 15	37
41 17	0
41 18	32
41 19	38
41 20	26
41 21	36
41 22	25
41 24	40
41 25	43
41 26	21
41 28	48
41 30	2
41 31	5
41 32	18
41 33	28
41 34	12
41 35	7
41 37	41
41 39	49
41 40	19
41 42	9
41 45	4
41 46	47
42 0	7
42 1	43
42 2	38
42 4	11
42 5	15
42 6	20
42 8	2
42 9	4
42 10	18
42 12	28
42 14	9
42 16	26
42 17	33
42 19	35
42 20	14
42 21	47
42 23	22
42 24	17
42 25	3
42 26	25
42 27	8
42 28	29
42 29	0
42 30	24
42 31	1
42 32	37
42 34	21
42 35	16
42 36	31
42 37	44
42 38	40
42 40	5
42 41	32
42 43	41
42 44	23
42 45	19
42 46	42
42 48	45
42 49	48
43 0	13
43 2	47
43 3	28
43 4	35
43 5	46
43 6	16
43 7	45
43 8	39
43 9	17
43 11	32
43 12	3
43 14	36
43 15	0
43 16	1
43 17	18
43 18	6
43 19	33
43 20	7
43 22	40
43 25	26
43 26	11
43 27	10
43 28	42
43 31	31
43 32	34
43 33	25
43 34	37
43 35	43
43 36	27
43 37	12
43 38	8
43 39	48
43 40	23
43 42	15
43 44	49
43 45	14
43 46	22
43 47	19
43 49	5
44 0	16
44 1	48
44 2	34
44 3	20
44 4	7
44 5	45
44 6	33
44 7	18
44 8	30
44 9	27
44 10	24
44 11	31
44 12	19
44 13	6
44 14	8
44 15	28
44 16	41
44 17	36
44 18	2
44 19	15
44 20	3
44 21	23
44 24	11
44 25	37
44 26	0
44 27	44
44 28	40
44 29	42
44 30	43
44 32	4
44 33	12
44 34	32
44 35	39
44 37	47
44 38	1
44 39	14
44 40	29
44 41	25
44 42	38
44 43	49
44 44	5
44 45	13
44 47	35
44 48	10
45 0	40
45 1	27
45 2	43
45 3	47
45 4	22
45 6	30
45 7	16
45 8	0
45 9	31
45 13	1
45 14	4
45 15	24
45 16	2
45 18	39
45 19	9
45 20	5
45 21	25
45 22	13
45 24	19
45 26	45
45 27	29
45 29	3
45 30	11
45 31	36
45 33	8
45 34	34
45 35	18
45 37	14
45 38	38
45 39	15
45 41	17
45 42	12
45 43	6
45 44	28
45 45	26
45 46	32
45 47	20
45 48	33
45 49	37
46 0	6
46 1	28
46 2	42
46 4	2
46 5	40
46 6	5
46 7	17
46 8	35
46 9	49
46 10	10
46 11	20
46 12	25
46 15	43
46 17	47
46 18	34
46 19	24
46 20	4
46 23	37
46 27	26
46 28	45
46 29	27
46 30	31
46 32	21
46 33	36
46 35	23
46 36	7
46 38	32
46 39	11
46 41	1
46 42	16
46 44	15
46 46	41
46 47	12
46 48	13
46 49	39
47 0	28
47 1	38
47 2	6
47 3	17
47 4	31
47 5	25
47 6	10
47 7	40
47 8	33
47 9	18
47 10	32
47 11	4
47 12	0
47 13	26
47 14	7
47 15	39
47 16	23
47 17	46
47 18	3
47 19	45
47 21	11
47 22	12
47 24	20
47 26	19
47 27	16
47 28	36
47 29	34
47 30	48
47 31	30
47 32	47
47 33	9
47 34	35
47 36	21
47 38	5
47 39	24
47 40	41
47 41	37
47 42	27
47 44	2
47 45	43
47 46	1
47 47	14
47 48	15
47 49	49
48 0	9
48 3	1
48 4	30
48 5	17
48 6	38
48 7	4
48 9	21
48 10	28
48 12	7
48 13	39
48 14	3
48 17	11
48 18	36
48 19	43
48 20	18
48 21	16
48 22	49
48 26	29
48 30	40
48 31	2
48 32	41
48 33	31
48 34	22
48 35	10
48 37	8
48 38	15
48 40	34
48 41	13
48 42	44
48 43	37
48 44	48
48 45	33
48 46	23
48 47	26
48 48	35
48 49	0
49 0	48
49 3	5
49 5	19
49 6	13
49 7	30
49 8	32
49 9	9
49 10	49
49 11	33
49 12	17
49 13	40
49 14	2
49 15	8
49 16	31
49 17	7
49 18	47
49 20	36
49 21	10
49 23	45
49 24	41
49 25	0
49 27	18
49 28	35
49 29	21
49 30	25
49 31	24
49 32	11
49 33	43
49 34	23
49 36	4
49 37	16
49 39	42
49 41	15
49 42	20
49 43	14
49 46	12
49 47	38
49 48	6
