50
0 2	39
0 14	18
0 15	9
0 19	22
0 26	10
0 29	32
0 40	7
0 44	11
0 47	24
1 4	1
1 7	18
1 8	27
1 15	14
1 33	25
1 34	36
1 35	41
1 36	35
1 37	42
1 40	8
2 1	40
2 3	25
2 6	14
2 7	48
2 11	9
2 12	38
2 18	11
2 19	8
2 20	17
2 21	32
2 23	29
2 26	46
2 28	27
2 29	3
2 33	44
2 35	45
2 38	35
2 43	20
2 44	19
2 45	16
2 46	42
2 47	2
2 48	33
3 1	27
3 5	25
3 8	39
3 13	45
3 14	4
3 16	28
3 17	46
3 20	40
3 21	9
3 22	10
3 23	43
3 29	0
3 31	23
3 35	19
3 41	29
3 45	7
3 49	38
4 0	36
4 10	34
4 13	31
4 15	33
4 20	32
4 21	42
4 25	19
4 30	21
4 33	43
4 49	39
5 1	16
5 2	1
5 3	23
5 23	39
5 26	48
5 27	26
5 28	9
5 37	31
5 38	29
5 39	7
5 42	22
5 47	14
5 49	11
6 0	46
6 13	6
6 15	16
6 18	43
6 23	35
6 37	21
6 40	42
6 42	27
6 44	3
6 45	36
6 48	12
6 49	34
7 4	27
7 6	30
7 7	12
7 8	34
7 9	6
7 11	5
7 18	38
7 20	22
7 21	40
7 24	16
7 29	43
7 32	18
7 35	47
7 41	1
7 45	19
7 46	24
7 47	9
7 48	26
7 49	32
8 6	46
8 10	1
8 14	14
8 16	35
8 18	8
8 22	45
8 23	16
8 28	4
8 30	38
8 36	0
8 39	9
8 41	11
8 45	24
8 46	29
9 3	35
9 7	49
9 11	36
9 12	47
9 16	9
9 29	17
9 30	30
9 36	42
9 40	34
9 42	8
9 44	10
9 45	40
9 46	22
10 3	13
10 4	18
10 5	48
10 6	35
10 7	10
10 10	29
10 11	25
10 12	15
10 13	21
10 14	47
10 16	6
10 19	5
10 21	26
10 24	43
10 28	22
10 29	11
10 32	2
10 38	7
10 40	49
10 43	32
10 46	8
11 0	23
11 2	9
11 4	30
11 6	19
11 7	22
11 31	38
11 38	34
11 39	26
12 1	15
12 2	30
12 3	40
12 4	42
12 5	43
12 9	31
12 18	32
12 19	11
12 22	27
12 26	35
12 28	17
12 34	47
12 35	34
12 41	24
12 47	12
12 48	28
13 4	37
13 9	28
13 10	25
13 14	46
13 15	29
13 17	35
13 18	3
13 22	20
13 25	45
13 26	1
13 32	15
13 33	4
13 35	40
13 40	19
13 42	44
13 48	23
14 1	46
14 2	24
14 5	14
14 9	1
14 14	40
14 15	20
14 17	37
14 21	4
14 22	0
14 25	42
14 30	44
14 35	11
14 36	34
14 42	5
15 1	19
15 6	34
15 7	15
15 13	12
15 14	49
15 15	22
15 17	17
15 22	48
15 24	11
15 25	29
15 28	35
15 33	36
15 34	13
15 40	46
15 42	9
15 44	7
16 1	23
16 2	7
16 3	19
16 6	48
16 19	1
16 22	43
16 26	11
16 27	9
16 32	3
16 34	4
16 43	16
17 0	2
17 1	34
17 2	29
17 3	42
17 6	17
17 7	27
17 8	25
17 16	26
17 17	0
17 18	19
17 23	41
17 24	22
17 26	20
17 28	15
17 34	16
17 38	10
17 40	5
17 47	31
18 2	47
18 7	16
18 9	32
18 21	44
18 24	35
18 25	5
18 29	34
18 33	13
18 39	19
18 40	48
18 41	39
18 44	4
18 48	15
19 0	37
19 11	47
19 14	20
19 17	9
19 19	28
19 20	42
19 22	8
19 23	7
19 26	2
19 33	49
19 34	30
19 40	23
19 42	11
19 43	18
19 44	26
19 46	16
19 47	43
20 0	24
20 1	32
20 3	20
20 4	38
20 5	29
20 6	12
20 11	49
20 14	0
20 17	34
20 25	15
20 31	26
20 39	30
20 40	33
20 47	25
21 1	43
21 5	36
21 6	3
21 11	31
21 12	12
21 16	49
21 18	22
21 21	15
21 27	16
21 28	21
21 30	41
21 31	13
21 33	24
21 36	33
21 39	48
21 42	29
21 43	4
21 45	14
21 46	5
21 47	30
21 48	9
22 7	30
22 11	8
22 13	49
22 26	44
22 27	10
22 29	22
22 33	0
22 38	36
22 41	5
23 1	11
23 2	14
23 3	9
23 7	24
23 15	47
23 23	26
23 25	21
23 26	0
23 32	25
23 34	22
23 36	15
23 40	30
23 41	45
23 43	33
23 49	13
24 0	0
24 2	2
24 3	5
24 6	32
24 8	17
24 11	10
24 13	23
24 17	41
24 20	27
24 22	37
24 25	24
24 29	20
24 31	42
24 34	46
24 35	21
24 38	31
24 39	16
24 40	3
24 41	22
24 45	26
24 48	6
25 1	4
25 3	38
25 6	21
25 10	11
25 11	23
25 12	14
25 15	44
25 20	39
25 21	13
25 23	20
25 26	34
25 36	3
25 40	40
25 47	28
25 49	15
26 0	22
26 4	40
26 5	15
26 6	27
26 8	19
26 11	11
26 12	44
26 24	36
26 26	16
26 28	42
26 31	20
26 35	38
26 37	8
26 39	37
26 46	49
27 4	12
27 9	44
27 15	24
27 20	38
27 21	35
27 22	9
27 23	34
27 28	30
27 29	28
27 31	22
27 34	2
27 38	5
27 40	43
27 41	48
27 44	25
27 45	29
27 46	23
27 47	8
27 49	6
28 7	25
28 8	12
28 10	47
28 14	34
28 24	29
28 31	40
28 35	6
28 39	22
28 46	18
29 2	38
29 3	10
29 4	3
29 11	34
29 14	44
29 15	23
29 17	28
29 18	12
29 19	40
29 22	11
29 24	5
29 27	20
29 28	16
29 32	39
29 33	8
29 35	9
29 38	6
29 49	21
30 0	26
30 1	1
30 2	37
30 4	24
30 7	8
30 13	44
30 16	4
30 21	2
30 24	7
30 30	15
30 31	41
30 33	32
30 35	3
30 39	47
30 44	16
31 0	27
31 4	35
31 16	7
31 17	10
31 18	18
31 20	8
31 23	31
31 24	17
31 28	46
31 31	5
31 35	43
31 39	33
31 42	34
31 43	28
31 45	32
31 47	20
32 4	15
32 11	24
32 13	10
32 15	5
32 20	33
32 24	38
32 26	32
32 28	12
32 31	46
32 33	6
32 38	25
32 40	37
32 44	18
32 45	11
33 1	37
33 10	12
33 15	34
33 17	25
33 19	33
33 20	30
33 24	4
33 26	19
33 27	13
33 28	47
33 29	24
33 37	38
33 38	26
33 42	10
33 44	8
33 46	35
33 47	40
33 48	27
34 0	39
34 3	15
34 5	7
34 11	30
34 13	5
34 14	38
34 22	14
34 23	13
34 26	23
34 29	1
34 32	11
34 34	42
34 38	40
34 42	45
34 43	9
34 49	24
35 0	34
35 2	26
35 6	38
35 7	42
35 9	49
35 30	7
35 32	44
35 37	35
35 38	16
35 39	8
35 43	19
35 47	21
35 48	29
36 2	22
36 3	32
36 10	2
36 11	1
36 14	21
36 16	11
36 18	42
36 20	48
36 26	6
36 27	3
36 33	23
36 35	8
36 38	27
36 40	10
36 45	31
36 48	19
36 49	12
37 0	44
37 1	12
37 3	7
37 6	24
37 7	1
37 14	23
37 15	6
37 16	34
37 18	46
37 23	15
37 24	3
37 28	0
37 34	17
37 41	2
37 48	20
38 0	18
38 1	45
38 9	38
38 11	7
38 15	13
38 18	39
38 19	12
38 20	11
38 21	31
38 26	43
38 27	28
38 28	23
38 29	41
38 36	46
38 38	42
38 46	32
38 48	16
38 49	19
39 0	31
39 1	21
39 4	47
39 11	29
39 13	28
39 19	25
39 20	43
39 25	30
39 29	16
39 30	10
39 34	12
39 39	49
39 40	45
39 43	38
39 44	5
39 47	1
39 48	0
40 0	28
40 3	46
40 4	22
40 6	11
40 16	42
40 21	41
40 23	18
40 24	23
40 26	38
40 29	21
40 30	40
40 34	8
40 36	5
40 38	37
40 39	12
40 43	15
40 45	39
40 47	33
41 0	20
41 14	33
41 20	19
41 21	21
41 24	2
41 27	30
41 36	13
41 38	44
41 40	28
41 42	31
41 43	27
41 46	0
41 47	35
41 48	14
41 49	36
42 3	27
42 4	41
42 5	35
42 7	4
42 9	47
42 11	19
42 14	37
42 17	48
42 20	16
42 22	25
42 23	33
42 36	32
42 38	46
42 43	8
42 47	26
42 48	40
43 6	8
43 9	33
43 10	5
43 11	43
43 14	11
43 19	29
43 32	37
43 35	24
43 39	41
43 42	46
43 43	40
43 47	49
43 49	14
44 6	31
44 7	29
44 9	9
44 12	0
44 13	48
44 17	18
44 18	6
44 19	34
44 29	25
44 30	16
44 35	4
44 36	44
44 38	13
44 49	3
45 9	48
45 12	19
45 14	32
45 15	8
45 18	47
45 20	36
45 22	46
45 30	6
45 40	27
46 3	39
46 7	17
46 8	3
46 11	2
46 12	20
46 14	5
46 16	29
46 23	21
46 30	49
46 31	10
46 33	45
46 34	1
46 35	31
46 38	19
46 42	41
46 48	4
47 3	1
47 5	20
47 10	3
47 12	29
47 14	15
47 18	37
47 22	40
47 27	14
47 33	17
47 37	46
47 43	39
47 44	49
47 46	30
48 0	7
48 1	26
48 8	2
48 9	5
48 17	6
48 20	15
48 25	10
48 26	4
48 31	44
48 34	43
48 36	1
48 39	3
48 42	47
48 44	27
48 46	34
48 49	18
49 0	30
49 4	19
49 7	47
49 10	15
49 11	48
49 23	0
49 24	41
49 32	36
49 35	20
49 36	9
49 37	3
49 42	23
49 43	26
49 45	42
49 48	44
