50
0 0	7
0 1	40
0 2	33
0 3	5
0 4	37
0 5	6
0 6	44
0 7	14
0 8	8
0 10	11
0 11	12
0 12	39
0 15	29
0 16	21
0 17	19
0 18	49
0 19	10
0 20	23
0 21	45
0 23	28
0 24	35
0 26	20
0 27	17
0 28	2
0 29	9
0 30	48
0 32	3
0 33	43
0 34	38
0 35	18
0 36	42
0 39	27
0 40	34
0 41	30
0 42	31
0 43	32
0 45	41
0 46	24
0 47	15
0 48	25
0 49	16
1 1	44
1 2	23
1 3	30
1 4	11
1 5	8
1 6	27
1 7	47
1 8	6
1 9	34
1 10	16
1 11	13
1 12	43
1 13	29
1 14	48
1 15	15
1 16	35
1 17	7
1 18	0
1 20	37
1 22	12
1 24	45
1 25	2
1 26	1
1 27	14
1 29	22
1 30	10
1 32	32
1 33	26
1 34	21
1 36	20
1 38	5
1 40	41
1 41	17
1 42	28
1 43	46
1 44	4
1 45	31
1 47	24
1 48	49
1 49	36
2 0	35
2 1	27
2 2	3
2 3	7
2 4	42
2 5	14
2 6	13
2 8	9
2 9	0
2 11	36
2 12	47
2 13	49
2 14	31
2 15	38
2 16	19
2 17	30
2 19	20
2 20	1
2 21	6
2 22	23
2 23	21
2 24	18
2 25	46
2 26	8
2 28	34
2 29	4
2 34	22
2 35	41
2 36	28
2 37	12
2 40	15
2 41	29
2 42	17
2 46	10
2 47	45
2 48	24
2 49	44
3 0	24
3 1	20
3 2	26
3 3	12
3 4	35
3 5	39
3 7	45
3 8	25
3 9	15
3 10	3
3 11	23
3 12	46
3 13	13
3 16	28
3 17	34
3 18	1
3 19	32
3 20	36
3 21	33
3 22	27
3 26	16
3 27	37
3 29	19
3 30	49
3 31	4
3 32	42
3 33	31
3 34	17
3 36	0
3 37	40
3 38	6
3 39	38
3 40	11
3 41	5
3 42	41
3 44	22
3 45	44
3 46	7
3 48	30
3 49	29
4 0	14
4 1	11
4 2	32
4 4	38
4 6	36
4 8	30
4 9	17
4 10	33
4 11	0
4 12	5
4 13	4
4 14	34
4 15	16
4 16	45
4 19	15
4 21	8
4 22	46
4 23	1
4 24	13
4 25	23
4 27	29
4 29	39
4 31	27
4 32	26
4 33	35
4 35	44
4 36	25
4 37	21
4 38	31
4 39	10
4 40	48
4 41	9
4 42	12
4 43	2
4 44	3
4 45	6
4 48	42
4 49	41
5 0	3
5 3	41
5 4	10
5 5	2
5 6	42
5 9	9
5 10	35
5 11	24
5 12	8
5 13	48
5 14	28
5 15	19
5 16	47
5 17	22
5 18	17
5 19	26
5 22	16
5 23	29
5 24	36
5 25	15
5 27	33
5 29	49
5 30	34
5 31	13
5 32	44
5 33	11
5 34	6
5 35	37
5 37	7
5 39	45
5 40	18
5 41	31
5 42	39
5 43	14
5 45	5
5 46	27
5 47	0
5 48	1
5 49	40
6 0	1
6 1	25
6 2	43
6 3	44
6 5	46
6 6	28
6 7	29
6 9	13
6 10	31
6 11	38
6 12	26
6 15	11
6 16	9
6 17	2
6 18	4
6 19	37
6 20	5
6 21	0
6 22	41
6 23	24
6 24	17
6 25	12
6 26	14
6 27	21
6 28	8
6 29	16
6 31	45
6 32	49
6 33	32
6 34	27
6 35	34
6 36	6
6 38	19
6 40	33
6 41	39
6 42	22
6 43	42
6 44	10
6 45	36
6 47	30
6 48	15
6 49	47
7 0	40
7 2	28
7 3	17
7 5	15
7 6	4
7 7	44
7 8	29
7 9	23
7 10	5
7 11	49
7 12	42
7 13	14
7 15	20
7 17	31
7 18	34
7 19	47
7 20	30
7 23	43
7 24	16
7 25	11
7 26	35
7 27	36
7 28	45
7 30	1
7 31	38
7 34	18
7 36	22
7 37	26
7 38	37
7 40	6
7 41	24
7 42	10
7 43	33
7 44	48
7 45	8
7 47	12
7 48	27
8 0	11
8 2	35
8 3	10
8 4	28
8 6	12
8 7	4
8 8	36
8 10	23
8 11	22
8 12	20
8 13	6
8 14	39
8 15	24
8 16	29
8 17	40
8 18	3
8 19	44
8 20	15
8 21	16
8 22	32
8 23	27
8 24	1
8 26	30
8 27	2
8 28	33
8 29	5
8 31	8
8 32	45
8 35	31
8 36	26
8 38	41
8 39	21
8 40	37
8 41	48
8 42	34
8 43	38
8 44	49
8 45	17
8 47	13
8 48	14
8 49	25
9 0	46
9 1	30
9 2	37
9 3	0
9 4	16
9 5	41
9 7	13
9 8	21
9 12	27
9 14	9
9 15	1
9 16	43
9 19	14
9 21	36
9 22	19
9 24	33
9 25	28
9 26	5
9 27	49
9 29	38
9 30	6
9 31	40
9 32	47
9 33	12
9 34	26
9 35	20
9 36	8
9 37	35
9 40	29
9 41	15
9 44	42
9 45	34
9 48	3
9 49	11
10 1	18
10 2	7
10 3	40
10 4	3
10 5	49
10 6	30
10 7	9
10 8	20
10 9	8
10 10	22
10 11	25
10 13	45
10 14	17
10 16	10
10 17	36
10 18	13
10 19	41
10 20	12
10 22	0
10 24	43
10 25	39
10 27	47
10 30	38
10 31	42
10 32	11
10 33	46
10 34	2
10 35	27
10 36	31
10 37	14
10 38	16
10 40	44
10 41	32
10 43	34
10 44	5
10 45	19
10 46	28
10 48	21
10 49	4
11 0	27
11 1	7
11 2	48
11 3	19
11 4	45
11 5	34
11 6	40
11 8	39
11 9	2
11 11	47
11 12	29
11 13	32
11 14	24
11 15	35
11 16	4
11 17	8
11 18	43
11 20	46
11 21	10
11 22	36
11 26	0
11 27	12
11 29	25
11 30	37
11 31	26
11 33	49
11 34	33
11 36	38
11 37	11
11 38	18
11 39	42
11 40	22
11 41	13
11 44	44
11 46	3
11 49	15
12 1	24
12 3	29
12 4	31
12 7	1
12 8	14
12 12	6
12 13	27
12 14	32
12 16	48
12 17	4
12 18	44
12 20	35
12 21	18
12 24	39
12 26	21
12 28	16
12 29	2
12 30	43
12 31	25
12 32	13
12 33	7
12 34	47
12 35	28
12 36	37
12 38	22
12 39	34
12 40	23
12 41	19
12 42	15
12 43	8
12 44	26
12 45	10
12 46	42
12 47	17
12 48	11
12 49	12
13 0	43
13 1	42
13 2	22
13 3	49
13 4	30
13 6	46
13 7	7
13 8	12
13 9	35
13 10	32
13 11	19
13 12	36
13 13	5
13 14	14
13 16	26
13 18	24
13 19	16
13 20	25
13 21	38
13 23	2
13 24	44
13 25	18
13 26	15
13 27	1
13 28	4
13 30	31
13 31	41
13 32	34
13 33	37
13 34	28
13 35	11
13 37	6
13 38	17
13 39	3
13 40	10
13 42	45
13 43	48
13 45	13
13 46	21
13 47	27
13 48	39
13 49	8
14 0	22
14 1	0
14 2	27
14 3	48
14 4	41
14 5	1
14 6	21
14 9	43
14 10	44
14 11	14
14 12	13
14 13	30
14 15	32
14 16	33
14 17	45
14 19	31
14 20	3
14 21	24
14 22	11
14 23	10
14 24	46
14 25	40
14 27	23
14 29	26
14 30	2
14 31	47
14 32	8
14 33	38
14 34	4
14 35	16
14 36	17
14 37	37
14 38	25
14 39	18
14 40	19
14 41	34
14 42	36
14 45	49
14 46	12
14 48	29
14 49	9
15 1	28
15 2	19
15 3	2
15 4	7
15 5	26
15 7	34
15 9	29
15 10	40
15 12	4
15 13	37
15 14	1
15 15	47
15 17	35
15 18	38
15 19	23
15 20	16
15 22	43
15 23	44
15 24	25
15 28	21
15 29	6
15 30	27
15 31	12
15 32	41
15 33	33
15 34	46
15 35	22
15 36	3
15 37	5
15 39	14
15 40	9
15 41	42
15 43	24
15 44	20
15 45	45
15 47	10
15 48	36
16 0	49
16 1	3
16 2	8
16 3	1
16 4	24
16 5	37
16 6	35
16 7	22
16 8	45
16 9	4
16 10	7
16 11	31
16 12	40
16 13	12
16 14	33
16 15	27
16 16	36
16 17	21
16 18	28
16 19	25
16 20	32
16 21	29
16 25	44
16 26	39
16 27	43
16 28	42
16 30	15
16 32	46
16 33	16
16 34	30
16 36	11
16 37	0
16 38	38
16 39	41
16 40	20
16 41	26
16 42	5
16 43	47
16 44	9
16 45	14
16 46	18
16 47	23
16 48	6
16 49	10
17 0	37
17 1	47
17 3	39
17 4	33
17 5	31
17 6	10
17 7	11
17 9	1
17 10	42
17 11	28
17 12	44
17 14	26
17 15	45
17 17	25
17 18	40
17 19	36
17 20	7
17 21	32
17 22	21
17 23	14
17 24	23
17 25	13
17 28	49
17 30	4
17 31	9
17 34	0
17 35	35
17 36	15
17 37	17
17 39	22
17 40	5
17 41	8
17 42	43
17 44	19
17 45	12
17 46	34
17 47	41
17 48	18
17 49	38
18 0	47
18 2	46
18 3	13
18 4	15
18 5	29
18 6	33
18 7	27
18 8	24
18 9	30
18 10	38
18 11	48
18 13	41
18 14	11
18 16	5
18 18	9
18 22	3
18 23	49
18 24	42
18 28	37
18 29	23
18 30	8
18 32	14
18 33	10
18 34	25
18 35	32
18 36	12
18 39	4
18 40	36
18 41	40
18 43	39
18 45	7
18 46	16
18 47	34
18 48	43
19 1	39
19 2	12
19 3	45
19 4	29
19 5	22
19 6	18
19 7	23
19 8	43
19 9	25
19 10	17
19 11	44
19 12	48
19 13	15
19 14	0
19 15	41
19 16	38
19 18	37
19 19	11
19 20	33
19 22	6
19 23	31
19 24	21
19 25	20
19 26	40
19 29	8
19 30	19
19 31	7
19 32	10
19 33	24
19 34	32
19 35	13
19 36	9
19 37	46
19 38	47
19 39	49
19 40	14
19 41	36
19 42	30
19 43	1
19 44	28
19 46	2
19 47	42
19 48	35
19 49	34
20 0	8
20 1	45
20 3	9
20 4	20
20 5	44
20 7	28
20 8	19
20 9	11
20 10	43
20 11	34
20 13	47
20 14	41
20 16	24
20 17	33
20 18	21
20 21	4
20 22	2
20 23	23
20 24	31
20 25	5
20 26	22
20 27	7
20 28	25
20 29	30
20 31	49
20 32	18
20 33	27
20 35	38
20 36	32
20 37	16
20 38	46
20 39	1
20 40	40
20 41	6
20 42	48
20 43	12
20 44	17
20 45	26
20 46	39
20 47	36
20 49	35
21 0	28
21 1	15
21 2	2
21 3	33
21 4	25
21 5	9
21 6	11
21 7	12
21 8	17
21 9	41
21 10	24
21 12	23
21 13	19
21 14	42
21 15	46
21 16	37
21 17	6
21 18	35
21 21	13
21 22	14
21 24	8
21 26	38
21 28	18
21 29	47
21 30	32
21 31	44
21 32	27
21 35	10
21 36	16
21 39	30
21 40	1
21 41	3
21 42	7
21 43	29
21 45	0
21 46	5
21 47	48
21 48	22
21 49	20
22 0	31
22 1	29
22 2	41
22 4	40
22 5	16
22 6	24
22 7	19
22 9	36
22 10	12
22 11	7
22 12	30
22 13	44
22 14	27
22 15	39
22 16	11
22 17	18
22 18	15
22 19	1
22 20	10
22 22	38
22 25	33
22 26	47
22 29	34
22 30	5
22 32	6
22 33	4
22 34	9
22 35	8
22 36	49
22 37	45
22 38	35
22 39	17
22 40	26
22 41	23
22 42	25
22 43	37
22 44	21
22 45	3
22 46	43
22 47	14
22 49	22
23 0	45
23 1	43
23 2	6
23 3	28
23 5	33
23 6	1
23 7	49
23 9	10
23 10	27
23 11	5
23 13	9
23 16	22
23 17	11
23 18	36
23 19	21
23 20	20
23 21	19
23 22	42
23 23	48
23 24	15
23 26	12
23 27	44
23 28	17
23 29	41
23 31	18
23 32	39
23 33	40
23 34	24
23 36	2
23 37	30
23 38	7
23 39	46
23 40	35
23 41	37
23 42	8
23 43	16
23 44	14
23 45	23
23 46	32
23 47	47
23 48	4
23 49	13
24 1	35
24 3	26
24 4	17
24 5	3
24 6	38
24 7	37
24 8	23
24 9	42
24 10	47
24 12	2
24 13	43
24 14	20
24 15	30
24 16	31
24 18	33
24 21	14
24 22	44
24 23	22
24 24	28
24 25	32
24 26	36
24 27	34
24 28	0
24 29	15
24 30	46
24 31	11
24 32	5
24 34	7
24 35	24
24 36	39
24 38	8
24 40	12
24 41	18
24 42	4
24 43	10
24 44	25
24 47	1
24 48	40
25 0	23
25 1	32
25 2	14
25 3	36
25 6	47
25 7	31
25 8	41
25 9	38
25 10	2
25 11	17
25 12	15
25 13	25
25 14	4
25 17	9
25 18	48
25 21	5
25 22	34
25 23	33
25 24	0
25 25	30
25 28	26
25 30	35
25 31	16
25 33	3
25 34	20
25 35	7
25 37	39
25 38	42
25 39	37
25 40	49
25 41	28
25 43	21
25 44	43
25 45	11
25 46	45
25 47	29
25 49	18
26 0	32
26 1	22
26 2	44
26 3	23
26 4	12
26 5	17
26 6	26
26 7	25
26 8	33
26 9	31
26 10	36
26 11	21
26 12	24
26 13	18
26 14	6
26 15	14
26 16	40
26 17	10
26 18	8
26 19	46
26 20	13
26 22	15
26 23	45
26 27	39
26 28	41
26 29	1
26 30	30
26 31	5
26 32	35
26 34	16
26 35	3
26 36	7
26 38	9
26 41	20
26 42	11
26 43	28
26 44	2
26 45	48
26 46	29
26 47	38
26 48	34
26 49	42
27 0	6
27 3	11
27 4	4
27 6	0
27 7	26
27 8	31
27 9	21
27 11	43
27 12	28
27 13	16
27 14	29
27 15	48
27 16	14
27 17	15
27 18	5
27 19	22
27 20	47
27 21	41
27 22	1
27 23	34
27 25	19
27 26	23
27 27	10
27 28	7
27 29	42
27 30	17
27 31	33
27 32	24
27 33	13
27 35	36
27 36	44
27 37	32
27 38	45
27 39	25
27 40	30
27 41	27
27 42	3
27 44	46
27 45	37
27 47	2
27 48	20
27 49	49
28 0	41
28 1	10
28 2	15
28 3	27
28 4	2
28 5	40
28 6	37
28 7	39
28 8	0
28 10	21
28 11	42
28 12	3
28 13	1
28 15	18
28 16	7
28 17	49
28 18	23
28 19	34
28 20	11
28 22	26
28 23	38
28 24	5
28 25	24
28 26	17
28 27	30
28 28	13
28 30	16
28 31	6
28 32	48
28 33	25
28 34	29
28 35	43
28 37	28
28 38	14
28 40	31
28 41	4
28 42	44
28 43	19
28 44	47
28 45	20
28 46	35
28 47	46
28 48	45
29 0	34
29 1	31
29 2	4
29 3	43
29 4	6
29 5	10
29 6	49
29 7	35
29 8	40
29 9	28
29 10	0
29 11	2
29 12	19
29 13	39
29 14	21
29 15	44
29 16	20
29 17	42
29 18	14
29 19	8
29 20	18
29 21	12
29 22	30
29 23	26
29 24	7
29 25	16
29 27	48
29 28	47
29 30	36
29 31	3
29 32	25
29 33	22
29 34	11
29 35	9
29 36	27
29 37	13
29 38	23
29 39	5
29 40	38
29 41	46
29 42	1
29 43	15
29 44	45
29 45	29
29 46	37
29 47	33
29 48	41
29 49	32
30 0	0
30 1	2
30 2	30
30 4	22
30 5	13
30 6	39
30 7	10
30 8	18
30 9	6
30 11	27
30 13	34
30 14	12
30 16	32
30 17	43
30 18	47
30 19	3
30 20	49
30 21	25
30 22	35
30 23	5
30 24	29
30 25	42
30 26	9
30 27	11
30 29	31
30 30	26
30 31	21
30 32	28
30 33	19
30 34	41
30 35	1
30 36	24
30 37	33
30 38	48
30 39	44
30 40	46
30 41	38
30 42	37
30 43	36
30 44	8
30 45	4
30 46	17
30 47	20
30 48	23
30 49	7
31 0	12
31 1	33
31 2	36
31 4	21
31 5	11
31 6	34
31 8	10
31 10	25
31 12	9
31 13	17
31 14	23
31 15	5
31 16	6
31 18	42
31 19	49
31 20	28
31 22	18
31 23	4
31 24	24
31 25	22
31 26	44
31 27	20
31 28	29
31 29	43
31 30	14
31 31	48
31 32	15
31 33	30
31 34	40
31 35	26
31 37	31
31 39	19
31 41	45
31 42	47
31 43	0
31 44	7
31 46	41
31 47	35
31 48	16
32 2	45
32 3	3
32 4	46
32 5	38
32 6	7
32 9	12
32 11	30
32 12	17
32 14	49
32 15	0
32 16	23
32 17	14
32 18	19
32 19	35
32 20	34
32 21	47
32 22	22
32 23	16
32 24	11
32 25	10
32 26	31
32 27	41
32 28	44
32 29	48
32 30	28
32 31	29
32 32	20
32 33	42
32 34	43
32 35	2
32 36	40
32 37	1
32 39	33
32 41	21
32 42	13
32 43	6
32 45	15
32 47	8
32 49	5
33 0	29
33 1	46
33 3	47
33 4	9
33 5	36
33 6	8
33 7	5
33 8	22
33 9	44
33 11	16
33 12	11
33 13	33
33 14	45
33 15	28
33 16	25
33 17	3
33 19	0
33 20	39
33 21	35
33 22	17
33 23	42
33 24	4
33 27	18
33 28	32
33 29	7
33 30	21
33 31	37
33 32	30
33 33	14
33 37	10
33 38	34
33 39	31
33 40	43
33 42	40
33 45	24
33 46	23
33 47	49
33 48	2
33 49	27
34 0	18
34 2	47
34 3	6
34 4	1
34 5	24
34 6	9
34 7	17
34 8	26
34 9	16
34 10	30
34 11	40
34 12	12
34 14	8
34 15	34
34 17	44
34 18	39
34 19	45
34 21	49
34 22	29
34 24	14
34 25	48
34 26	41
34 27	31
34 28	19
34 29	33
34 31	35
34 32	4
34 34	36
34 35	5
34 36	21
34 37	38
34 38	2
34 41	10
34 42	0
34 43	11
34 44	37
34 45	46
34 46	22
34 47	43
34 48	13
34 49	3
35 1	34
35 2	1
35 3	42
35 4	14
35 6	25
35 8	4
35 9	40
35 10	6
35 11	33
35 15	12
35 16	15
35 17	41
35 18	2
35 20	19
35 22	47
35 26	45
35 27	46
35 28	38
35 29	28
35 30	24
35 31	39
35 32	9
35 33	17
35 34	10
35 35	29
35 36	5
35 37	27
35 38	26
35 40	7
35 41	44
35 42	49
35 43	18
35 44	31
35 45	32
35 47	21
35 48	48
35 49	43
36 0	10
36 1	48
36 2	18
36 3	37
36 4	0
36 5	32
36 6	20
36 8	7
36 9	14
36 10	46
36 11	45
36 12	16
36 14	5
36 15	3
36 17	13
36 18	29
36 19	19
36 20	44
36 21	1
36 22	28
36 23	17
36 24	27
36 25	9
36 26	34
36 29	35
36 30	22
36 31	43
36 32	38
36 33	15
36 35	30
36 36	47
36 37	8
36 38	36
36 39	11
36 40	4
36 41	25
36 42	2
36 43	49
36 44	12
36 45	39
36 46	6
36 47	31
36 48	26
36 49	24
37 0	42
37 1	9
37 2	13
37 3	38
37 6	22
37 7	24
37 8	34
37 10	1
37 11	35
37 12	25
37 13	26
37 14	16
37 15	17
37 16	49
37 17	28
37 19	39
37 20	0
37 21	2
37 23	18
37 24	47
37 25	27
37 26	7
37 27	6
37 28	11
37 29	37
37 30	41
37 31	14
37 32	36
37 33	8
37 34	15
37 35	4
37 36	43
37 39	29
37 40	32
37 41	33
37 42	19
37 43	45
37 44	23
37 45	21
37 46	40
37 48	12
37 49	46
38 0	13
38 1	14
38 2	11
38 3	31
38 4	19
38 5	21
38 6	48
38 7	41
38 8	47
38 9	7
38 10	45
38 11	29
38 12	33
38 13	42
38 14	10
38 16	16
38 17	24
38 18	32
38 19	2
38 20	8
38 21	26
38 23	46
38 25	25
38 27	3
38 28	35
38 30	44
38 32	23
38 33	1
38 34	34
38 35	39
38 36	4
38 37	9
38 38	43
38 39	40
38 40	28
38 41	12
38 42	20
38 43	27
38 45	18
38 47	22
38 48	5
38 49	17
39 0	38
39 2	34
39 3	4
39 4	47
39 5	12
39 6	17
39 8	15
39 9	37
39 10	29
39 12	14
39 13	35
39 14	44
39 15	43
39 16	1
39 17	39
39 18	26
39 19	33
39 20	42
39 22	5
39 23	20
39 24	41
39 25	31
39 26	2
39 27	24
39 28	27
39 30	23
39 31	10
39 33	21
39 35	19
39 38	49
39 39	6
39 40	8
39 41	0
39 42	9
39 44	16
39 45	28
39 46	25
39 47	32
39 48	7
40 0	17
40 1	6
40 2	31
40 3	18
40 4	49
40 5	25
40 6	16
40 7	2
40 8	28
40 9	39
40 10	20
40 11	11
40 12	34
40 14	36
40 15	7
40 16	0
40 17	47
40 19	5
40 20	45
40 21	46
40 22	4
40 23	3
40 25	43
40 26	10
40 27	9
40 28	1
40 29	32
40 30	42
40 31	15
40 32	21
40 33	44
40 34	8
40 35	40
40 36	41
40 37	24
40 38	33
40 40	13
40 43	26
40 45	30
40 46	14
40 47	37
40 48	19
40 49	48
41 0	39
41 1	16
41 3	25
41 4	43
41 5	5
41 7	21
41 8	37
41 9	49
41 11	9
41 12	22
41 13	46
41 14	30
41 15	36
41 16	13
41 17	17
41 18	12
41 19	42
41 20	29
41 22	10
41 23	8
41 24	3
41 25	6
41 26	11
41 27	38
41 28	31
41 29	27
41 31	28
41 32	0
41 33	18
41 34	19
41 35	48
41 36	34
41 38	1
41 40	2
41 41	7
41 42	14
41 43	44
41 44	41
41 45	35
41 46	33
41 47	40
41 48	32
41 49	26
42 1	13
42 2	0
42 3	22
42 5	47
42 6	43
42 7	42
42 8	1
42 9	19
42 10	34
42 12	21
42 13	8
42 14	35
42 15	49
42 16	17
42 18	46
42 19	38
42 20	31
42 21	28
42 22	7
42 23	6
42 24	32
42 25	37
42 26	48
42 28	39
42 29	18
42 30	11
42 31	30
42 32	2
42 33	9
42 36	29
42 38	40
42 39	24
42 40	3
42 41	41
42 42	26
42 43	20
42 48	33
42 49	23
43 1	4
43 2	10
43 5	42
43 7	0
43 8	44
43 9	27
43 10	9
43 11	26
43 13	3
43 14	13
43 15	25
43 16	8
43 17	1
43 20	48
43 21	7
43 22	24
43 23	30
43 24	49
43 25	35
43 27	45
43 28	12
43 30	47
43 31	20
43 32	16
43 33	34
43 37	29
43 38	15
43 39	36
43 40	17
43 41	43
43 42	38
43 43	23
43 44	33
43 45	22
43 47	28
43 49	31
44 0	5
44 1	49
44 2	17
44 3	35
44 4	36
44 5	0
44 6	6
44 7	8
44 10	18
44 11	20
44 12	31
44 13	10
44 14	37
44 15	2
44 16	39
44 19	43
44 20	9
44 22	40
44 23	12
44 24	26
44 25	41
44 26	3
44 27	32
44 28	14
44 29	46
44 30	25
44 31	24
44 32	19
44 33	28
44 34	44
44 36	33
44 38	29
44 39	13
44 41	22
44 42	21
44 43	4
44 44	30
44 45	47
44 46	48
44 47	7
44 48	38
45 0	36
45 1	8
45 2	9
45 7	6
45 8	16
45 9	33
45 10	41
45 11	15
45 12	35
45 13	40
45 14	2
45 15	21
45 16	12
45 17	5
45 18	30
45 19	48
45 21	17
45 22	20
45 23	7
45 24	34
45 25	29
45 26	18
45 27	25
45 28	22
45 30	13
45 31	23
45 34	1
45 35	49
45 36	14
45 38	0
45 39	43
45 40	45
45 41	11
45 43	31
45 44	24
45 46	44
45 47	26
45 48	47
45 49	28
46 0	4
46 1	26
46 3	15
46 4	34
46 5	19
46 7	30
46 8	32
46 10	39
46 12	7
46 13	20
46 15	42
46 16	27
46 17	29
46 18	31
46 19	28
46 20	6
46 21	44
46 22	25
46 23	13
46 24	9
46 25	47
46 26	43
46 27	16
46 28	10
46 29	36
46 31	1
46 32	22
46 34	5
46 35	46
46 36	48
46 37	23
46 38	3
46 39	35
46 40	21
46 41	2
46 42	33
46 44	0
46 45	38
46 46	49
46 47	11
46 48	8
46 49	14
47 1	17
47 2	21
47 4	23
47 6	29
47 7	43
47 9	48
47 10	15
47 11	1
47 12	41
47 13	22
47 14	38
47 15	10
47 16	34
47 17	32
47 18	7
47 19	24
47 20	4
47 21	31
47 22	37
47 23	11
47 24	19
47 25	8
47 26	25
47 27	28
47 28	9
47 29	20
47 31	0
47 33	36
47 34	3
47 35	12
47 37	2
47 39	47
47 41	49
47 42	42
47 44	18
47 46	30
47 47	5
47 48	44
47 49	6
48 0	9
48 3	32
48 5	28
48 6	41
48 8	42
48 9	20
48 10	13
48 11	6
48 12	49
48 13	2
48 14	19
48 15	4
48 16	46
48 17	23
48 18	25
48 19	27
48 20	24
48 21	37
48 22	39
48 23	15
48 24	40
48 26	29
48 27	8
48 28	30
48 29	11
48 30	0
48 31	22
48 32	31
48 34	45
48 36	35
48 37	34
48 38	10
48 39	12
48 40	47
48 42	16
48 43	7
48 44	36
48 46	26
48 47	44
48 48	17
48 49	21
49 0	21
49 1	5
49 2	29
49 3	34
49 4	39
49 5	45
49 6	14
49 9	26
49 10	19
49 11	18
49 12	32
49 13	31
49 14	15
49 17	38
49 18	11
49 19	7
49 20	41
49 21	22
49 22	8
49 23	25
49 25	3
49 28	36
49 29	44
49 30	33
49 33	23
49 36	13
49 37	42
49 38	24
49 39	28
49 42	46
49 43	43
49 44	40
49 45	9
49 46	1
49 47	4
49 48	10
49 49	2
