50
0 7	7
0 9	37
0 22	42
0 24	25
0 30	18
0 35	9
0 37	47
1 1	38
1 2	30
1 5	12
1 7	23
1 8	25
1 9	49
1 11	17
1 16	46
1 17	41
1 36	7
1 37	8
1 41	27
1 45	31
2 2	33
2 8	48
2 11	8
2 12	37
2 20	3
2 22	25
2 23	38
2 24	26
2 26	9
2 35	28
2 36	20
2 41	17
2 43	23
2 44	45
2 45	47
2 46	30
2 47	40
2 49	19
3 3	17
3 8	30
3 13	44
3 19	28
3 20	10
3 24	35
3 29	18
4 0	20
4 2	17
4 4	5
4 5	47
4 9	23
4 10	42
4 15	18
4 17	39
4 18	4
4 20	21
4 26	12
4 27	9
4 34	38
4 37	46
4 41	35
4 44	0
4 46	26
4 49	28
5 0	34
5 1	47
5 2	43
5 4	42
5 20	19
5 33	38
5 35	40
5 42	45
5 45	2
5 47	12
6 0	18
6 4	30
6 5	15
6 8	4
6 13	38
6 14	37
6 15	7
6 16	29
6 18	16
6 19	24
6 21	41
6 22	20
6 25	2
6 26	8
6 28	45
6 32	9
6 33	12
6 35	23
6 47	39
7 2	49
7 4	45
7 7	10
7 12	42
7 15	41
7 16	23
7 18	21
7 21	18
7 25	17
7 26	5
7 29	46
7 36	2
7 40	22
7 41	32
7 43	4
7 44	39
7 47	37
7 48	36
7 49	20
8 6	15
8 7	22
8 12	39
8 13	32
8 17	20
8 21	10
8 25	37
8 29	7
8 31	14
8 34	23
8 37	34
8 39	36
8 42	40
8 43	31
8 44	6
9 2	35
9 4	25
9 11	27
9 14	38
9 15	40
9 18	17
9 24	11
9 25	43
9 32	26
9 34	5
9 43	2
9 47	3
9 49	24
10 2	41
10 10	48
10 16	6
10 18	40
10 19	32
10 22	26
10 24	2
10 26	44
10 28	18
10 30	16
10 34	8
10 35	49
10 36	0
10 38	39
10 39	46
10 40	9
10 41	12
10 46	19
11 1	16
11 2	47
11 3	46
11 5	45
11 9	32
11 10	34
11 15	19
11 19	49
11 21	15
11 22	43
11 23	35
11 25	1
11 28	48
11 29	36
11 30	3
11 31	24
11 33	42
11 36	26
11 38	25
11 40	30
11 41	21
11 47	18
11 49	44
12 1	22
12 10	8
12 14	41
12 17	19
12 22	9
12 24	24
12 31	2
12 35	1
12 36	30
12 39	18
12 42	12
12 44	49
12 46	46
12 48	45
13 3	26
13 4	44
13 9	47
13 20	31
13 24	4
13 26	6
13 29	2
13 31	19
13 33	25
13 34	36
13 37	48
13 39	12
13 42	23
13 46	37
13 47	35
13 48	46
14 0	11
14 2	28
14 3	40
14 5	44
14 9	41
14 14	16
14 16	20
14 17	4
14 19	19
14 21	9
14 23	42
14 24	46
14 29	24
14 31	45
14 32	30
14 33	10
14 35	25
14 42	7
14 43	18
14 44	38
14 46	29
14 48	2
15 3	27
15 4	36
15 7	0
15 8	20
15 13	26
15 15	21
15 18	48
15 20	42
15 21	13
15 23	6
15 24	30
15 25	31
15 29	19
15 31	40
15 36	24
15 37	3
15 40	17
15 41	43
15 43	49
15 44	22
15 46	14
15 48	28
15 49	25
16 2	20
16 4	47
16 7	48
16 11	26
16 15	35
16 17	49
16 20	32
16 25	25
16 27	3
16 30	29
16 31	37
16 38	11
16 41	31
16 45	16
16 49	38
17 0	12
17 3	42
17 5	24
17 9	11
17 11	29
17 12	26
17 13	41
17 15	9
17 17	6
17 28	37
17 38	2
17 43	21
17 44	48
17 45	5
17 48	30
18 0	36
18 13	19
18 19	35
18 24	40
18 27	34
18 31	0
18 33	13
18 35	24
18 39	42
18 42	5
18 46	1
18 48	38
18 49	17
19 1	3
19 3	44
19 6	33
19 8	39
19 10	47
19 13	40
19 25	28
19 26	20
19 31	8
19 32	13
19 33	17
19 35	22
19 36	49
19 41	5
19 45	37
19 46	11
19 47	10
19 49	31
20 10	40
20 12	43
20 14	4
20 17	17
20 24	18
20 30	41
20 33	47
20 39	23
20 40	20
20 41	22
20 43	42
20 48	16
21 13	6
21 20	38
21 26	16
21 30	22
21 35	11
21 38	0
21 40	2
21 43	7
21 47	48
22 2	5
22 9	30
22 11	7
22 12	3
22 18	10
22 19	11
22 20	48
22 24	21
22 26	47
22 28	33
22 42	44
22 44	15
23 0	33
23 3	13
23 4	9
23 5	43
23 9	19
23 10	11
23 15	20
23 19	41
23 21	27
23 23	25
23 24	16
23 28	0
23 37	44
23 40	24
23 41	7
24 1	0
24 4	21
24 6	41
24 9	7
24 10	14
24 13	49
24 14	18
24 16	43
24 17	11
24 31	30
24 35	3
24 36	28
24 37	13
24 41	39
24 44	34
25 0	4
25 6	1
25 8	6
25 12	12
25 20	23
25 21	3
25 22	24
25 23	48
25 27	38
25 29	14
25 37	43
25 38	21
25 40	28
25 43	32
25 44	20
25 48	11
25 49	26
26 7	11
26 9	3
26 12	18
26 16	42
26 26	24
26 29	9
26 30	8
26 35	37
26 37	39
26 38	45
26 41	33
26 42	17
26 47	16
26 49	2
27 10	36
27 11	43
27 12	44
27 13	1
27 16	11
27 18	47
27 20	7
27 22	29
27 25	32
27 26	19
27 27	45
27 28	8
27 29	26
27 34	6
27 36	22
27 45	23
28 5	26
28 6	9
28 7	46
28 8	8
28 9	28
28 12	30
28 20	34
28 22	22
28 33	20
28 39	25
28 46	48
28 49	1
29 1	10
29 4	46
29 10	38
29 11	23
29 15	4
29 24	45
29 29	31
29 31	5
29 35	30
29 37	40
29 46	20
29 49	0
30 6	23
30 11	9
30 22	32
30 27	21
30 30	38
30 31	47
30 32	3
30 35	15
30 37	37
30 38	5
30 41	18
30 42	42
30 44	10
30 48	48
31 4	28
31 7	18
31 8	46
31 10	37
31 15	8
31 16	39
31 19	31
31 20	30
31 28	35
31 29	42
31 35	10
31 37	5
31 38	16
31 40	11
31 43	12
31 44	25
31 45	27
32 0	47
32 3	5
32 9	17
32 10	28
32 11	24
32 18	26
32 21	12
32 24	6
32 25	41
32 27	37
32 28	19
32 30	39
32 31	34
32 32	38
32 35	21
32 39	33
32 41	2
32 42	48
33 5	0
33 6	13
33 11	1
33 14	36
33 21	4
33 22	48
33 23	47
33 26	35
33 28	24
33 31	17
33 38	40
33 40	46
33 41	3
33 45	39
34 13	10
34 15	6
34 18	43
34 23	12
34 29	32
34 35	0
34 39	9
35 1	48
35 6	22
35 7	28
35 8	11
35 11	44
35 17	2
35 18	3
35 22	47
35 24	0
35 30	30
35 32	32
35 34	14
35 36	42
35 42	49
35 43	20
36 0	10
36 1	13
36 9	20
36 10	18
36 11	37
36 20	5
36 22	0
36 32	11
36 34	32
36 36	27
36 38	48
36 42	6
36 43	14
36 44	26
36 46	23
37 1	7
37 2	16
37 5	2
37 6	3
37 7	37
37 11	11
37 13	43
37 14	29
37 16	45
37 17	14
37 20	4
37 30	33
37 37	28
37 39	1
37 44	24
37 45	19
37 46	44
37 47	17
37 48	10
38 8	16
38 9	27
38 10	30
38 17	28
38 22	15
38 23	45
38 24	10
38 27	25
38 28	31
38 29	40
38 30	1
38 31	44
38 33	26
38 37	42
38 40	8
38 41	20
38 46	5
39 3	16
39 5	29
39 6	5
39 7	33
39 9	38
39 15	11
39 16	32
39 17	7
39 23	28
39 24	41
39 28	22
39 29	17
39 31	25
39 32	44
39 34	37
39 38	6
39 39	3
40 2	42
40 5	1
40 9	18
40 10	6
40 12	34
40 13	28
40 14	43
40 15	32
40 16	13
40 17	21
40 18	41
40 26	33
40 29	29
40 30	10
40 31	16
40 40	37
40 41	45
40 46	36
41 0	16
41 1	49
41 7	42
41 10	2
41 11	45
41 12	31
41 13	8
41 14	6
41 18	34
41 25	20
41 32	29
41 36	18
41 37	10
41 39	44
41 40	4
41 41	9
41 46	25
41 47	27
41 48	37
42 9	44
42 10	20
42 13	17
42 14	15
42 19	5
42 22	49
42 25	8
42 29	16
42 31	23
42 33	1
42 38	28
42 43	22
42 49	48
43 4	38
43 5	28
43 7	34
43 8	41
43 10	13
43 11	32
43 12	25
43 13	4
43 16	9
43 18	49
43 22	40
43 32	10
43 33	6
43 43	29
43 45	12
44 8	31
44 9	0
44 18	42
44 23	32
44 29	10
44 46	6
44 48	27
45 3	45
45 5	16
45 6	37
45 15	49
45 19	7
45 20	24
45 22	14
45 28	12
45 30	19
45 31	39
45 36	43
45 41	25
45 42	33
45 44	42
45 45	22
45 48	4
46 2	25
46 6	28
46 10	44
46 14	8
46 16	18
46 20	15
46 24	13
46 25	12
46 32	27
46 33	43
46 34	40
46 37	29
46 40	3
46 43	10
47 1	20
47 3	15
47 7	24
47 9	1
47 13	47
47 16	28
47 19	33
47 22	4
47 26	29
47 33	7
47 34	41
47 36	45
47 37	30
47 38	22
47 39	13
47 43	3
48 0	43
48 2	11
48 3	41
48 4	6
48 10	16
48 12	27
48 13	3
48 18	15
48 29	48
48 32	18
48 38	14
48 43	39
48 44	2
48 46	8
49 5	39
49 7	44
49 14	45
49 18	20
49 20	16
49 21	2
49 22	11
49 23	49
49 26	37
49 27	43
49 32	28
49 34	10
49 40	38
49 43	41
49 47	32
