50
0 7	37
0 8	23
0 9	42
0 12	22
0 13	33
0 19	36
0 22	3
0 24	25
0 27	13
0 28	43
0 29	17
0 31	8
0 32	21
0 38	31
0 39	29
0 40	38
0 42	35
0 46	44
0 47	5
0 49	40
1 2	17
1 3	23
1 6	33
1 12	46
1 16	26
1 18	40
1 20	38
1 33	34
1 35	29
1 41	0
1 42	5
1 46	41
2 4	4
2 12	1
2 15	24
2 16	15
2 17	30
2 20	17
2 21	11
2 22	19
2 31	29
2 37	0
2 38	21
2 39	33
2 42	31
2 43	35
3 0	19
3 2	8
3 6	4
3 8	17
3 9	43
3 11	27
3 12	44
3 13	22
3 17	34
3 18	18
3 19	31
3 27	25
3 31	20
3 36	9
3 42	36
3 45	23
3 49	45
4 1	3
4 5	6
4 11	28
4 12	35
4 19	13
4 21	23
4 24	4
4 27	7
4 31	41
4 37	49
4 39	26
4 40	22
4 41	18
4 43	48
4 47	25
5 1	48
5 10	2
5 12	27
5 13	20
5 22	29
5 32	31
5 33	41
5 34	25
5 36	45
5 38	26
5 39	15
5 40	28
5 41	16
5 42	14
5 43	38
5 47	46
6 4	1
6 9	7
6 10	45
6 11	9
6 17	13
6 27	4
6 28	38
6 29	26
6 32	49
6 33	22
6 36	20
6 37	47
6 39	30
6 41	44
6 49	32
7 3	7
7 4	13
7 9	23
7 13	21
7 20	49
7 28	0
7 30	8
7 33	20
7 36	25
7 37	40
7 42	15
8 1	5
8 4	23
8 10	37
8 12	14
8 17	47
8 19	27
8 22	40
8 25	26
8 26	17
8 29	32
8 30	35
8 31	2
8 33	43
8 37	31
8 39	39
8 48	28
8 49	33
9 0	33
9 1	32
9 4	11
9 8	41
9 14	12
9 18	36
9 20	26
9 26	28
9 28	20
9 29	37
9 33	42
9 41	49
9 43	44
9 44	31
9 47	35
10 1	49
10 3	2
10 4	48
10 12	20
10 23	39
10 26	44
10 35	7
10 41	10
10 44	24
10 47	12
10 48	6
11 1	28
11 2	12
11 5	17
11 20	19
11 22	47
11 24	5
11 30	26
11 32	30
11 33	40
11 35	10
11 37	25
11 39	11
11 44	8
11 48	43
11 49	31
12 0	17
12 1	18
12 4	30
12 10	42
12 12	9
12 15	33
12 18	12
12 19	37
12 22	13
12 23	41
12 24	10
12 29	48
12 31	6
12 32	36
12 39	25
12 45	44
13 3	26
13 11	6
13 12	19
13 14	35
13 19	8
13 23	30
13 25	17
13 26	38
13 27	0
13 36	42
13 37	3
13 39	7
13 44	18
14 2	46
14 4	20
14 6	37
14 7	7
14 9	30
14 13	11
14 14	14
14 15	44
14 16	2
14 21	1
14 24	18
14 25	42
14 26	39
14 28	23
14 35	5
14 37	4
14 39	40
14 40	15
14 43	43
14 46	33
14 47	29
14 48	16
15 3	17
15 4	6
15 6	26
15 7	40
15 8	24
15 11	16
15 13	36
15 19	32
15 33	25
15 34	18
15 36	41
15 37	27
15 39	46
15 43	0
16 0	47
16 3	41
16 7	48
16 14	9
16 20	28
16 21	2
16 29	20
16 35	18
16 37	38
16 40	44
16 42	13
16 44	5
16 46	42
16 47	1
17 3	38
17 9	44
17 10	11
17 11	39
17 13	9
17 18	3
17 19	30
17 21	5
17 23	25
17 31	46
17 33	32
17 38	40
17 39	23
17 44	47
17 49	16
18 0	5
18 1	34
18 9	25
18 10	41
18 12	43
18 13	17
18 20	31
18 21	42
18 24	35
18 33	3
18 36	39
18 37	7
18 41	4
18 46	38
18 47	16
18 49	11
19 3	8
19 6	19
19 7	27
19 9	46
19 10	26
19 12	29
19 13	42
19 16	38
19 20	18
19 26	23
19 34	31
19 37	22
19 38	7
19 39	24
19 41	15
19 42	37
19 46	14
19 47	11
19 48	25
20 2	40
20 8	5
20 11	36
20 15	29
20 18	16
20 20	6
20 31	9
20 37	11
20 42	39
20 43	17
20 44	44
20 47	10
20 49	13
21 3	14
21 8	37
21 11	12
21 17	41
21 18	2
21 21	27
21 26	11
21 28	8
21 32	23
21 36	40
21 37	44
21 41	32
22 0	49
22 1	7
22 4	2
22 13	15
22 14	3
22 15	46
22 24	33
22 26	26
22 33	29
22 39	5
22 40	47
22 41	19
22 42	23
22 46	8
23 0	6
23 1	23
23 5	8
23 7	19
23 10	33
23 11	20
23 20	10
23 23	11
23 24	41
23 29	12
23 37	29
23 42	30
23 47	38
24 2	23
24 7	17
24 8	25
24 9	34
24 12	11
24 15	41
24 19	28
24 21	20
24 26	42
24 32	43
24 35	16
24 36	21
24 39	32
24 40	19
24 41	33
24 42	24
24 44	10
24 45	5
24 46	12
25 6	32
25 7	21
25 10	36
25 11	17
25 14	2
25 17	33
25 19	34
25 24	12
25 29	47
25 33	8
25 36	13
25 37	26
25 38	35
25 39	9
25 49	44
26 3	28
26 9	20
26 14	7
26 15	47
26 17	44
26 18	46
26 19	11
26 22	34
26 25	45
26 29	30
26 32	29
26 33	39
26 37	16
26 42	32
26 44	27
26 49	9
27 0	24
27 2	36
27 3	0
27 12	26
27 16	22
27 18	4
27 24	1
27 26	46
27 29	41
27 30	44
27 35	35
27 37	9
27 43	5
27 46	43
27 47	23
28 0	37
28 1	17
28 4	7
28 6	40
28 13	46
28 19	38
28 20	1
28 28	28
28 32	10
28 44	36
28 46	34
29 0	4
29 1	22
29 2	49
29 3	33
29 5	29
29 11	24
29 19	16
29 21	19
29 23	34
29 27	45
29 29	46
29 31	36
29 33	28
29 36	48
29 41	43
29 42	6
29 46	7
29 48	21
30 1	45
30 4	21
30 6	24
30 9	31
30 14	18
30 19	1
30 20	39
30 28	30
30 39	34
30 41	35
30 42	46
30 44	9
30 46	13
30 47	33
30 49	15
31 0	0
31 2	18
31 3	27
31 4	15
31 7	12
31 9	29
31 12	31
31 13	23
31 18	42
31 23	49
31 24	43
31 25	44
31 28	48
31 29	38
31 37	28
31 39	21
31 41	36
31 45	26
31 46	1
31 49	46
32 1	31
32 2	25
32 3	21
32 4	27
32 6	18
32 12	6
32 13	10
32 14	22
32 18	26
32 21	33
32 24	28
32 28	16
32 31	34
32 36	0
32 44	2
33 1	14
33 5	26
33 6	35
33 7	23
33 10	1
33 12	49
33 13	2
33 14	8
33 15	42
33 16	28
33 19	21
33 21	6
33 24	34
33 26	18
33 33	16
33 34	40
33 37	19
33 40	48
33 48	9
34 6	17
34 7	33
34 9	49
34 16	8
34 23	18
34 29	13
34 31	44
34 32	27
34 34	26
34 41	5
34 46	30
35 1	8
35 3	16
35 7	42
35 21	9
35 30	18
35 37	43
35 38	47
35 39	1
35 40	29
35 41	45
35 43	46
35 45	6
35 49	19
36 4	43
36 6	9
36 9	16
36 11	18
36 13	13
36 18	6
36 21	35
36 22	20
36 23	21
36 25	39
36 34	48
36 41	41
36 43	10
37 0	23
37 6	5
37 13	41
37 16	9
37 17	8
37 19	42
37 26	32
37 29	25
37 31	0
37 32	47
37 33	12
37 39	2
37 44	30
37 48	34
38 1	9
38 3	46
38 7	15
38 10	35
38 13	14
38 15	36
38 20	33
38 22	24
38 27	2
38 29	8
38 32	48
38 33	6
38 34	17
38 35	21
38 39	22
38 41	37
38 43	30
38 45	13
38 47	20
39 0	16
39 1	44
39 2	9
39 4	42
39 5	35
39 8	13
39 9	17
39 13	25
39 14	46
39 17	43
39 19	23
39 22	31
39 24	38
39 30	3
39 31	24
39 32	18
39 46	32
39 47	6
40 0	38
40 8	18
40 10	20
40 11	23
40 20	13
40 25	2
40 29	44
40 41	30
41 0	25
41 1	26
41 3	11
41 5	38
41 7	35
41 9	22
41 10	21
41 13	28
41 20	3
41 21	36
41 23	10
41 26	34
41 28	33
41 31	47
41 32	14
41 33	4
41 35	12
41 36	2
41 39	44
41 41	8
41 43	37
41 46	45
41 49	1
42 0	13
42 2	45
42 8	48
42 10	29
42 16	30
42 23	36
42 24	42
42 30	25
42 33	33
42 35	37
42 42	22
43 2	4
43 4	17
43 8	29
43 11	33
43 13	35
43 19	22
43 20	16
43 21	12
43 24	26
43 25	31
43 28	7
43 33	11
43 35	42
43 41	46
43 44	37
43 48	20
44 1	39
44 4	37
44 5	42
44 9	21
44 10	13
44 13	0
44 14	5
44 16	29
44 26	49
44 34	33
44 41	28
44 42	17
44 46	35
44 48	48
45 4	19
45 5	9
45 7	46
45 8	38
45 11	42
45 16	34
45 30	22
45 31	49
45 42	43
45 43	40
46 6	13
46 19	44
46 20	21
46 21	22
46 25	34
46 31	37
46 34	23
46 38	17
46 40	4
46 45	43
46 47	8
46 48	7
47 3	22
47 4	0
47 6	3
47 10	6
47 15	16
47 18	21
47 21	32
47 28	12
47 29	18
47 36	29
47 41	1
47 42	48
47 43	42
47 45	11
47 46	36
47 48	17
48 4	22
48 13	49
48 14	16
48 19	20
48 22	14
48 27	1
48 36	46
48 39	42
48 42	26
48 43	39
49 2	7
49 8	39
49 9	1
49 10	14
49 11	11
49 15	19
49 16	36
49 21	13
49 25	30
49 27	43
49 29	9
49 33	18
49 34	16
49 38	10
49 39	48
49 41	12
49 42	3
49 43	24
49 45	41
49 49	49
