50
0 0	4
0 1	0
0 5	13
0 6	37
0 7	49
0 13	12
0 19	38
0 22	48
0 23	44
0 26	25
0 27	20
0 28	23
0 32	21
0 33	46
0 39	16
0 40	32
0 41	6
0 45	17
0 48	42
1 2	3
1 3	10
1 4	36
1 6	35
1 7	42
1 8	40
1 10	0
1 12	30
1 16	11
1 17	45
1 18	8
1 22	29
1 27	12
1 31	6
1 32	41
1 35	26
1 37	14
1 39	37
1 41	2
1 43	39
1 45	23
1 48	49
2 4	20
2 9	21
2 11	42
2 15	31
2 16	41
2 17	12
2 19	32
2 20	38
2 22	15
2 24	47
2 31	11
2 32	4
2 34	22
2 40	49
2 41	43
2 44	26
2 47	35
2 48	14
2 49	3
3 0	23
3 1	16
3 2	9
3 4	12
3 8	17
3 9	40
3 14	42
3 15	32
3 19	46
3 21	34
3 22	18
3 23	31
3 25	24
3 28	45
3 30	36
3 33	37
3 40	5
3 43	22
3 44	11
3 45	20
3 47	29
4 2	32
4 4	30
4 7	19
4 8	5
4 10	4
4 11	13
4 16	36
4 17	49
4 21	29
4 22	26
4 24	15
4 28	37
4 33	31
4 38	24
4 39	28
4 40	20
4 42	43
4 43	14
4 45	38
4 46	42
4 49	39
5 0	45
5 13	48
5 14	36
5 17	29
5 23	47
5 27	23
5 28	16
5 30	26
5 31	18
5 36	11
5 37	28
5 39	30
5 43	38
5 45	41
6 2	48
6 5	18
6 6	49
6 8	13
6 13	23
6 14	3
6 15	30
6 17	36
6 18	4
6 21	45
6 23	12
6 24	14
6 26	8
6 28	41
6 30	22
6 32	5
6 35	44
6 42	39
6 45	31
6 46	11
6 47	24
7 1	15
7 4	5
7 8	7
7 10	33
7 14	28
7 15	47
7 20	19
7 21	25
7 22	0
7 23	36
7 25	30
7 28	48
7 29	4
7 31	26
7 32	35
7 33	27
7 34	9
7 35	34
7 39	29
7 42	44
7 43	42
7 46	20
8 0	8
8 3	40
8 13	24
8 15	15
8 20	33
8 24	31
8 27	49
8 32	28
8 33	13
8 36	41
8 37	20
8 39	36
8 42	23
8 44	34
8 46	22
8 49	42
9 0	38
9 2	41
9 7	0
9 9	32
9 12	31
9 17	47
9 21	35
9 22	12
9 26	18
9 27	15
9 28	5
9 30	33
9 31	20
9 36	16
9 38	25
9 39	4
9 49	7
10 0	22
10 3	2
10 4	32
10 5	21
10 6	39
10 8	6
10 12	37
10 19	31
10 21	47
10 23	10
10 28	19
10 30	35
10 31	45
10 32	11
10 36	3
10 37	38
10 38	18
10 40	23
10 42	20
10 44	42
11 5	25
11 8	29
11 11	22
11 13	27
11 16	6
11 19	30
11 21	2
11 22	43
11 23	13
11 30	46
11 32	23
11 33	8
11 36	49
11 40	38
11 41	39
11 43	12
11 46	48
11 48	19
11 49	41
12 0	12
12 3	42
12 4	44
12 5	19
12 6	4
12 8	38
12 9	8
12 12	46
12 13	6
12 19	34
12 21	20
12 25	49
12 32	30
12 33	23
12 34	16
12 37	37
12 41	14
12 43	15
12 44	31
12 45	32
12 46	45
13 2	37
13 3	3
13 5	11
13 6	0
13 7	21
13 11	9
13 15	41
13 18	13
13 21	17
13 22	23
13 24	43
13 25	14
13 30	5
13 31	15
13 32	25
13 33	22
13 38	28
13 42	1
13 44	27
13 46	30
14 4	43
14 5	31
14 6	34
14 7	10
14 11	46
14 12	27
14 15	2
14 16	25
14 17	32
14 19	48
14 20	39
14 25	0
14 27	4
14 29	44
14 30	17
14 31	36
14 32	8
14 33	3
14 34	24
14 35	9
14 36	14
14 37	33
14 38	29
14 40	42
14 43	37
14 47	7
14 48	45
15 3	6
15 4	21
15 5	45
15 12	33
15 13	47
15 14	46
15 17	44
15 19	35
15 23	7
15 24	23
15 30	12
15 31	13
15 33	43
15 35	40
15 38	14
15 39	1
15 42	24
15 44	19
15 48	10
15 49	32
16 0	24
16 2	44
16 6	11
16 7	13
16 8	0
16 9	17
16 11	14
16 12	20
16 13	32
16 15	25
16 16	29
16 18	34
16 20	16
16 21	28
16 22	9
16 23	26
16 26	10
16 31	42
16 33	2
16 34	48
16 37	36
16 38	12
16 39	38
16 40	43
16 41	4
16 43	47
16 45	37
17 1	29
17 4	47
17 5	10
17 6	26
17 8	44
17 13	41
17 14	33
17 20	14
17 23	27
17 27	25
17 29	23
17 32	13
17 35	15
17 39	32
17 42	11
17 46	18
18 0	46
18 1	4
18 6	25
18 15	9
18 17	19
18 18	33
18 26	27
18 28	12
18 32	18
18 34	34
18 41	36
18 42	21
18 43	5
18 46	8
18 47	13
18 49	37
19 1	49
19 2	11
19 3	19
19 4	9
19 12	13
19 20	0
19 21	10
19 22	46
19 23	39
19 24	4
19 25	21
19 26	23
19 27	1
19 29	45
19 30	47
19 34	12
19 38	35
19 41	40
19 43	2
19 44	18
19 46	33
19 47	20
19 48	48
19 49	6
20 2	29
20 3	11
20 10	26
20 14	17
20 18	14
20 23	16
20 25	23
20 28	30
20 30	8
20 31	38
20 32	1
20 33	12
20 34	27
20 37	41
20 38	15
20 39	5
20 41	22
20 46	24
21 2	43
21 3	34
21 4	6
21 5	16
21 10	24
21 12	10
21 19	11
21 21	27
21 25	36
21 27	37
21 29	0
21 30	13
21 32	12
21 33	18
21 43	35
21 44	22
21 49	44
22 0	36
22 2	7
22 3	28
22 4	45
22 6	38
22 7	2
22 9	26
22 10	1
22 11	48
22 12	9
22 13	18
22 16	20
22 19	17
22 26	4
22 27	35
22 28	0
22 30	34
22 33	15
22 34	6
22 35	21
22 37	25
22 39	46
22 42	5
22 43	32
22 44	23
22 45	12
22 47	14
22 49	19
23 0	35
23 4	31
23 5	3
23 8	36
23 10	38
23 11	18
23 12	41
23 14	7
23 16	5
23 18	47
23 19	6
23 20	12
23 21	42
23 22	27
23 24	20
23 25	25
23 27	45
23 29	43
23 30	37
23 33	0
23 35	22
23 36	17
23 37	23
23 38	49
23 39	19
23 41	11
23 42	32
23 45	16
23 46	28
23 48	44
23 49	46
24 0	27
24 2	38
24 3	49
24 14	31
24 16	7
24 17	9
24 18	11
24 19	23
24 21	6
24 22	2
24 25	47
24 26	37
24 27	3
24 28	8
24 31	16
24 35	33
24 37	10
24 38	42
24 39	14
24 40	19
24 41	24
24 43	41
24 44	35
24 48	40
25 2	22
25 6	14
25 8	35
25 10	39
25 11	49
25 12	15
25 13	0
25 17	7
25 22	36
25 24	8
25 25	37
25 29	6
25 30	44
25 32	27
25 33	20
25 34	3
25 35	31
25 40	16
25 44	47
25 46	25
26 6	23
26 7	8
26 8	41
26 11	31
26 13	11
26 14	32
26 15	45
26 16	35
26 22	4
26 23	22
26 30	15
26 32	6
26 38	44
26 39	18
26 41	28
26 43	1
26 45	25
26 46	21
26 47	47
26 48	0
26 49	38
27 2	35
27 3	44
27 4	48
27 8	18
27 13	33
27 14	45
27 21	46
27 23	24
27 29	5
27 31	28
27 32	38
27 35	14
27 38	0
27 39	49
27 40	37
27 43	19
27 48	39
28 1	32
28 4	38
28 6	18
28 7	29
28 10	15
28 11	1
28 12	14
28 15	43
28 17	20
28 20	48
28 22	37
28 23	49
28 26	33
28 27	39
28 28	6
28 33	21
28 39	0
28 40	41
28 42	25
28 43	4
28 44	40
28 46	23
28 48	27
28 49	9
29 1	28
29 2	23
29 4	14
29 5	4
29 12	38
29 13	37
29 18	1
29 19	26
29 21	16
29 27	13
29 33	30
29 34	44
29 36	31
29 41	47
29 43	7
29 48	9
30 2	13
30 9	49
30 10	40
30 24	44
30 26	29
30 29	1
30 30	11
30 31	24
30 32	9
30 33	16
30 34	38
30 39	25
30 42	33
30 46	35
30 47	10
31 1	17
31 4	22
31 7	37
31 8	3
31 9	28
31 10	31
31 13	38
31 15	49
31 18	39
31 23	43
31 32	42
31 33	40
31 35	23
31 36	45
31 38	34
31 41	20
31 43	33
31 47	21
32 0	3
32 2	20
32 3	18
32 5	32
32 8	49
32 11	17
32 13	5
32 14	22
32 16	27
32 19	10
32 21	0
32 24	12
32 25	44
32 26	7
32 29	48
32 30	30
32 32	14
32 39	34
32 41	46
32 42	29
32 43	24
33 0	10
33 1	8
33 9	13
33 11	23
33 12	22
33 14	2
33 19	19
33 23	30
33 25	32
33 27	42
33 29	11
33 30	38
33 31	14
33 34	46
33 38	27
33 39	7
33 41	9
33 42	17
33 43	28
33 44	3
33 46	43
33 47	6
34 1	20
34 3	21
34 4	23
34 6	15
34 7	18
34 13	22
34 14	41
34 16	43
34 21	31
34 22	11
34 24	39
34 25	38
34 27	47
34 29	32
34 30	6
34 34	7
34 35	16
34 38	40
34 39	13
34 41	8
34 42	2
34 45	44
34 46	14
34 48	17
34 49	0
35 0	2
35 2	5
35 6	36
35 7	34
35 9	6
35 10	23
35 11	35
35 12	21
35 16	31
35 21	4
35 24	46
35 31	30
35 34	17
35 35	28
35 36	20
35 39	3
35 45	7
35 49	11
36 0	0
36 10	22
36 11	27
36 13	9
36 20	41
36 21	37
36 22	34
36 33	49
36 38	48
36 42	28
36 43	18
36 45	11
36 48	4
36 49	5
37 1	24
37 9	43
37 12	11
37 14	6
37 17	5
37 19	0
37 24	10
37 25	31
37 29	29
37 34	2
37 35	37
37 37	22
37 39	48
37 44	49
37 45	3
37 46	13
38 4	1
38 8	11
38 12	40
38 13	43
38 15	23
38 20	24
38 21	22
38 23	6
38 25	34
38 26	13
38 29	46
38 31	25
38 33	36
38 36	0
38 37	16
38 39	9
38 40	2
38 41	12
38 44	41
38 46	19
39 0	14
39 1	23
39 2	21
39 4	37
39 7	39
39 9	7
39 11	45
39 12	1
39 13	42
39 20	9
39 21	40
39 22	44
39 23	0
39 24	41
39 28	29
39 29	2
39 30	16
39 31	31
39 36	19
39 37	11
39 40	24
39 41	17
39 42	13
39 46	47
40 0	25
40 4	4
40 5	9
40 8	28
40 12	16
40 16	48
40 17	40
40 18	36
40 19	49
40 20	27
40 23	37
40 24	33
40 28	3
40 32	24
40 33	11
40 35	7
40 37	46
40 39	20
40 44	21
40 46	31
41 3	48
41 9	45
41 12	5
41 13	19
41 19	28
41 23	46
41 25	22
41 33	33
41 34	37
41 38	43
41 44	7
41 45	9
41 47	25
42 0	6
42 3	43
42 4	40
42 10	37
42 11	44
42 12	0
42 14	14
42 15	5
42 19	12
42 23	32
42 25	8
42 26	21
42 27	7
42 28	31
42 32	16
42 34	11
42 38	23
42 39	45
42 40	13
42 43	10
42 45	24
42 46	3
42 47	38
42 48	1
43 1	10
43 3	39
43 11	24
43 12	2
43 13	1
43 15	0
43 17	26
43 19	29
43 22	19
43 24	7
43 26	42
43 27	33
43 29	8
43 30	20
43 34	25
43 36	9
43 40	12
44 0	43
44 1	38
44 2	16
44 7	24
44 11	15
44 15	20
44 19	37
44 24	11
44 25	41
44 29	27
44 30	0
44 32	26
44 34	10
44 35	47
44 36	23
44 41	5
44 42	35
44 43	25
44 44	17
44 48	29
44 49	45
45 0	31
45 2	6
45 6	41
45 7	35
45 9	42
45 16	23
45 18	12
45 19	18
45 20	49
45 22	47
45 23	34
45 26	20
45 30	45
45 37	5
45 38	37
45 39	24
45 48	2
45 49	21
46 3	8
46 4	10
46 5	34
46 6	43
46 7	6
46 9	36
46 13	40
46 20	23
46 22	17
46 23	35
46 26	31
46 31	48
46 32	20
46 35	19
46 48	3
46 49	1
47 0	19
47 3	15
47 5	0
47 7	9
47 9	48
47 13	49
47 15	14
47 17	21
47 18	3
47 19	16
47 20	8
47 21	33
47 22	20
47 23	25
47 24	45
47 26	44
47 27	2
47 28	43
47 29	47
47 31	12
47 32	36
47 34	39
47 35	6
47 36	32
47 39	41
47 41	38
47 42	22
47 43	17
47 45	4
47 46	7
48 1	45
48 2	10
48 3	31
48 5	37
48 10	7
48 11	26
48 12	48
48 17	46
48 21	41
48 36	2
48 40	44
48 41	35
48 45	15
48 46	27
48 49	40
49 0	11
49 4	34
49 7	46
49 8	45
49 20	7
49 23	33
49 26	28
49 27	31
49 34	23
49 35	12
49 39	15
49 41	27
49 46	4
49 48	26
49 49	24
