50
0 3	20
0 6	18
0 13	35
0 16	49
0 18	43
0 19	26
0 20	10
0 23	33
0 25	12
0 29	45
0 33	30
0 37	36
0 38	23
0 47	21
0 48	4
1 1	20
1 8	38
1 12	35
1 13	30
1 18	42
1 21	19
1 32	44
1 36	9
1 40	11
1 47	12
1 49	33
2 1	32
2 2	29
2 3	25
2 6	17
2 7	38
2 10	49
2 12	27
2 15	24
2 16	47
2 26	3
2 32	16
2 35	14
2 36	0
2 39	48
2 40	21
2 44	12
2 49	44
3 10	44
3 14	49
3 16	22
3 17	47
3 18	37
3 22	25
3 24	2
3 25	36
3 27	14
3 30	17
3 33	33
3 34	13
3 38	28
3 43	27
3 44	34
3 45	32
3 46	0
3 47	43
3 49	31
4 6	10
4 7	45
4 15	23
4 18	41
4 19	40
4 22	8
4 23	27
4 24	14
4 27	2
4 29	39
4 30	16
4 33	43
4 36	36
4 37	17
4 40	22
4 42	21
4 44	49
4 47	44
5 2	44
5 8	42
5 9	19
5 11	35
5 19	49
5 24	1
5 25	43
5 26	10
5 28	4
5 32	41
5 42	6
5 44	0
5 46	45
6 0	14
6 2	20
6 5	42
6 9	49
6 10	16
6 14	39
6 15	13
6 26	34
6 30	1
6 35	21
6 37	26
6 39	17
6 41	15
6 44	8
6 48	5
7 4	7
7 9	40
7 10	2
7 11	39
7 12	9
7 17	16
7 19	32
7 24	0
7 25	24
7 31	45
7 34	19
7 36	31
7 39	43
7 41	23
7 42	5
7 46	11
8 1	13
8 4	21
8 8	30
8 11	18
8 13	40
8 17	37
8 19	16
8 22	34
8 23	2
8 28	19
8 33	28
8 36	25
8 38	27
8 39	20
8 41	1
8 45	39
8 47	31
9 1	2
9 2	34
9 6	3
9 7	37
9 11	23
9 12	0
9 15	31
9 16	6
9 18	48
9 24	15
9 27	12
9 29	5
9 30	21
9 31	27
9 32	43
9 33	4
9 41	41
9 45	17
9 48	42
10 1	26
10 8	23
10 13	19
10 21	43
10 24	21
10 27	25
10 30	3
10 31	1
10 33	38
10 39	47
11 1	25
11 7	14
11 8	18
11 12	5
11 19	17
11 24	30
11 25	33
11 26	2
11 27	0
11 28	43
11 31	4
11 34	35
11 35	39
11 38	19
11 42	48
11 44	21
11 46	31
11 49	36
12 1	36
12 2	7
12 3	24
12 9	33
12 10	39
12 12	40
12 14	20
12 15	46
12 20	27
12 23	18
12 24	47
12 31	34
12 35	16
12 40	32
12 45	37
12 47	25
12 49	9
13 1	21
13 8	36
13 13	37
13 15	43
13 16	23
13 21	47
13 25	32
13 26	19
13 28	26
13 34	39
13 36	30
13 43	40
13 44	4
13 48	22
14 6	5
14 9	10
14 13	4
14 18	22
14 24	40
14 26	32
14 31	11
14 33	18
14 35	36
14 36	16
14 38	7
14 41	37
14 48	25
15 0	19
15 3	33
15 5	18
15 7	0
15 8	22
15 14	47
15 15	49
15 16	27
15 17	12
15 19	1
15 24	4
15 27	24
15 28	9
15 33	10
15 35	30
15 39	39
15 41	35
15 46	14
15 47	23
16 3	11
16 4	27
16 6	0
16 8	33
16 9	44
16 11	17
16 13	31
16 15	29
16 17	46
16 19	5
16 21	1
16 22	18
16 23	22
16 24	12
16 26	47
16 30	37
16 35	28
16 37	2
16 40	41
16 41	6
16 45	36
16 48	49
17 2	32
17 10	3
17 15	8
17 16	16
17 18	9
17 27	49
17 28	6
17 35	17
17 37	48
17 41	34
17 42	13
17 44	26
18 0	22
18 1	3
18 2	43
18 4	42
18 7	8
18 8	0
18 17	23
18 21	21
18 23	25
18 30	18
18 37	11
18 41	19
18 49	10
19 9	34
19 10	38
19 12	47
19 13	28
19 14	17
19 15	26
19 18	11
19 29	46
19 33	8
19 35	22
19 41	14
19 45	2
19 46	29
19 47	45
20 0	34
20 5	37
20 6	36
20 10	12
20 12	20
20 17	30
20 19	39
20 20	11
20 21	16
20 24	43
20 25	10
20 29	21
20 32	31
20 49	28
21 6	33
21 8	40
21 14	9
21 15	47
21 19	46
21 23	3
21 25	27
21 34	24
21 36	5
21 38	34
21 47	30
21 48	35
22 6	12
22 9	32
22 10	24
22 14	5
22 16	38
22 24	46
22 25	3
22 26	23
22 27	20
22 28	7
22 30	0
22 40	42
22 45	10
22 48	15
23 4	9
23 5	28
23 15	37
23 16	4
23 19	36
23 24	5
23 26	40
23 27	41
23 33	35
23 34	12
23 45	3
24 1	0
24 10	10
24 15	38
24 16	31
24 17	22
24 20	36
24 27	6
24 31	40
24 37	23
24 38	37
24 42	29
24 49	39
25 1	48
25 4	36
25 11	45
25 15	5
25 18	16
25 21	10
25 23	24
25 25	28
25 26	42
25 29	3
25 33	12
25 35	8
25 36	2
25 37	0
25 39	40
25 40	26
25 42	31
25 47	32
25 49	14
26 3	17
26 4	49
26 5	36
26 6	31
26 9	26
26 14	43
26 19	29
26 21	40
26 28	2
26 29	32
26 31	25
26 32	37
26 37	28
26 39	30
26 41	24
26 48	11
27 3	32
27 9	17
27 15	7
27 18	46
27 20	5
27 24	48
27 25	49
27 32	45
27 41	36
27 46	18
28 3	31
28 5	33
28 11	24
28 12	28
28 22	26
28 23	16
28 27	39
28 37	18
28 42	47
28 43	29
28 46	44
28 49	48
29 12	3
29 13	6
29 17	14
29 21	13
29 31	32
29 33	41
29 41	12
29 42	19
29 44	36
30 0	2
30 1	10
30 2	27
30 3	45
30 7	13
30 10	48
30 12	18
30 14	16
30 15	6
30 16	12
30 17	8
30 22	30
30 23	28
30 25	14
30 34	11
30 35	26
30 41	32
30 43	0
30 47	5
30 48	17
30 49	38
31 2	0
31 4	34
31 7	28
31 11	7
31 12	29
31 13	44
31 17	25
31 26	1
31 30	23
31 36	21
31 37	46
31 38	13
31 44	17
32 1	19
32 4	11
32 6	16
32 14	7
32 16	41
32 19	31
32 24	42
32 27	46
32 28	35
32 32	6
32 35	43
32 38	18
32 42	0
32 44	24
32 47	33
32 48	48
33 0	26
33 1	14
33 4	45
33 7	35
33 9	2
33 12	48
33 13	36
33 18	4
33 21	28
33 23	13
33 28	31
33 29	37
33 31	42
33 33	27
33 34	22
33 35	3
33 39	34
33 41	39
33 47	15
33 48	12
33 49	1
34 1	49
34 7	43
34 13	18
34 14	40
34 20	20
34 24	32
34 30	28
34 33	11
34 41	29
34 44	47
34 47	0
35 0	12
35 2	33
35 8	17
35 9	42
35 12	16
35 13	10
35 18	35
35 28	8
35 29	13
35 31	24
35 33	19
35 34	28
35 39	32
35 48	14
35 49	43
36 2	28
36 3	40
36 5	24
36 7	23
36 17	5
36 18	19
36 20	37
36 22	15
36 23	38
36 25	17
36 29	43
36 40	47
36 44	20
36 46	46
37 6	39
37 7	47
37 8	10
37 9	36
37 12	4
37 15	42
37 20	23
37 23	12
37 25	6
37 30	11
37 31	28
37 35	24
37 37	19
37 40	13
37 42	9
37 44	45
37 46	7
38 0	36
38 1	31
38 3	37
38 4	17
38 6	28
38 8	12
38 9	46
38 12	49
38 14	38
38 17	3
38 18	47
38 27	16
38 29	20
38 32	29
38 33	5
38 34	23
38 35	25
38 41	27
38 46	19
38 47	10
39 6	6
39 8	13
39 11	43
39 18	17
39 23	31
39 29	38
39 33	25
39 38	3
39 40	1
39 41	4
39 43	19
39 47	20
39 48	46
39 49	27
40 1	38
40 6	46
40 7	4
40 15	20
40 16	7
40 17	48
40 19	13
40 27	1
40 28	0
40 30	8
40 32	49
40 35	11
40 36	26
40 45	5
40 46	34
40 49	15
41 5	39
41 12	31
41 17	29
41 25	2
41 26	4
41 28	32
41 33	34
41 36	27
41 37	37
41 39	46
41 41	7
41 47	36
41 48	6
42 0	0
42 7	5
42 8	37
42 9	43
42 12	44
42 13	7
42 15	9
42 18	14
42 23	21
42 25	46
42 29	16
42 34	29
42 38	49
42 39	27
42 42	41
42 44	2
43 0	18
43 3	44
43 7	16
43 10	37
43 13	42
43 19	35
43 23	10
43 29	27
43 30	48
43 34	43
43 39	23
43 41	13
43 47	46
44 0	25
44 3	12
44 4	48
44 5	45
44 8	39
44 10	28
44 11	34
44 13	9
44 15	22
44 17	6
44 24	35
44 25	11
44 26	36
44 29	49
44 31	46
44 33	14
44 34	18
44 35	0
44 39	24
44 41	10
44 44	1
44 48	47
44 49	26
45 0	45
45 2	46
45 6	26
45 14	30
45 21	32
45 27	48
45 28	42
45 29	7
45 30	25
45 31	38
45 34	0
45 38	47
45 40	49
45 41	8
45 49	2
46 7	32
46 9	18
46 11	9
46 25	16
46 30	46
46 33	13
46 39	5
46 43	8
46 45	14
47 5	15
47 8	32
47 11	25
47 15	48
47 16	9
47 22	28
47 27	44
47 29	22
47 31	49
47 39	16
47 42	2
47 45	27
47 46	4
47 49	3
48 3	36
48 4	8
48 6	24
48 9	3
48 11	42
48 12	32
48 20	21
48 22	17
48 23	1
48 28	23
48 30	39
48 35	48
48 37	40
48 43	26
48 47	18
49 3	47
49 6	29
49 13	32
49 14	46
49 20	31
49 23	0
49 24	38
49 28	18
49 40	28
49 42	17
49 46	35
49 47	3
49 48	21
