50
0 2	6
0 3	13
0 5	47
0 6	8
0 7	35
0 8	24
0 9	3
0 10	37
0 11	10
0 12	42
0 13	15
0 14	2
0 16	20
0 17	21
0 20	27
0 21	9
0 22	26
0 23	36
0 24	25
0 25	1
0 26	34
0 28	5
0 29	18
0 30	23
0 31	49
0 32	29
0 34	22
0 35	28
0 36	41
0 37	4
0 39	45
0 40	31
0 41	19
0 42	44
0 43	17
0 44	11
0 46	33
0 47	39
0 48	14
1 0	0
1 3	48
1 4	11
1 5	12
1 6	19
1 7	15
1 9	2
1 10	8
1 12	47
1 13	4
1 14	49
1 16	13
1 17	25
1 18	16
1 19	9
1 20	23
1 21	6
1 23	35
1 25	28
1 27	33
1 28	22
1 30	24
1 34	29
1 35	32
1 36	46
1 37	21
1 38	42
1 39	36
1 40	5
1 41	3
1 42	30
1 45	45
1 46	41
1 49	18
2 0	46
2 1	17
2 2	10
2 3	23
2 5	38
2 6	26
2 7	8
2 8	45
2 9	48
2 10	34
2 11	22
2 12	5
2 13	30
2 14	33
2 15	36
2 16	39
2 18	43
2 19	31
2 20	24
2 22	14
2 23	0
2 24	42
2 25	11
2 26	9
2 27	19
2 28	40
2 29	32
2 30	20
2 31	25
2 32	41
2 33	1
2 34	44
2 35	12
2 37	37
2 38	13
2 39	4
2 41	16
2 43	21
2 44	3
2 45	6
2 46	27
2 47	7
2 48	47
2 49	29
3 0	8
3 1	20
3 2	16
3 3	44
3 4	13
3 5	18
3 6	48
3 7	11
3 8	41
3 9	28
3 10	19
3 11	17
3 12	40
3 13	10
3 14	36
3 15	1
3 17	7
3 18	38
3 19	45
3 20	31
3 21	5
3 22	3
3 23	29
3 24	12
3 25	25
3 26	49
3 27	6
3 28	42
3 29	46
3 30	27
3 31	23
3 32	21
3 33	32
3 34	39
3 35	2
3 36	4
3 37	22
3 38	33
3 40	47
3 41	9
3 42	0
3 43	15
3 44	43
3 45	14
3 48	34
4 0	28
4 1	36
4 2	1
4 3	47
4 4	35
4 5	31
4 6	42
4 8	26
4 9	37
4 10	41
4 11	25
4 12	7
4 13	16
4 14	6
4 15	0
4 16	8
4 17	18
4 18	40
4 19	43
4 20	29
4 21	46
4 22	32
4 23	22
4 24	15
4 25	33
4 26	13
4 28	3
4 29	21
4 30	19
4 32	24
4 33	44
4 34	12
4 36	11
4 37	17
4 38	10
4 39	39
4 40	2
4 41	23
4 42	38
4 43	20
4 44	48
4 45	4
4 46	5
5 0	17
5 1	0
5 2	18
5 4	6
5 6	9
5 7	43
5 10	48
5 11	3
5 12	30
5 15	34
5 17	15
5 19	32
5 20	44
5 21	20
5 22	11
5 23	7
5 24	33
5 25	27
5 27	25
5 28	19
5 29	5
5 30	13
5 33	21
5 34	16
5 35	41
5 37	2
5 38	47
5 39	37
5 40	12
5 41	35
5 42	24
5 43	31
5 44	42
5 45	26
5 46	28
5 48	23
5 49	39
6 0	34
6 1	23
6 2	25
6 3	28
6 5	21
6 6	40
6 8	10
6 10	5
6 11	38
6 12	43
6 13	17
6 15	32
6 16	42
6 17	24
6 18	41
6 20	2
6 22	22
6 23	6
6 24	27
6 25	19
6 26	48
6 27	13
6 28	44
6 29	45
6 30	4
6 31	9
6 33	30
6 34	49
6 35	26
6 36	35
6 37	31
6 38	11
6 39	1
6 40	7
6 41	20
6 42	33
6 43	14
6 45	47
6 46	39
6 47	3
6 49	15
7 0	2
7 1	30
7 2	12
7 3	16
7 4	25
7 5	9
7 7	24
7 8	42
7 9	13
7 10	21
7 11	37
7 12	0
7 13	38
7 14	15
7 15	19
7 17	4
7 19	11
7 20	49
7 21	1
7 23	26
7 26	35
7 27	46
7 28	27
7 29	39
7 30	17
7 31	14
7 32	32
7 34	5
7 36	40
7 37	20
7 38	34
7 39	3
7 40	48
7 41	33
7 43	47
7 44	7
7 47	44
7 49	28
8 0	3
8 1	19
8 2	46
8 3	15
8 5	11
8 7	34
8 8	38
8 9	22
8 11	44
8 13	6
8 14	12
8 18	2
8 21	23
8 22	27
8 24	4
8 25	42
8 26	39
8 28	7
8 29	30
8 30	29
8 31	28
8 32	17
8 34	13
8 35	47
8 36	36
8 42	5
8 44	21
8 45	16
8 46	10
8 47	48
8 48	24
8 49	41
9 0	23
9 1	12
9 2	35
9 3	5
9 4	3
9 6	13
9 7	39
9 8	36
9 9	40
9 10	42
9 11	9
9 13	26
9 15	30
9 16	0
9 17	10
9 18	47
9 19	46
9 21	33
9 22	15
9 23	14
9 24	1
9 25	6
9 26	21
9 27	45
9 28	24
9 29	7
9 30	28
9 32	20
9 33	41
9 34	8
9 35	31
9 36	25
9 37	44
9 39	22
9 40	29
9 42	16
9 43	18
9 44	4
9 45	19
9 47	34
9 48	11
9 49	17
10 2	2
10 4	7
10 5	37
10 6	35
10 7	46
10 8	16
10 9	10
10 10	39
10 12	38
10 13	23
10 14	30
10 16	32
10 17	48
10 18	20
10 19	19
10 20	26
10 22	43
10 23	45
10 25	8
10 26	25
10 27	9
10 30	47
10 31	3
10 33	29
10 34	42
10 35	4
10 36	12
10 37	24
10 39	5
10 40	40
10 41	36
10 42	14
10 43	44
10 44	18
10 45	34
10 46	17
10 47	1
10 48	22
11 1	21
11 2	11
11 4	40
11 6	27
11 8	8
11 9	31
11 10	30
11 11	13
11 12	18
11 13	33
11 14	34
11 15	39
11 16	29
11 17	32
11 18	23
11 19	20
11 21	35
11 22	45
11 24	49
11 25	4
11 26	7
11 27	15
11 29	28
11 30	22
11 31	16
11 32	3
11 33	19
11 34	24
11 35	38
11 37	36
11 38	0
11 39	25
11 40	42
11 41	6
11 42	12
11 43	5
11 44	26
11 45	9
11 46	2
11 47	43
11 48	1
11 49	44
12 0	21
12 1	29
12 3	0
12 5	40
12 6	23
12 7	16
12 10	4
12 12	15
12 13	43
12 17	33
12 18	42
12 19	36
12 20	46
12 21	28
12 22	13
12 23	9
12 25	35
12 26	1
12 27	41
12 28	45
12 29	20
12 30	30
12 31	19
12 32	49
12 33	48
12 34	37
12 35	6
12 37	5
12 39	18
12 41	32
12 42	7
12 46	25
12 47	12
12 48	44
12 49	3
13 0	18
13 1	16
13 2	42
13 3	7
13 4	47
13 5	8
13 6	29
13 7	1
13 8	13
13 9	9
13 11	28
13 14	40
13 16	3
13 19	22
13 21	30
13 22	46
13 23	23
13 25	32
13 26	26
13 27	36
13 28	34
13 29	12
13 30	5
13 32	19
13 33	49
13 35	48
13 37	39
13 40	14
13 42	11
13 44	33
13 45	24
13 47	27
13 48	31
14 1	43
14 2	32
14 3	2
14 4	4
14 5	24
14 6	21
14 7	20
14 8	39
14 9	38
14 14	48
14 15	12
14 16	36
14 17	17
14 18	22
14 19	41
14 21	16
14 22	29
14 23	49
14 24	34
14 25	44
14 26	47
14 27	0
14 28	6
14 29	31
14 30	18
14 31	11
14 32	1
14 33	10
14 35	30
14 36	26
14 37	8
14 38	28
14 39	35
14 40	37
14 41	42
14 42	15
14 43	9
14 44	14
14 46	23
14 47	33
14 48	46
14 49	19
15 0	42
15 1	49
15 2	7
15 3	18
15 4	33
15 5	28
15 6	5
15 7	25
15 8	29
15 9	35
15 10	40
15 11	16
15 12	9
15 13	34
15 14	4
15 15	27
15 16	21
15 18	39
15 19	30
15 20	12
15 21	22
15 22	8
15 23	43
15 24	37
15 25	10
15 27	26
15 28	41
15 29	14
15 30	1
15 32	2
15 33	13
15 34	31
15 35	11
15 36	38
15 37	0
15 40	45
15 42	17
15 43	19
15 46	36
15 47	47
15 48	3
15 49	6
16 0	19
16 1	35
16 3	26
16 4	29
16 7	9
16 8	1
16 9	6
16 10	47
16 11	2
16 12	10
16 13	36
16 14	17
16 17	31
16 18	7
16 19	40
16 20	32
16 21	37
16 24	14
16 26	11
16 27	38
16 28	21
16 29	43
16 30	45
16 31	22
16 32	5
16 33	15
16 34	28
16 35	42
16 37	48
16 39	44
16 40	3
16 41	46
16 42	27
16 43	8
16 44	34
16 45	12
16 46	0
16 48	33
16 49	4
17 0	49
17 1	6
17 2	5
17 4	19
17 7	47
17 8	44
17 9	20
17 10	12
17 12	23
17 13	28
17 14	3
17 15	17
17 16	25
17 18	11
17 19	33
17 20	1
17 21	7
17 22	2
17 24	29
17 25	0
17 26	24
17 27	39
17 28	9
17 29	36
17 30	34
17 31	48
17 32	4
17 34	32
17 36	14
17 39	40
17 40	8
17 41	31
17 42	42
17 43	35
17 44	27
17 45	43
17 47	13
17 48	30
17 49	37
18 0	9
18 1	46
18 2	21
18 3	36
18 4	23
18 5	32
18 6	11
18 7	41
18 10	22
18 12	31
18 14	5
18 15	6
18 16	16
18 18	24
18 20	13
18 21	44
18 22	34
18 24	48
18 26	18
18 27	35
18 30	3
18 31	7
18 32	39
18 34	27
18 36	29
18 37	25
18 38	30
18 39	19
18 40	33
18 41	47
18 42	20
18 43	37
18 44	12
18 45	8
18 46	45
18 48	40
18 49	1
19 2	48
19 3	25
19 4	49
19 6	33
19 7	13
19 8	31
19 9	34
19 10	16
19 11	46
19 12	26
19 14	28
19 15	4
19 17	36
19 18	29
19 20	9
19 21	14
19 22	19
19 23	18
19 24	45
19 25	7
19 26	43
19 27	2
19 28	8
19 29	3
19 30	21
19 32	27
19 33	12
19 34	1
19 35	20
19 36	30
19 37	42
19 38	17
19 39	0
19 42	47
19 43	24
19 44	32
19 45	22
19 47	40
19 49	10
20 0	31
20 1	26
20 2	4
20 3	12
20 4	30
20 5	44
20 7	23
20 8	33
20 9	42
20 10	46
20 12	36
20 13	5
20 14	1
20 15	15
20 16	17
20 17	41
20 18	0
20 20	39
20 21	43
20 22	49
20 23	32
20 24	6
20 25	37
20 26	14
20 27	47
20 28	48
20 29	8
20 31	21
20 32	13
20 34	9
20 35	18
20 36	3
20 38	45
20 39	20
20 40	16
20 41	2
20 42	34
20 45	27
20 46	40
20 48	25
20 49	7
21 0	45
21 1	48
21 2	41
21 3	8
21 4	17
21 5	20
21 6	39
21 7	42
21 8	37
21 9	46
21 10	2
21 11	49
21 12	14
21 13	21
21 14	18
21 15	11
21 16	4
21 17	6
21 18	12
21 19	27
21 20	10
21 21	31
21 22	30
21 23	25
21 24	3
21 26	28
21 27	29
21 29	44
21 30	0
21 31	33
21 32	23
21 33	34
21 35	1
21 36	32
21 37	13
21 38	19
21 39	9
21 40	43
21 41	7
21 42	22
21 43	16
21 44	5
21 46	35
21 47	36
21 48	38
21 49	24
22 0	29
22 1	14
22 3	27
22 4	42
22 7	5
22 8	34
22 9	30
22 10	6
22 12	16
22 13	2
22 14	32
22 15	21
22 16	10
22 17	49
22 19	38
22 20	35
22 21	19
22 22	25
22 25	12
22 26	3
22 27	24
22 29	47
22 30	41
22 31	44
22 32	37
22 33	8
22 34	7
22 35	36
22 36	0
22 38	15
22 40	9
22 41	18
22 43	48
22 44	1
22 45	11
22 47	20
22 49	13
23 0	44
23 1	13
23 2	38
23 4	12
23 6	41
23 7	32
23 8	30
23 9	18
23 10	27
23 11	11
23 12	33
23 13	3
23 15	45
23 17	37
23 18	19
23 19	49
23 22	6
23 23	28
23 24	2
23 25	48
23 26	31
23 28	17
23 29	35
23 30	26
23 31	42
23 32	8
23 33	5
23 35	40
23 36	20
23 37	9
23 38	29
23 39	10
23 40	15
23 42	43
23 43	1
23 44	25
23 45	46
23 46	21
23 49	23
24 0	30
24 1	2
24 2	36
24 3	21
24 4	18
24 5	46
24 6	1
24 7	44
24 8	49
24 9	4
24 10	3
24 11	6
24 12	20
24 14	43
24 15	37
24 17	8
24 18	45
24 19	10
24 20	5
24 22	24
24 24	16
24 25	31
24 26	41
24 27	23
24 28	25
24 29	48
24 30	40
24 32	12
24 33	0
24 34	38
24 36	33
24 37	28
24 39	47
24 40	22
24 41	29
24 42	9
24 43	42
24 45	17
24 46	7
24 48	26
24 49	11
25 1	27
25 2	17
25 3	22
25 4	48
25 5	7
25 6	37
25 8	32
25 9	43
25 10	10
25 11	8
25 12	24
25 14	38
25 15	13
25 16	19
25 17	5
25 18	35
25 19	15
25 21	41
25 22	31
25 23	12
25 24	28
25 25	49
25 26	20
25 27	42
25 28	30
25 29	16
25 30	6
25 31	36
25 32	25
25 34	11
25 35	39
25 36	9
25 37	26
25 38	44
25 40	34
25 41	21
25 42	23
25 43	29
25 44	2
25 46	46
25 47	45
25 48	4
25 49	14
26 0	1
26 3	9
26 4	0
26 5	10
26 6	14
26 7	27
26 9	5
26 10	28
26 11	4
26 12	44
26 16	7
26 17	40
26 18	26
26 20	15
26 22	35
26 24	30
26 25	3
26 26	38
26 27	21
26 28	32
26 29	11
26 30	31
26 31	34
26 32	45
26 33	33
26 34	48
26 35	19
26 36	49
26 37	16
26 38	46
26 41	13
26 42	25
26 43	6
26 45	39
26 46	43
26 47	37
26 48	41
26 49	36
27 0	27
27 2	14
27 4	43
27 5	22
27 6	2
27 7	40
27 8	23
27 9	47
27 10	45
27 12	13
27 13	7
27 14	31
27 15	26
27 16	1
27 17	20
27 20	16
27 21	42
27 24	19
27 25	30
27 26	36
27 27	3
27 28	35
27 30	15
27 31	18
27 32	44
27 33	25
27 34	17
27 35	37
27 37	46
27 38	9
27 41	49
27 42	39
27 44	6
27 46	8
27 47	4
28 0	39
28 1	40
28 3	30
28 6	34
28 8	3
28 12	19
28 13	44
28 14	16
28 15	10
28 16	24
28 17	29
28 18	48
28 19	6
28 20	43
28 21	12
28 23	15
28 24	0
28 26	4
28 27	8
28 28	38
28 29	1
28 30	14
28 31	46
28 33	27
28 34	2
28 35	21
28 37	49
28 38	25
28 39	11
28 40	23
28 42	37
28 43	7
28 44	41
28 45	5
28 46	47
28 47	35
28 48	17
28 49	22
29 0	20
29 1	9
29 2	37
29 4	16
29 5	48
29 7	3
29 8	43
29 9	7
29 10	13
29 11	41
29 13	32
29 15	23
29 16	11
29 17	46
29 18	28
29 19	14
29 20	36
29 21	2
29 22	4
29 23	31
29 24	10
29 25	22
29 26	12
29 28	1
29 29	34
29 30	33
29 31	47
29 32	35
29 33	24
29 34	19
29 35	44
29 36	6
29 37	15
29 38	5
29 39	42
29 40	26
29 41	25
29 43	40
29 44	39
29 45	0
29 46	29
29 47	38
29 48	21
29 49	8
30 0	16
30 1	39
30 2	3
30 4	10
30 6	7
30 8	28
30 9	11
30 10	1
30 11	20
30 12	21
30 13	46
30 14	13
30 15	25
30 16	40
30 17	47
30 18	17
30 20	45
30 21	32
30 22	5
30 23	33
30 24	24
30 26	8
30 27	12
30 28	0
30 29	41
30 32	9
30 33	23
30 34	26
30 35	22
30 36	34
30 37	35
30 38	48
30 39	14
30 40	30
30 42	29
30 43	36
30 45	2
30 46	31
30 47	19
30 49	38
31 0	36
31 1	18
31 2	40
31 4	1
31 5	29
31 6	44
31 7	30
31 8	5
31 9	49
31 10	33
31 11	42
31 12	45
31 13	9
31 15	47
31 16	37
31 17	3
31 18	27
31 20	8
31 21	26
31 22	12
31 23	39
31 25	34
31 26	19
31 27	22
31 28	13
31 29	23
31 32	15
31 33	43
31 35	16
31 36	17
31 37	14
31 38	7
31 39	6
31 40	41
31 41	24
31 42	48
31 43	4
31 44	38
31 46	20
31 47	11
31 48	0
31 49	46
32 0	4
32 1	25
32 2	24
32 3	32
32 4	21
32 6	3
32 8	47
32 9	33
32 10	49
32 11	43
32 13	8
32 14	9
32 15	46
32 17	38
32 18	5
32 19	12
32 20	48
32 21	36
32 22	44
32 23	27
32 24	18
32 25	26
32 26	42
32 27	16
32 28	15
32 29	29
32 30	10
32 31	6
32 32	30
32 33	31
32 34	0
32 35	7
32 36	22
32 37	45
32 39	34
32 40	1
32 41	11
32 42	35
32 43	28
32 45	41
32 47	14
32 48	19
33 0	43
33 3	14
33 4	28
33 5	3
33 6	20
33 7	19
33 8	21
33 10	38
33 11	32
33 12	37
33 13	25
33 14	44
33 15	29
33 16	48
33 18	15
33 19	1
33 21	8
33 22	40
33 23	34
33 24	22
33 25	9
33 26	17
33 27	4
33 28	12
33 29	49
33 30	36
33 31	45
33 33	2
33 34	41
33 35	46
33 36	23
33 38	6
33 40	18
33 42	26
33 44	47
33 45	31
33 47	5
33 48	35
34 2	19
34 3	42
34 5	13
34 6	15
34 8	25
34 9	0
34 10	24
34 13	41
34 14	29
34 15	18
34 17	14
34 18	3
34 19	21
34 20	7
34 21	34
34 22	48
34 23	1
34 24	5
34 25	47
34 26	30
34 27	17
34 29	2
34 30	46
34 31	4
34 32	16
34 33	11
34 34	20
34 35	33
34 36	39
34 37	6
34 38	36
34 39	38
34 40	49
34 41	40
34 42	10
34 43	27
34 44	45
34 46	12
34 47	23
34 48	43
34 49	32
35 0	41
35 1	45
35 2	30
35 3	31
35 4	9
35 5	36
35 7	7
35 8	19
35 9	1
35 10	32
35 11	15
35 12	25
35 13	35
35 15	8
35 16	34
35 17	22
35 18	6
35 19	23
35 20	4
35 21	48
35 22	28
35 23	11
35 24	39
35 25	5
35 26	37
35 27	40
35 28	20
35 29	26
35 31	13
35 32	14
35 33	18
35 35	24
35 36	44
35 37	38
35 38	3
35 39	12
35 41	10
35 43	0
35 44	29
35 46	49
35 47	42
35 48	2
35 49	16
36 0	11
36 1	7
36 2	26
36 3	49
36 5	1
36 6	0
36 8	48
36 10	36
36 11	23
36 12	29
36 13	19
36 14	14
36 15	9
36 17	34
36 18	33
36 19	47
36 22	20
36 23	8
36 24	17
36 25	18
36 26	2
36 27	10
36 28	28
36 29	13
36 30	25
36 32	6
36 33	45
36 34	40
36 35	35
36 36	42
36 37	3
36 39	16
36 41	12
36 42	32
36 43	43
36 44	30
36 45	37
36 46	4
36 47	46
36 48	5
36 49	27
37 0	33
37 1	22
37 3	38
37 5	39
37 6	16
37 7	4
37 8	6
37 10	14
37 11	12
37 13	0
37 14	7
37 15	2
37 16	15
37 17	27
37 19	5
37 20	20
37 22	9
37 23	44
37 24	13
37 25	41
37 28	43
37 29	24
37 30	37
37 31	26
37 32	31
37 33	17
37 34	18
37 35	10
37 37	47
37 38	35
37 39	49
37 40	19
37 41	28
37 42	21
37 43	3
37 44	23
37 45	48
37 46	32
37 47	30
37 48	42
37 49	45
38 0	15
38 2	27
38 3	6
38 4	37
38 7	2
38 8	9
38 9	41
38 10	44
38 11	35
38 12	8
38 14	21
38 15	5
38 17	28
38 19	16
38 20	11
38 24	38
38 25	24
38 26	23
38 27	34
38 28	29
38 29	22
38 30	7
38 31	17
38 32	26
38 33	40
38 34	30
38 36	31
38 37	1
38 38	4
38 41	14
38 43	45
38 44	10
38 46	3
38 47	0
38 48	48
38 49	43
39 0	38
39 2	43
39 3	40
39 4	2
39 5	6
39 7	33
39 8	0
39 10	15
39 11	30
39 12	49
39 13	42
39 14	20
39 16	12
39 17	16
39 18	1
39 21	25
39 22	36
39 23	5
39 24	23
39 25	39
39 26	45
39 27	18
39 28	47
39 29	10
39 30	35
39 31	27
39 32	11
39 33	7
39 34	14
39 37	32
39 38	26
39 39	28
39 40	13
39 41	22
39 42	41
39 43	34
39 44	46
39 45	29
39 46	19
39 47	31
39 48	9
39 49	48
40 0	10
40 2	39
40 3	20
40 4	38
40 5	17
40 6	32
40 7	45
40 8	27
40 9	36
40 10	11
40 11	5
40 12	12
40 13	13
40 14	26
40 16	43
40 17	19
40 19	8
40 20	42
40 21	3
40 23	2
40 24	7
40 25	14
40 26	22
40 27	31
40 28	4
40 29	25
40 30	16
40 31	41
40 32	47
40 33	46
40 34	35
40 35	9
40 36	21
40 37	18
40 38	24
40 39	29
40 40	6
40 41	48
40 43	23
40 44	0
40 45	30
40 46	15
40 47	28
40 49	33
41 0	6
41 1	41
41 2	9
41 3	19
41 4	5
41 5	35
41 6	24
41 7	49
41 8	4
41 11	33
41 12	17
41 13	48
41 14	42
41 15	14
41 16	18
41 18	36
41 19	2
41 20	38
41 22	16
41 23	21
41 24	47
41 25	45
41 27	1
41 28	11
41 29	27
41 30	12
41 31	8
41 32	22
41 33	28
41 34	3
41 35	25
41 37	43
41 39	46
41 40	32
41 42	13
41 43	30
41 44	37
41 45	23
41 46	34
41 47	10
41 48	15
42 0	7
42 1	1
42 2	44
42 3	3
42 6	6
42 8	2
42 9	21
42 10	18
42 11	0
42 12	48
42 14	19
42 15	41
42 16	27
42 18	14
42 19	39
42 20	47
42 22	42
42 23	13
42 24	46
42 26	10
42 27	5
42 28	31
42 29	15
42 30	32
42 31	35
42 32	34
42 33	36
42 34	25
42 36	43
42 38	49
42 40	17
42 41	37
42 42	8
42 43	33
42 44	40
42 45	38
42 46	11
42 47	22
42 49	26
43 1	33
43 2	23
43 3	1
43 4	32
43 5	15
43 6	18
43 7	17
43 8	20
43 9	44
43 10	0
43 11	24
43 12	6
43 13	31
43 14	25
43 15	7
43 16	47
43 18	10
43 20	40
43 22	38
43 23	30
43 25	29
43 26	16
43 27	27
43 28	36
43 29	4
43 30	48
43 31	2
43 32	43
43 33	39
43 34	46
43 36	37
43 37	34
43 38	8
43 39	21
43 42	28
43 44	19
43 45	35
43 46	9
43 48	13
43 49	12
44 0	25
44 2	45
44 3	46
44 4	27
44 5	14
44 6	28
44 7	21
44 8	35
44 9	8
44 11	29
44 13	22
44 14	0
44 15	3
44 16	26
44 17	30
44 18	31
44 20	19
44 21	13
44 22	47
44 24	44
44 25	17
44 26	32
44 28	39
44 29	33
44 31	40
44 32	42
44 33	37
44 35	49
44 36	5
44 37	10
44 38	1
44 39	15
44 40	38
44 42	36
44 43	41
44 44	24
44 45	7
44 46	18
44 47	6
44 48	12
44 49	9
45 3	39
45 4	41
45 5	34
45 6	38
45 7	22
45 8	11
45 9	27
45 10	29
45 11	1
45 12	46
45 13	47
45 14	8
45 15	20
45 16	33
45 17	12
45 18	9
45 19	13
45 20	28
45 21	18
45 22	37
45 26	15
45 27	44
45 28	14
45 29	19
45 30	42
45 31	5
45 32	48
45 33	6
45 35	0
45 36	45
45 37	30
45 38	23
45 39	17
45 40	35
45 41	43
45 42	4
45 43	26
45 44	16
45 45	3
45 46	24
45 48	7
45 49	25
46 0	48
46 1	5
46 2	29
46 3	33
46 4	20
46 6	31
46 7	0
46 8	7
46 9	45
46 10	23
46 11	26
46 12	41
46 13	24
46 14	35
46 15	16
46 16	14
46 17	11
46 18	25
46 19	44
46 20	22
46 21	21
46 22	10
46 23	38
46 24	36
46 27	28
46 28	18
46 30	39
46 31	12
46 32	40
46 33	47
46 35	3
46 36	19
46 39	30
46 40	4
46 41	8
46 42	1
46 43	46
46 44	9
46 45	49
46 46	42
46 48	32
46 49	2
47 0	26
47 1	10
47 2	20
47 3	29
47 4	34
47 6	45
47 7	12
47 8	40
47 10	25
47 11	27
47 13	39
47 14	41
47 15	42
47 16	28
47 18	13
47 19	4
47 20	30
47 21	11
47 22	17
47 23	37
47 24	21
47 27	48
47 29	9
47 30	8
47 31	38
47 32	7
47 33	14
47 35	5
47 36	24
47 38	43
47 40	36
47 42	3
47 43	2
47 44	35
47 45	32
47 46	1
47 48	49
47 49	47
48 1	11
48 2	15
48 3	4
48 5	5
48 6	47
48 7	36
48 8	12
48 9	29
48 11	45
48 13	37
48 15	28
48 16	6
48 17	13
48 18	32
48 19	17
48 20	34
48 22	41
48 23	3
48 24	9
48 25	2
48 26	33
48 27	14
48 28	23
48 29	42
48 31	0
48 32	18
48 33	20
48 34	43
48 35	8
48 36	48
48 37	40
48 38	16
48 39	7
48 40	39
48 41	1
48 42	19
48 43	38
48 45	25
48 46	22
48 47	21
48 48	27
48 49	30
49 0	12
49 1	37
49 2	33
49 3	24
49 4	26
49 5	16
49 6	36
49 8	22
49 9	19
49 10	17
49 11	7
49 12	11
49 13	18
49 14	39
49 15	31
49 16	45
49 17	1
49 18	21
49 20	3
49 22	0
49 24	35
49 25	43
49 26	5
49 28	2
49 30	9
49 31	20
49 32	28
49 33	4
49 34	10
49 35	23
49 36	15
49 37	29
49 38	41
49 39	27
49 40	46
49 41	30
49 43	13
49 44	44
49 45	42
49 46	14
49 48	8
49 49	49
