50
0 1	19
0 3	24
0 4	17
0 5	39
0 8	11
0 9	43
0 10	27
0 11	3
0 12	47
0 13	45
0 14	33
0 15	35
0 16	9
0 17	30
0 19	18
0 20	25
0 22	32
0 23	38
0 24	36
0 27	2
0 30	37
0 31	7
0 32	15
0 36	5
0 38	1
0 41	0
0 43	29
0 44	8
0 45	20
0 46	48
0 48	4
0 49	31
1 0	32
1 2	26
1 5	40
1 6	47
1 8	4
1 9	30
1 10	36
1 12	28
1 13	17
1 14	20
1 15	38
1 17	44
1 18	33
1 20	7
1 21	34
1 22	48
1 23	15
1 24	10
1 26	23
1 27	19
1 29	25
1 31	29
1 33	3
1 34	14
1 35	6
1 36	12
1 41	21
1 43	9
1 44	0
1 45	45
1 46	18
1 47	43
1 48	46
2 1	43
2 2	34
2 3	9
2 4	4
2 6	30
2 7	3
2 8	8
2 11	18
2 15	16
2 17	26
2 18	32
2 19	21
2 20	15
2 21	11
2 22	13
2 24	31
2 26	36
2 27	17
2 29	33
2 31	37
2 33	19
2 35	38
2 36	41
2 39	25
2 40	2
2 41	7
2 42	27
2 43	1
2 44	12
2 45	35
2 48	28
2 49	14
3 0	29
3 1	1
3 4	27
3 5	28
3 6	49
3 8	21
3 9	48
3 12	7
3 13	43
3 14	5
3 17	18
3 19	22
3 20	31
3 22	40
3 24	13
3 26	8
3 28	45
3 31	0
3 33	46
3 36	34
3 37	9
3 40	4
3 43	16
3 46	47
3 47	24
3 48	38
3 49	26
4 0	0
4 1	17
4 3	20
4 5	22
4 7	15
4 8	1
4 13	24
4 14	12
4 16	48
4 17	33
4 18	11
4 19	30
4 20	43
4 21	42
4 22	7
4 24	32
4 25	10
4 26	34
4 28	47
4 30	18
4 32	35
4 33	49
4 35	9
4 36	46
4 38	41
4 44	45
4 45	6
4 47	13
4 48	29
4 49	28
5 0	37
5 1	44
5 4	25
5 5	48
5 7	31
5 9	40
5 10	43
5 11	46
5 12	14
5 13	16
5 14	39
5 18	47
5 22	24
5 23	22
5 26	7
5 27	8
5 28	49
5 30	12
5 31	20
5 32	23
5 35	35
5 36	26
5 37	15
5 39	9
5 40	42
5 41	17
5 42	19
5 43	11
5 44	30
5 45	38
5 46	27
5 47	3
5 48	0
5 49	45
6 2	21
6 3	12
6 4	14
6 6	28
6 9	7
6 14	0
6 15	17
6 16	4
6 19	15
6 20	27
6 23	18
6 24	48
6 27	42
6 28	30
6 31	24
6 33	40
6 36	1
6 37	26
6 38	2
6 39	5
6 40	31
6 44	38
6 46	6
6 47	8
6 48	44
6 49	32
7 0	15
7 1	22
7 3	29
7 5	47
7 8	30
7 9	20
7 10	3
7 11	10
7 12	4
7 14	25
7 15	23
7 18	46
7 20	32
7 21	35
7 22	6
7 23	2
7 28	48
7 30	45
7 31	28
7 32	18
7 33	24
7 34	26
7 35	41
7 36	37
7 37	38
7 39	31
7 40	0
7 41	33
7 44	36
7 45	42
7 46	40
7 47	39
8 0	23
8 1	30
8 5	37
8 6	4
8 7	35
8 9	26
8 12	18
8 13	19
8 14	32
8 15	5
8 16	0
8 17	46
8 18	42
8 19	20
8 20	12
8 22	31
8 26	44
8 29	1
8 30	28
8 32	16
8 34	49
8 35	40
8 37	36
8 39	13
8 41	11
8 45	24
8 47	10
8 48	39
8 49	9
9 0	46
9 1	13
9 2	29
9 3	1
9 4	22
9 5	8
9 6	42
9 7	36
9 8	40
9 9	11
9 11	2
9 12	38
9 14	45
9 16	27
9 17	28
9 22	4
9 24	17
9 26	18
9 30	3
9 33	37
9 34	16
9 35	49
9 37	0
9 41	23
9 44	47
9 45	43
9 46	14
9 47	44
9 48	19
9 49	7
10 0	13
10 1	2
10 4	46
10 5	9
10 7	21
10 8	20
10 9	28
10 10	47
10 13	39
10 15	40
10 16	38
10 17	45
10 18	37
10 21	26
10 25	44
10 26	1
10 27	32
10 28	16
10 29	11
10 31	43
10 32	5
10 35	25
10 37	31
10 38	14
10 40	34
10 41	35
10 42	4
10 43	42
10 44	49
10 46	23
10 47	22
10 48	30
10 49	33
11 1	14
11 3	33
11 4	2
11 5	10
11 6	25
11 7	43
11 9	38
11 11	20
11 13	37
11 14	49
11 17	41
11 20	39
11 23	6
11 25	46
11 29	44
11 31	9
11 32	31
11 33	27
11 36	16
11 38	34
11 40	30
11 41	26
11 42	40
11 45	19
11 46	29
11 47	32
12 0	48
12 2	30
12 4	0
12 5	42
12 8	35
12 9	31
12 10	12
12 12	9
12 13	47
12 15	41
12 16	2
12 17	4
12 19	23
12 22	18
12 23	16
12 26	11
12 27	37
12 28	36
12 29	43
12 30	17
12 31	25
12 32	44
12 33	33
12 34	27
12 38	21
12 40	26
12 43	46
12 45	39
12 46	5
12 47	1
13 0	35
13 1	5
13 2	8
13 4	16
13 5	4
13 6	41
13 7	29
13 11	36
13 12	34
13 13	18
13 14	19
13 15	46
13 16	31
13 17	14
13 23	17
13 24	44
13 25	12
13 26	21
13 27	28
13 29	24
13 31	39
13 36	43
13 38	13
13 39	6
13 41	47
13 45	37
14 1	20
14 2	36
14 3	28
14 4	8
14 5	1
14 6	39
14 8	38
14 9	4
14 10	18
14 12	21
14 14	10
14 15	42
14 18	17
14 20	24
14 21	31
14 25	13
14 26	40
14 27	6
14 33	22
14 35	34
14 37	49
14 38	7
14 40	25
14 42	32
14 43	33
14 46	16
14 47	37
14 48	27
14 49	12
15 1	16
15 2	42
15 3	4
15 4	15
15 7	14
15 8	13
15 9	9
15 11	6
15 12	41
15 14	2
15 15	18
15 17	0
15 19	5
15 20	20
15 21	40
15 22	36
15 23	48
15 24	27
15 25	21
15 26	35
15 28	32
15 29	34
15 31	47
15 32	8
15 34	43
15 37	17
15 38	19
15 39	30
15 40	29
15 41	24
15 43	10
15 44	28
15 46	31
15 48	22
15 49	25
16 0	11
16 2	31
16 3	49
16 4	13
16 5	6
16 6	18
16 7	12
16 8	45
16 11	30
16 12	35
16 13	14
16 15	29
16 16	8
16 17	40
16 20	34
16 21	20
16 23	9
16 26	48
16 27	33
16 28	10
16 30	26
16 32	21
16 33	4
16 34	44
16 35	27
16 36	0
16 37	43
16 38	38
16 39	2
16 40	3
16 41	39
16 43	28
16 44	25
16 49	19
17 2	41
17 4	11
17 5	23
17 7	47
17 8	5
17 10	22
17 12	43
17 14	6
17 15	2
17 17	39
17 19	17
17 20	16
17 21	18
17 28	34
17 29	7
17 30	33
17 32	14
17 33	9
17 36	49
17 37	1
17 39	44
17 42	20
17 44	29
17 45	10
17 47	40
17 48	3
17 49	46
18 1	8
18 3	22
18 5	12
18 7	27
18 10	21
18 11	1
18 13	41
18 14	23
18 15	25
18 17	9
18 18	2
18 20	38
18 21	36
18 23	28
18 25	24
18 26	14
18 29	46
18 30	42
18 32	20
18 33	16
18 35	19
18 37	10
18 39	43
18 40	17
18 41	4
18 43	47
18 44	32
18 45	11
18 47	45
18 48	26
19 0	2
19 2	16
19 3	48
19 5	14
19 6	43
19 7	26
19 8	37
19 9	39
19 10	1
19 13	12
19 14	38
19 15	10
19 17	8
19 18	24
19 19	41
19 20	29
19 22	20
19 23	35
19 24	4
19 26	5
19 28	42
19 29	22
19 31	27
19 32	46
19 33	28
19 35	36
19 37	7
19 38	18
19 40	45
19 41	9
19 42	30
19 46	11
19 47	25
19 48	13
19 49	17
20 0	17
20 1	40
20 4	26
20 5	5
20 7	42
20 8	18
20 9	32
20 10	10
20 11	4
20 12	44
20 13	33
20 17	7
20 18	23
20 19	9
20 20	21
20 21	15
20 22	30
20 26	28
20 28	11
20 29	49
20 30	24
20 32	37
20 34	39
20 38	8
20 39	29
20 40	36
20 41	14
20 43	27
20 44	46
20 47	2
20 48	1
20 49	20
21 0	21
21 1	42
21 3	18
21 5	0
21 7	13
21 9	44
21 11	8
21 13	26
21 14	24
21 15	4
21 16	39
21 17	36
21 18	15
21 19	47
21 20	5
21 23	23
21 24	20
21 25	1
21 26	10
21 27	38
21 30	48
21 31	31
21 33	32
21 34	40
21 36	17
21 37	30
21 38	11
21 39	49
21 43	41
21 44	14
21 45	34
21 46	22
22 0	9
22 1	35
22 2	14
22 3	25
22 4	48
22 5	46
22 7	22
22 9	47
22 10	2
22 12	30
22 14	16
22 15	34
22 17	15
22 20	11
22 21	10
22 22	37
22 24	45
22 25	4
22 27	20
22 29	32
22 30	21
22 40	44
22 44	1
22 48	6
22 49	49
23 0	5
23 2	7
23 3	10
23 6	16
23 7	23
23 8	32
23 10	15
23 11	41
23 12	0
23 15	13
23 18	21
23 19	43
23 21	44
23 22	28
23 23	31
23 24	22
23 26	3
23 27	46
23 28	38
23 30	30
23 31	14
23 32	19
23 33	48
23 35	20
23 36	33
23 38	37
23 39	27
23 42	8
23 45	25
23 46	42
23 47	36
23 48	24
23 49	40
24 0	41
24 6	34
24 7	24
24 10	49
24 12	45
24 13	42
24 14	35
24 15	11
24 16	47
24 18	5
24 19	3
24 21	7
24 23	27
24 25	37
24 26	13
24 30	43
24 31	15
24 32	2
24 33	23
24 35	29
24 36	40
24 37	25
24 40	39
24 42	6
24 43	0
24 45	12
24 47	20
24 48	14
24 49	38
25 0	42
25 2	18
25 4	37
25 5	34
25 7	2
25 8	14
25 9	23
25 11	31
25 18	7
25 19	6
25 20	9
25 21	46
25 22	22
25 23	30
25 25	45
25 26	25
25 27	39
25 29	47
25 30	38
25 32	12
25 34	24
25 35	1
25 36	8
25 38	35
25 40	32
25 41	10
25 44	16
25 46	49
25 47	0
26 2	24
26 4	36
26 5	31
26 6	21
26 8	26
26 9	10
26 10	17
26 11	47
26 12	3
26 13	9
26 16	11
26 17	49
26 18	4
26 19	0
26 20	19
26 22	33
26 23	37
26 24	16
26 25	28
26 26	39
26 27	18
26 29	2
26 32	27
26 34	12
26 36	25
26 38	46
26 39	23
26 42	42
26 43	35
26 44	20
26 45	32
26 46	13
26 48	40
26 49	6
27 1	21
27 2	4
27 3	45
27 5	15
27 8	49
27 9	14
27 10	19
27 11	35
27 14	22
27 15	44
27 16	24
27 17	25
27 19	36
27 20	1
27 21	16
27 22	2
27 23	3
27 24	38
27 25	20
27 28	46
27 29	40
27 30	39
27 33	0
27 34	29
27 35	31
27 36	47
27 37	42
27 38	30
27 39	32
27 41	48
27 42	10
27 43	26
27 44	13
27 48	33
27 49	41
28 1	34
28 3	3
28 6	35
28 7	25
28 8	39
28 9	0
28 10	28
28 11	32
28 12	40
28 14	9
28 15	6
28 19	19
28 23	4
28 24	47
28 25	17
28 27	31
28 28	24
28 30	5
28 31	44
28 33	41
28 34	15
28 36	38
28 37	8
28 38	45
28 39	14
28 41	42
28 42	12
28 43	48
28 44	2
28 45	21
28 46	1
28 47	27
28 49	36
29 1	27
29 2	43
29 3	37
29 4	30
29 6	15
29 9	1
29 11	28
29 12	31
29 13	22
29 14	46
29 15	45
29 16	26
29 17	38
29 18	48
29 19	13
29 20	8
29 21	9
29 22	11
29 23	29
29 28	0
29 29	23
29 30	14
29 31	40
29 32	10
29 34	5
29 35	47
29 37	12
29 39	34
29 41	32
29 42	3
29 43	7
29 44	41
29 46	21
29 47	33
29 48	42
29 49	44
30 0	3
30 2	32
30 4	49
30 9	5
30 10	33
30 11	7
30 12	39
30 15	26
30 16	28
30 17	20
30 20	42
30 28	2
30 29	29
30 31	11
30 32	9
30 33	25
30 34	31
30 35	30
30 36	15
30 37	37
30 38	48
30 39	0
30 40	23
30 42	47
30 43	36
30 47	46
30 48	8
31 0	47
31 1	33
31 2	17
31 4	43
31 7	30
31 8	15
31 10	34
31 11	16
31 12	1
31 13	3
31 16	37
31 18	9
31 19	10
31 22	38
31 23	25
31 24	7
31 25	5
31 26	46
31 27	27
31 30	19
31 31	36
31 32	32
31 35	13
31 36	11
31 37	4
31 40	28
31 41	8
31 43	39
31 45	41
31 48	2
31 49	22
32 1	31
32 3	26
32 4	7
32 6	14
32 9	33
32 11	11
32 12	46
32 15	9
32 16	36
32 18	35
32 19	1
32 20	44
32 21	17
32 23	39
32 26	27
32 28	22
32 29	12
32 31	3
32 32	47
32 33	8
32 34	38
32 35	42
32 38	49
32 39	10
32 40	40
32 41	16
32 43	21
32 45	4
32 46	32
32 47	30
32 48	37
32 49	18
33 0	4
33 1	11
33 2	25
33 5	27
33 6	31
33 8	22
33 10	9
33 11	23
33 13	21
33 14	36
33 15	43
33 16	1
33 17	3
33 20	0
33 21	37
33 23	8
33 24	40
33 25	14
33 28	26
33 34	2
33 36	30
33 38	5
33 39	45
33 40	13
33 42	35
33 44	18
33 45	17
33 48	20
34 1	6
34 8	34
34 9	8
34 10	30
34 11	5
34 13	0
34 15	14
34 16	15
34 17	42
34 19	26
34 20	33
34 22	46
34 23	1
34 24	21
34 25	19
34 27	44
34 31	12
34 33	29
34 36	18
34 43	17
34 44	22
34 45	48
34 46	36
34 47	4
34 48	47
34 49	10
35 0	34
35 2	38
35 3	40
35 5	19
35 6	24
35 7	6
35 8	43
35 11	37
35 12	48
35 13	8
35 17	10
35 18	12
35 20	46
35 21	32
35 22	25
35 23	47
35 27	11
35 31	21
35 32	29
35 34	33
35 36	4
35 38	23
35 39	20
35 42	45
35 43	14
35 46	44
36 0	31
36 1	39
36 2	33
36 3	14
36 4	29
36 6	45
36 11	0
36 12	27
36 13	10
36 14	1
36 15	20
36 16	22
36 18	8
36 19	4
36 21	3
36 22	16
36 27	49
36 32	40
36 33	44
36 35	43
36 36	36
36 37	48
36 38	15
36 40	12
36 42	46
36 44	26
36 45	23
36 46	24
36 47	5
36 48	35
36 49	42
37 0	20
37 2	44
37 4	47
37 8	7
37 9	19
37 11	34
37 12	24
37 13	35
37 15	22
37 16	46
37 18	18
37 22	1
37 23	36
37 25	9
37 26	0
37 27	5
37 29	8
37 30	6
37 35	37
37 36	32
37 40	41
37 41	49
37 48	15
38 0	6
38 1	3
38 2	22
38 4	39
38 5	38
38 7	4
38 10	44
38 12	32
38 13	13
38 14	47
38 17	23
38 20	28
38 23	46
38 25	48
38 27	1
38 28	29
38 29	16
38 32	26
38 34	34
38 35	14
38 36	7
38 38	17
38 40	11
38 41	27
38 42	31
38 43	49
38 44	5
38 45	36
38 46	33
38 47	41
38 48	25
38 49	2
39 0	39
39 5	41
39 7	48
39 9	18
39 10	7
39 14	11
39 15	24
39 18	19
39 19	8
39 21	13
39 22	35
39 23	26
39 26	16
39 27	40
39 30	27
39 31	22
39 32	6
39 36	2
39 37	33
39 38	43
39 39	46
39 42	49
39 43	20
39 45	14
39 47	12
39 48	36
39 49	15
40 1	26
40 2	47
40 3	30
40 5	16
40 6	17
40 7	10
40 9	15
40 10	23
40 12	25
40 14	34
40 20	41
40 21	6
40 23	5
40 24	14
40 25	8
40 26	20
40 27	7
40 28	9
40 29	0
40 30	11
40 31	38
40 34	22
40 37	32
40 38	36
40 40	27
40 41	18
40 43	4
40 44	40
40 45	46
40 46	35
40 47	42
40 48	21
41 0	16
41 1	10
41 3	43
41 6	12
41 8	47
41 9	42
41 10	40
41 11	38
41 12	26
41 14	4
41 17	6
41 19	2
41 20	49
41 22	21
41 23	44
41 25	30
41 26	31
41 27	24
41 28	15
41 30	1
41 33	35
41 35	23
41 36	22
41 37	18
41 39	36
41 42	33
41 45	27
41 46	9
41 48	17
42 1	32
42 2	40
42 3	27
42 8	6
42 9	45
42 10	41
42 12	37
42 13	38
42 14	26
42 15	8
42 16	43
42 17	35
42 20	3
42 22	10
42 23	7
42 25	18
42 26	29
42 27	47
42 28	1
42 31	16
42 33	14
42 36	42
42 37	39
42 38	22
42 43	24
42 44	11
42 45	2
42 46	34
42 47	23
42 49	13
43 0	28
43 3	34
43 6	11
43 8	24
43 9	37
43 11	27
43 15	47
43 16	41
43 17	16
43 18	22
43 19	14
43 21	33
43 22	12
43 24	19
43 25	39
43 27	36
43 28	18
43 29	45
43 30	49
43 32	48
43 35	17
43 36	21
43 37	29
43 40	6
43 41	1
43 42	23
43 43	15
43 45	13
43 46	8
43 48	31
43 49	30
44 0	27
44 1	47
44 4	1
44 6	48
44 8	42
44 10	5
44 11	44
44 13	29
44 14	30
44 15	7
44 17	21
44 19	33
44 20	10
44 23	11
44 27	16
44 29	36
44 30	8
44 31	35
44 33	6
44 34	9
44 35	22
44 37	34
44 38	32
44 39	12
44 41	19
44 43	25
44 46	17
44 49	24
45 1	28
45 2	48
45 3	6
45 4	35
45 5	20
45 6	38
45 7	41
45 9	29
45 10	24
45 15	33
45 16	19
45 17	2
45 19	25
45 21	8
45 23	32
45 27	43
45 28	17
45 30	16
45 32	0
45 34	36
45 38	3
45 39	1
45 40	7
45 44	21
45 45	40
45 46	39
45 47	11
45 49	34
46 0	25
46 6	9
46 7	28
46 8	41
46 10	11
46 12	2
46 15	49
46 17	12
46 18	45
46 19	27
46 23	33
46 24	29
46 26	22
46 27	13
46 29	6
46 33	1
46 34	3
46 38	40
46 40	19
46 43	32
46 45	30
46 46	43
46 47	16
46 48	5
47 1	36
47 2	5
47 3	7
47 4	40
47 5	43
47 6	22
47 8	33
47 10	45
47 11	29
47 12	16
47 15	3
47 16	18
47 17	11
47 22	0
47 23	42
47 25	25
47 26	26
47 27	30
47 29	31
47 31	8
47 32	49
47 36	20
47 37	19
47 38	39
47 40	48
47 41	6
47 42	41
47 45	15
47 46	38
47 47	34
47 48	32
48 2	12
48 6	2
48 7	33
48 9	24
48 10	6
48 13	27
48 15	32
48 18	3
48 19	29
48 21	28
48 24	11
48 25	43
48 27	25
48 29	41
48 30	35
48 32	30
48 34	37
48 35	15
48 36	10
48 39	16
48 40	5
48 42	21
48 44	31
48 45	44
48 46	20
48 47	19
49 1	18
49 2	27
49 3	38
49 7	0
49 8	46
49 11	15
49 12	20
49 13	6
49 14	43
49 16	13
49 17	24
49 21	4
49 22	47
49 23	49
49 24	42
49 25	40
49 26	30
49 28	31
49 30	7
49 31	23
49 33	2
49 34	19
49 37	16
49 38	33
49 39	3
49 40	35
49 44	48
49 46	25
49 47	21
49 49	39
