50
0 2	39
0 7	16
0 14	15
0 15	8
0 16	45
0 17	6
0 19	48
0 20	27
0 21	1
0 22	14
0 23	9
0 25	43
0 26	33
0 31	30
0 33	7
0 34	26
0 39	36
0 40	13
0 43	44
0 45	37
0 47	31
0 48	25
0 49	46
1 0	37
1 4	39
1 7	34
1 8	22
1 12	0
1 13	13
1 14	28
1 19	20
1 20	16
1 21	47
1 22	42
1 27	12
1 28	30
1 29	33
1 32	11
1 34	8
1 37	17
1 38	19
1 40	15
1 41	14
1 42	4
1 44	26
1 47	23
2 0	48
2 3	21
2 4	47
2 5	38
2 6	15
2 7	33
2 11	30
2 13	23
2 15	49
2 16	12
2 18	28
2 20	35
2 21	11
2 22	19
2 23	1
2 25	46
2 26	36
2 27	32
2 32	0
2 33	43
2 35	26
2 36	45
2 40	24
2 42	7
2 44	29
2 46	6
3 1	42
3 4	2
3 5	19
3 7	18
3 8	45
3 10	37
3 11	17
3 12	26
3 17	22
3 18	6
3 21	32
3 22	40
3 27	14
3 29	35
3 31	8
3 32	15
3 34	20
3 35	29
3 37	11
3 39	24
3 40	21
3 41	31
4 0	13
4 1	10
4 2	29
4 4	36
4 6	7
4 7	15
4 8	0
4 10	47
4 13	27
4 14	14
4 16	30
4 17	40
4 20	6
4 22	33
4 24	35
4 25	21
4 29	9
4 32	43
4 34	49
4 35	19
4 39	38
4 40	18
4 41	11
4 42	23
4 45	17
4 48	26
4 49	42
5 0	4
5 1	45
5 3	48
5 4	23
5 6	20
5 8	21
5 10	27
5 11	42
5 12	19
5 13	3
5 14	41
5 15	34
5 16	28
5 17	26
5 18	39
5 22	29
5 23	49
5 24	17
5 25	8
5 26	18
5 31	5
5 32	13
5 34	14
5 36	40
5 37	6
5 38	10
5 39	32
5 45	35
5 46	7
5 48	33
6 2	48
6 5	47
6 6	9
6 7	28
6 10	6
6 11	38
6 13	44
6 15	39
6 20	49
6 23	26
6 25	32
6 27	45
6 29	29
6 34	37
6 35	30
6 40	10
6 41	42
6 43	1
6 44	18
6 45	23
6 48	0
7 0	32
7 1	11
7 3	38
7 5	7
7 8	28
7 9	40
7 13	31
7 14	18
7 15	14
7 16	39
7 17	19
7 18	3
7 19	23
7 23	0
7 25	24
7 26	35
7 31	21
7 37	44
7 39	10
7 40	16
7 41	49
7 43	22
7 44	37
7 45	47
7 47	45
7 48	48
8 0	22
8 1	31
8 3	35
8 5	48
8 7	21
8 9	7
8 10	41
8 11	43
8 13	16
8 14	12
8 20	37
8 21	24
8 24	9
8 27	15
8 29	10
8 32	26
8 34	4
8 35	13
8 36	46
8 38	40
8 39	2
8 41	23
8 43	5
8 46	32
8 47	27
9 0	0
9 6	8
9 7	13
9 9	4
9 10	30
9 11	31
9 12	17
9 14	24
9 15	32
9 16	5
9 17	44
9 19	43
9 20	29
9 21	2
9 23	14
9 25	9
9 30	37
9 33	10
9 35	39
9 38	42
9 42	26
9 44	47
9 46	35
9 48	36
10 3	43
10 5	14
10 9	28
10 12	6
10 13	10
10 14	30
10 16	42
10 22	26
10 25	25
10 28	2
10 29	37
10 32	47
10 36	15
10 37	32
10 38	29
10 40	20
10 41	17
10 44	46
10 47	36
10 49	8
11 3	13
11 4	40
11 5	41
11 6	30
11 8	32
11 9	0
11 10	11
11 16	23
11 18	24
11 19	31
11 20	33
11 22	46
11 25	42
11 29	25
11 31	48
11 32	4
11 33	2
11 36	36
11 40	12
11 41	22
11 43	43
11 44	39
11 45	8
11 46	20
11 47	35
12 1	23
12 6	4
12 7	5
12 10	2
12 11	13
12 12	20
12 13	17
12 14	21
12 16	49
12 18	26
12 19	22
12 20	9
12 21	48
12 23	10
12 27	41
12 28	24
12 29	14
12 30	8
12 31	43
12 32	37
12 33	25
12 34	33
12 35	16
12 38	47
12 39	46
12 40	35
12 44	11
12 45	38
12 48	32
12 49	31
13 3	37
13 4	38
13 5	31
13 8	7
13 10	19
13 11	12
13 13	28
13 14	27
13 15	47
13 17	43
13 19	46
13 20	4
13 24	1
13 28	23
13 29	11
13 30	34
13 31	14
13 32	39
13 33	33
13 34	29
13 38	0
13 42	17
13 44	13
13 46	42
13 47	8
13 48	22
13 49	35
14 1	20
14 3	18
14 5	36
14 6	31
14 8	42
14 9	21
14 12	9
14 13	2
14 14	47
14 15	10
14 17	14
14 18	37
14 20	15
14 21	38
14 23	28
14 25	30
14 26	13
14 27	17
14 28	8
14 30	0
14 31	32
14 32	29
14 35	40
14 36	6
14 38	46
14 40	41
14 41	45
14 42	35
14 43	39
14 45	44
14 46	49
14 49	4
15 2	38
15 4	32
15 5	12
15 8	43
15 9	1
15 12	7
15 16	14
15 18	49
15 19	5
15 21	15
15 24	24
15 26	19
15 34	3
15 36	31
15 38	33
15 39	45
15 42	18
15 44	41
15 46	17
15 47	6
15 49	44
16 2	40
16 5	32
16 6	29
16 8	36
16 12	33
16 13	39
16 16	37
16 18	8
16 19	24
16 20	14
16 22	41
16 23	2
16 26	17
16 27	27
16 28	22
16 29	31
16 31	20
16 35	49
16 36	0
16 37	26
16 40	28
16 42	46
16 47	47
16 48	15
17 0	17
17 1	22
17 4	9
17 7	24
17 8	8
17 9	6
17 10	20
17 11	3
17 12	35
17 13	45
17 15	48
17 16	31
17 20	7
17 22	38
17 23	33
17 25	23
17 28	18
17 29	27
17 30	26
17 31	44
17 32	30
17 34	39
17 35	46
17 37	29
17 38	5
17 42	47
17 43	32
17 46	28
17 49	40
18 1	9
18 3	10
18 4	48
18 5	26
18 6	43
18 7	41
18 10	3
18 11	25
18 13	22
18 16	24
18 19	6
18 21	18
18 22	37
18 25	0
18 26	16
18 29	28
18 31	15
18 34	23
18 35	17
18 36	7
18 37	30
18 39	40
18 40	47
18 41	12
18 42	1
18 44	42
18 46	4
18 47	44
18 48	19
19 2	14
19 4	5
19 5	15
19 6	13
19 7	9
19 8	17
19 9	24
19 10	23
19 13	4
19 14	26
19 15	38
19 16	35
19 21	10
19 23	19
19 24	41
19 25	1
19 26	29
19 27	8
19 36	16
19 38	44
19 39	37
19 41	33
19 43	12
19 44	30
19 47	42
20 0	39
20 1	47
20 2	3
20 4	15
20 5	30
20 6	46
20 7	17
20 8	1
20 10	33
20 12	43
20 16	8
20 17	18
20 18	11
20 19	36
20 23	27
20 24	32
20 25	22
20 26	37
20 27	9
20 31	12
20 32	21
20 33	41
20 37	19
20 38	31
20 39	29
20 40	7
20 48	35
21 2	15
21 5	49
21 10	1
21 11	44
21 12	32
21 13	35
21 15	7
21 18	17
21 19	0
21 20	19
21 21	43
21 24	39
21 26	8
21 29	3
21 31	13
21 33	28
21 34	41
21 35	48
21 36	25
21 37	36
21 40	46
21 43	18
21 45	33
21 47	20
21 48	12
21 49	23
22 2	10
22 3	1
22 6	34
22 7	31
22 8	16
22 9	42
22 11	39
22 13	32
22 15	20
22 17	11
22 18	23
22 19	44
22 23	46
22 24	26
22 27	38
22 29	43
22 33	37
22 35	12
22 36	22
22 37	9
22 38	28
22 41	7
22 46	5
22 47	18
22 49	19
23 0	42
23 4	24
23 5	43
23 6	32
23 7	40
23 8	23
23 12	48
23 14	10
23 16	13
23 17	15
23 19	4
23 25	5
23 26	46
23 27	7
23 29	49
23 30	36
23 31	37
23 32	3
23 33	45
23 35	35
23 36	2
23 39	14
23 40	27
23 43	20
23 47	0
23 48	28
23 49	38
24 1	2
24 2	16
24 3	34
24 4	11
24 5	0
24 9	38
24 11	6
24 12	25
24 14	1
24 15	44
24 17	29
24 21	3
24 22	13
24 27	22
24 30	30
24 32	24
24 33	8
24 34	35
24 37	37
24 38	27
24 42	19
24 43	48
24 44	40
24 49	43
25 0	46
25 3	5
25 4	28
25 7	25
25 9	45
25 11	37
25 12	30
25 17	47
25 18	33
25 19	26
25 22	1
25 23	32
25 24	38
25 25	18
25 27	21
25 29	20
25 30	40
25 32	35
25 34	16
25 36	24
25 37	7
25 38	34
25 39	13
25 41	39
25 43	10
25 44	3
25 46	31
26 1	44
26 8	27
26 9	8
26 10	25
26 11	35
26 12	21
26 14	42
26 17	34
26 19	33
26 20	23
26 21	39
26 22	22
26 23	41
26 24	37
26 28	15
26 29	4
26 31	1
26 32	2
26 36	10
26 37	12
26 39	48
26 41	9
26 43	3
26 44	17
26 48	6
26 49	28
27 0	30
27 3	3
27 4	0
27 5	42
27 6	38
27 7	47
27 9	32
27 11	49
27 14	8
27 16	41
27 20	20
27 22	12
27 24	33
27 33	6
27 34	9
27 36	37
27 42	48
27 43	25
27 45	10
27 46	11
27 48	21
28 0	26
28 5	4
28 6	35
28 9	2
28 10	46
28 11	20
28 12	28
28 13	7
28 15	15
28 16	0
28 18	14
28 20	44
28 21	12
28 24	47
28 25	6
28 26	49
28 28	21
28 30	23
28 33	29
28 36	48
28 40	40
28 41	30
28 42	37
28 44	33
28 48	43
29 3	29
29 4	37
29 5	35
29 6	28
29 7	36
29 9	11
29 12	47
29 17	48
29 19	27
29 22	10
29 24	2
29 27	44
29 28	31
29 29	0
29 30	38
29 31	24
29 32	32
29 35	43
29 36	13
29 37	46
29 38	17
29 40	34
29 41	25
29 42	20
29 43	9
29 44	15
29 45	42
29 46	18
29 47	49
29 48	4
29 49	26
30 1	6
30 5	3
30 7	29
30 9	30
30 16	15
30 18	7
30 19	11
30 20	13
30 22	39
30 26	32
30 28	36
30 29	12
30 30	4
30 32	41
30 35	22
30 36	20
30 38	8
30 41	40
30 42	25
30 43	16
30 44	5
30 46	45
30 47	14
30 48	18
30 49	47
31 0	45
31 1	12
31 3	2
31 5	46
31 6	47
31 8	30
31 13	1
31 15	33
31 16	11
31 17	24
31 18	18
31 20	21
31 24	14
31 25	17
31 30	32
31 33	22
31 37	31
31 39	23
31 45	43
32 0	8
32 2	31
32 4	25
32 7	1
32 8	4
32 9	15
32 10	38
32 14	44
32 15	45
32 21	23
32 22	35
32 23	7
32 26	43
32 28	40
32 35	47
32 38	26
32 39	0
32 41	3
32 46	10
32 48	29
32 49	32
33 0	44
33 2	49
33 4	10
33 6	22
33 8	29
33 9	20
33 10	13
33 12	27
33 15	17
33 19	3
33 20	40
33 24	12
33 25	35
33 26	47
33 29	7
33 30	18
33 33	24
33 35	1
33 36	43
33 37	39
33 39	42
33 40	36
33 41	6
33 43	15
33 47	41
33 48	45
33 49	34
34 1	7
34 4	49
34 5	40
34 9	41
34 11	22
34 12	45
34 14	43
34 21	6
34 24	23
34 27	28
34 29	13
34 32	33
34 33	46
34 35	31
34 36	3
34 37	48
34 43	17
34 46	19
34 48	37
35 0	41
35 1	28
35 2	47
35 4	46
35 7	39
35 8	10
35 10	45
35 14	31
35 17	4
35 21	33
35 22	21
35 25	12
35 26	27
35 31	35
35 32	38
35 33	32
35 35	23
35 36	26
35 39	20
35 40	1
35 43	0
35 48	7
35 49	29
36 1	29
36 2	20
36 3	46
36 5	37
36 7	38
36 8	14
36 11	1
36 12	16
36 17	0
36 18	36
36 22	43
36 23	47
36 30	49
36 31	10
36 32	12
36 34	28
36 35	33
36 37	24
36 40	32
36 41	26
36 42	3
36 43	35
36 46	21
36 48	13
37 1	41
37 2	9
37 3	0
37 4	42
37 8	35
37 12	22
37 13	5
37 14	25
37 16	17
37 17	36
37 18	44
37 21	29
37 23	23
37 24	20
37 25	49
37 27	39
37 28	1
37 30	24
37 31	46
37 34	19
37 42	21
37 44	27
37 46	2
37 48	10
38 0	49
38 2	23
38 3	32
38 10	0
38 11	36
38 13	38
38 14	46
38 15	3
38 16	22
38 17	1
38 18	20
38 19	40
38 20	42
38 23	21
38 24	31
38 25	37
38 26	48
38 30	29
38 31	25
38 32	17
38 34	44
38 36	8
38 37	4
38 40	2
38 41	13
38 43	34
38 44	10
38 46	26
38 47	28
39 1	40
39 2	28
39 3	16
39 4	18
39 6	39
39 7	45
39 8	47
39 9	5
39 11	9
39 13	49
39 16	36
39 17	25
39 18	10
39 21	8
39 23	6
39 25	19
39 26	11
39 29	48
39 30	43
39 33	35
39 35	38
39 36	29
39 38	30
39 39	26
39 40	44
39 42	27
39 43	42
39 46	46
39 47	12
39 48	3
39 49	15
40 1	36
40 4	22
40 5	28
40 13	19
40 17	9
40 21	25
40 23	12
40 24	45
40 27	43
40 28	27
40 29	44
40 31	31
40 34	10
40 37	18
40 38	20
40 40	4
40 42	32
40 46	47
40 48	23
40 49	24
41 1	1
41 2	2
41 4	41
41 5	39
41 8	6
41 10	10
41 16	33
41 20	32
41 22	23
41 25	7
41 26	20
41 27	16
41 28	47
41 29	21
41 31	42
41 34	30
41 36	34
41 39	4
41 40	25
41 41	8
41 43	36
41 44	31
41 46	38
41 47	9
42 0	10
42 2	19
42 5	9
42 6	24
42 7	35
42 9	27
42 10	17
42 11	28
42 12	13
42 14	37
42 19	7
42 20	39
42 21	21
42 22	20
42 23	43
42 25	26
42 26	15
42 33	12
42 34	18
42 36	47
42 38	16
42 42	45
42 45	34
43 1	5
43 2	45
43 3	39
43 4	43
43 5	27
43 7	12
43 10	21
43 11	0
43 12	36
43 13	37
43 14	19
43 15	28
43 17	17
43 20	25
43 21	22
43 25	38
43 28	16
43 29	24
43 33	31
43 34	46
43 36	23
43 37	35
43 38	11
43 39	9
43 40	14
43 42	33
43 45	32
43 46	30
43 47	40
43 48	1
43 49	13
44 5	33
44 11	2
44 12	4
44 15	40
44 16	10
44 18	16
44 24	5
44 25	47
44 26	24
44 27	30
44 30	11
44 32	14
44 33	21
44 34	0
44 38	48
44 39	43
44 44	38
44 45	3
44 47	13
44 49	12
45 0	11
45 1	17
45 7	8
45 9	48
45 10	18
45 11	21
45 12	31
45 15	24
45 17	45
45 18	9
45 20	3
45 21	14
45 22	4
45 23	29
45 25	10
45 29	22
45 30	1
45 32	40
45 35	6
45 39	25
45 41	0
45 42	28
45 43	23
45 44	2
45 48	30
46 0	28
46 3	15
46 6	33
46 10	8
46 12	38
46 14	29
46 15	31
46 18	47
46 19	19
46 20	43
46 25	36
46 28	34
46 29	42
46 32	44
46 34	5
46 36	32
46 38	14
46 39	6
46 40	17
46 43	49
46 47	22
46 48	41
47 3	41
47 4	29
47 6	14
47 7	6
47 8	33
47 10	35
47 11	15
47 12	23
47 13	40
47 14	48
47 16	16
47 18	38
47 20	26
47 25	27
47 26	12
47 29	1
47 33	5
47 35	28
47 36	30
47 38	2
47 41	36
47 43	47
47 44	25
47 45	31
47 46	37
47 47	17
47 48	9
47 49	20
48 1	0
48 2	5
48 3	36
48 5	1
48 8	11
48 10	34
48 13	18
48 17	8
48 21	45
48 23	24
48 24	15
48 25	33
48 32	25
48 33	17
48 36	35
48 37	40
48 39	28
48 43	29
48 46	41
48 48	16
48 49	21
49 0	12
49 1	37
49 2	7
49 3	14
49 4	19
49 6	27
49 8	46
49 10	40
49 12	44
49 14	4
49 17	16
49 19	10
49 22	9
49 24	30
49 25	20
49 30	17
49 33	3
49 35	8
49 40	49
49 42	42
49 43	11
49 44	32
49 45	26
49 46	0
49 48	38
49 49	48
