50
0 5	29
0 8	41
0 9	36
0 10	17
0 13	25
0 15	39
0 17	7
0 21	37
0 27	32
0 30	5
0 31	14
0 34	38
0 35	48
0 39	19
0 41	3
0 42	10
0 43	2
0 44	4
0 49	21
1 4	20
1 7	5
1 13	43
1 17	49
1 18	6
1 21	22
1 31	3
1 34	29
1 41	14
1 42	27
1 44	1
1 45	21
1 48	17
1 49	30
2 0	36
2 7	45
2 10	26
2 15	42
2 17	15
2 18	14
2 19	32
2 22	39
2 24	27
2 27	17
2 28	35
2 31	1
2 32	10
2 34	25
2 36	29
2 37	43
2 38	7
2 44	30
2 47	31
3 3	40
3 8	15
3 16	10
3 18	8
3 27	23
3 28	24
3 30	36
3 32	37
3 34	48
3 36	3
3 37	7
3 40	9
3 42	38
3 43	16
3 48	19
4 4	4
4 10	25
4 13	49
4 17	12
4 23	33
4 27	2
4 28	32
4 33	7
4 37	40
4 38	18
4 39	11
4 43	22
5 1	29
5 6	10
5 7	12
5 9	17
5 11	41
5 12	20
5 15	7
5 21	27
5 27	8
5 37	35
5 38	25
5 39	49
5 42	6
5 44	3
5 46	22
5 47	37
6 1	16
6 4	35
6 6	9
6 14	20
6 15	41
6 20	15
6 21	0
6 27	11
6 30	21
6 37	6
6 48	1
7 8	29
7 14	26
7 15	44
7 23	16
7 27	18
7 32	5
7 39	14
7 41	32
8 1	18
8 2	47
8 5	1
8 7	2
8 11	46
8 21	35
8 23	41
8 24	42
8 26	37
8 35	25
8 40	44
8 41	12
8 46	38
8 49	36
9 1	6
9 6	44
9 8	26
9 12	31
9 13	10
9 14	19
9 26	43
9 31	36
9 41	11
9 43	15
9 44	47
9 49	29
10 2	8
10 4	7
10 5	43
10 6	0
10 7	36
10 8	47
10 11	1
10 12	12
10 14	37
10 16	14
10 18	13
10 21	17
10 26	4
10 30	28
10 31	33
10 32	21
10 35	44
10 37	5
10 38	31
10 43	42
10 47	23
10 48	49
11 5	16
11 6	21
11 10	33
11 11	28
11 15	31
11 29	19
11 32	12
11 37	11
11 42	14
11 43	34
11 48	5
12 0	29
12 5	21
12 7	9
12 9	14
12 21	3
12 22	1
12 25	18
12 37	10
12 47	33
13 5	19
13 7	15
13 14	41
13 16	25
13 18	18
13 22	12
13 31	30
13 32	24
13 35	31
13 39	2
13 40	11
13 44	36
14 2	11
14 3	21
14 9	43
14 11	31
14 12	35
14 15	15
14 16	27
14 17	28
14 18	16
14 22	3
14 23	17
14 25	25
14 26	30
14 29	0
14 31	12
14 35	46
14 38	24
14 40	5
14 44	34
15 4	14
15 9	25
15 12	19
15 14	16
15 18	30
15 20	42
15 22	6
15 23	3
15 24	35
15 25	7
15 29	4
15 30	18
15 32	48
15 36	23
15 37	22
15 40	38
15 42	12
15 43	11
15 44	26
15 48	15
16 0	21
16 3	29
16 7	42
16 9	11
16 10	10
16 14	27
16 16	40
16 22	14
16 26	9
16 33	13
16 36	20
16 39	5
16 42	2
17 2	14
17 3	35
17 5	9
17 10	43
17 23	40
17 26	19
17 29	34
17 32	41
17 41	26
17 49	10
18 1	27
18 4	1
18 5	6
18 7	10
18 8	11
18 9	18
18 16	43
18 17	14
18 21	25
18 27	22
18 31	16
18 32	31
18 35	17
18 39	38
18 40	23
18 41	48
19 0	27
19 1	14
19 6	37
19 7	39
19 8	16
19 11	24
19 12	41
19 14	11
19 17	17
19 21	34
19 22	19
19 26	18
19 35	20
19 36	44
19 37	8
19 38	0
19 41	15
19 48	3
20 2	32
20 6	13
20 7	28
20 8	49
20 13	42
20 14	43
20 16	12
20 19	16
20 23	36
20 26	38
20 28	37
20 29	15
20 30	29
20 31	2
20 39	26
20 49	6
21 5	18
21 15	8
21 16	45
21 17	36
21 19	40
21 33	31
21 35	22
21 42	42
21 46	10
21 48	13
22 0	24
22 7	31
22 13	36
22 14	30
22 16	47
22 18	25
22 19	33
22 27	29
22 35	42
22 38	6
22 41	35
22 48	16
23 1	32
23 3	33
23 8	37
23 12	28
23 24	30
23 27	49
23 33	0
23 42	41
23 44	40
23 45	47
23 47	19
24 0	49
24 2	2
24 3	6
24 6	30
24 10	1
24 23	37
24 29	47
24 33	33
24 35	16
24 41	38
24 43	36
24 48	23
24 49	20
25 4	28
25 6	42
25 8	39
25 12	47
25 15	13
25 22	25
25 23	9
25 26	3
25 29	14
25 31	32
25 48	4
26 3	7
26 5	31
26 8	6
26 10	32
26 16	48
26 17	23
26 18	40
26 26	2
26 30	12
26 32	43
26 34	1
26 48	29
26 49	16
27 14	49
27 16	41
27 17	6
27 19	7
27 27	3
27 36	1
27 39	42
27 41	29
27 49	43
28 1	45
28 4	41
28 10	15
28 11	10
28 14	22
28 17	42
28 21	18
28 25	33
28 26	32
28 28	25
28 34	7
28 35	12
28 41	27
28 43	6
28 45	34
29 2	34
29 4	27
29 8	25
29 10	7
29 12	36
29 13	47
29 15	22
29 18	10
29 20	6
29 21	45
29 32	2
29 34	33
29 38	42
29 39	12
29 43	46
29 44	14
29 45	48
29 46	28
29 48	26
29 49	24
30 2	43
30 5	39
30 7	23
30 10	42
30 13	26
30 15	35
30 16	33
30 17	0
30 18	31
30 19	14
30 20	17
30 21	15
30 23	28
30 27	40
30 29	21
30 33	30
30 34	34
30 39	37
30 44	10
30 46	25
31 3	15
31 6	28
31 10	9
31 11	4
31 16	29
31 19	46
31 23	19
31 28	12
31 31	34
31 32	33
31 34	26
31 36	18
31 41	31
31 46	16
31 48	21
32 0	37
32 7	7
32 10	8
32 12	11
32 13	34
32 16	1
32 17	35
32 20	25
32 21	28
32 24	45
32 25	46
32 28	33
32 30	32
32 31	17
32 33	2
32 38	39
32 41	6
32 43	27
32 44	38
32 47	47
32 49	40
33 0	11
33 5	32
33 13	31
33 16	6
33 17	9
33 19	15
33 20	35
33 26	40
33 32	27
33 40	28
33 47	12
33 48	14
33 49	5
34 6	7
34 10	47
34 11	35
34 12	37
34 13	28
34 14	34
34 17	8
34 26	23
34 27	33
34 28	16
34 29	13
34 30	49
34 34	9
34 37	32
34 39	1
34 44	5
35 9	30
35 11	47
35 12	5
35 16	18
35 18	39
35 19	22
35 21	43
35 23	45
35 24	48
35 25	13
35 27	12
35 30	41
35 34	10
35 40	7
35 41	9
35 47	32
36 5	12
36 6	32
36 19	13
36 21	31
36 22	33
36 23	0
36 26	8
36 30	14
36 33	22
36 39	40
36 44	2
36 45	4
37 6	16
37 8	24
37 11	48
37 15	25
37 21	44
37 37	46
37 38	20
37 40	41
37 41	36
37 42	47
37 43	13
37 45	6
37 48	10
38 2	3
38 4	15
38 5	17
38 10	34
38 11	22
38 12	14
38 14	12
38 16	37
38 17	20
38 18	27
38 19	36
38 31	10
38 32	26
38 38	1
38 39	48
38 40	0
38 41	41
38 44	18
38 46	19
38 47	29
38 49	2
39 0	7
39 1	40
39 2	1
39 7	30
39 11	15
39 14	28
39 20	13
39 21	33
39 22	32
39 23	12
39 24	22
39 26	48
39 33	42
39 35	27
39 36	21
39 37	16
39 38	4
39 47	39
39 48	43
40 1	1
40 4	16
40 7	27
40 8	22
40 10	4
40 12	7
40 15	18
40 17	44
40 25	21
40 26	5
40 30	11
40 32	49
40 35	39
40 42	15
40 43	14
40 44	19
41 6	47
41 8	17
41 10	30
41 14	42
41 15	14
41 17	11
41 20	49
41 21	19
41 28	28
41 30	2
41 31	4
41 32	18
41 34	6
41 36	7
41 37	23
41 42	40
41 45	9
41 48	27
42 2	25
42 4	32
42 7	41
42 8	2
42 9	24
42 15	49
42 19	47
42 24	44
42 27	39
42 28	0
42 40	18
42 41	13
42 42	26
42 44	21
42 46	30
43 1	8
43 3	47
43 5	48
43 6	19
43 8	14
43 10	35
43 17	39
43 19	25
43 26	29
43 34	42
43 39	31
43 42	0
43 46	45
44 4	40
44 6	20
44 7	37
44 10	0
44 11	49
44 15	33
44 19	12
44 20	38
44 24	11
44 25	1
44 26	39
44 29	46
44 30	35
44 31	18
44 34	17
44 35	15
44 42	29
44 43	28
44 46	36
44 49	22
45 6	48
45 7	47
45 16	20
45 17	2
45 19	43
45 22	29
45 25	32
45 34	22
45 36	25
45 41	28
45 43	9
45 44	39
45 47	44
45 48	42
46 2	10
46 6	22
46 7	16
46 9	34
46 10	29
46 14	44
46 24	24
46 25	6
46 26	21
46 28	39
46 32	45
46 33	38
46 35	5
46 38	32
46 41	33
46 42	25
46 46	9
46 49	31
47 6	18
47 9	15
47 10	36
47 11	43
47 12	6
47 13	16
47 14	48
47 21	20
47 23	22
47 27	37
47 29	41
47 31	8
47 35	49
47 36	46
47 37	29
47 38	11
47 44	31
47 49	27
48 1	22
48 6	43
48 11	39
48 13	23
48 17	5
48 27	6
48 28	34
48 29	35
48 30	47
48 32	11
48 33	17
48 35	41
48 37	37
48 39	0
48 41	44
48 44	12
48 46	21
49 2	5
49 4	3
49 6	6
49 12	32
49 15	46
49 23	47
49 24	14
49 26	41
49 28	13
49 29	7
49 30	9
49 33	39
49 37	44
49 43	12
49 44	16
