50
0 0	6
0 1	32
0 4	18
0 5	40
0 9	43
0 12	49
0 14	7
0 15	3
0 16	10
0 17	37
0 18	39
0 20	0
0 21	23
0 24	9
0 26	48
0 31	13
0 40	28
0 44	14
0 46	4
0 47	44
0 48	11
1 1	23
1 3	17
1 5	15
1 7	32
1 12	11
1 16	34
1 18	13
1 31	5
1 33	43
1 34	29
1 35	10
1 37	26
1 43	22
1 44	47
1 46	31
2 2	26
2 3	27
2 6	47
2 8	41
2 9	20
2 10	16
2 11	21
2 12	39
2 15	32
2 19	24
2 22	34
2 23	18
2 24	37
2 33	22
2 35	28
2 38	33
2 40	48
2 41	35
3 0	27
3 1	0
3 2	19
3 4	44
3 9	9
3 13	6
3 15	45
3 16	46
3 18	49
3 19	25
3 21	5
3 22	33
3 30	2
3 34	24
3 35	35
3 37	31
3 39	26
3 44	40
3 45	43
3 48	23
4 1	46
4 3	12
4 4	36
4 6	22
4 8	47
4 9	13
4 12	23
4 13	10
4 19	7
4 24	44
4 32	35
4 33	42
4 34	19
4 35	34
4 37	37
4 42	41
4 44	5
4 47	32
4 48	49
5 2	47
5 4	12
5 8	39
5 9	31
5 10	33
5 12	36
5 15	13
5 16	19
5 21	40
5 23	3
5 24	6
5 26	11
5 27	9
5 29	20
5 30	22
5 32	32
5 41	37
5 43	38
5 49	0
6 0	45
6 5	6
6 8	29
6 9	49
6 10	4
6 18	30
6 25	10
6 27	17
6 31	28
6 32	36
6 33	2
6 41	0
6 45	18
6 49	22
7 3	39
7 4	10
7 5	5
7 9	38
7 10	22
7 11	3
7 12	9
7 15	30
7 16	28
7 19	26
7 20	44
7 22	27
7 23	21
7 31	40
7 34	13
7 35	20
7 38	8
7 41	18
7 42	42
7 45	45
7 46	24
8 4	37
8 5	28
8 7	9
8 9	4
8 10	11
8 13	40
8 14	24
8 15	18
8 17	49
8 18	35
8 21	19
8 22	16
8 24	22
8 27	26
8 32	38
8 33	7
8 36	5
8 37	23
8 38	41
8 42	21
8 43	34
8 44	13
8 46	42
8 47	3
8 48	29
8 49	32
9 1	28
9 5	0
9 9	7
9 11	17
9 17	38
9 21	34
9 23	37
9 26	25
9 27	44
9 30	42
9 31	49
9 32	23
9 35	12
9 39	27
9 40	10
9 45	39
10 1	24
10 4	14
10 12	25
10 14	30
10 16	45
10 18	17
10 19	3
10 21	1
10 22	8
10 23	35
10 24	12
10 25	23
10 31	38
10 32	41
10 35	49
10 38	26
10 40	40
10 41	22
10 42	4
10 44	27
10 45	20
10 46	32
11 1	25
11 2	46
11 5	13
11 7	42
11 8	18
11 11	30
11 12	0
11 15	31
11 17	34
11 18	15
11 22	12
11 25	41
11 26	9
11 33	35
11 34	17
11 35	24
11 39	19
11 43	44
11 44	23
11 45	49
11 46	43
11 48	27
11 49	3
12 2	24
12 4	16
12 6	5
12 9	28
12 10	14
12 14	13
12 15	40
12 16	43
12 21	29
12 22	45
12 25	38
12 29	44
12 30	1
12 32	18
12 34	0
12 35	11
12 36	6
12 37	17
12 39	22
12 40	49
12 41	48
12 42	9
12 45	12
12 47	41
13 3	3
13 4	0
13 11	29
13 12	8
13 14	11
13 19	12
13 24	33
13 27	46
13 28	30
13 29	10
13 31	1
13 32	19
13 35	38
13 43	2
13 44	22
13 45	37
13 46	36
14 1	48
14 7	23
14 9	47
14 10	32
14 14	37
14 15	38
14 16	7
14 24	5
14 26	35
14 30	46
14 31	29
14 37	0
14 38	49
14 41	45
14 42	39
14 46	44
14 47	25
14 48	12
15 0	28
15 1	19
15 2	42
15 6	0
15 8	30
15 10	13
15 14	32
15 15	46
15 17	29
15 20	23
15 22	43
15 23	14
15 24	38
15 25	22
15 32	9
15 33	4
15 34	11
15 35	33
15 36	39
15 47	5
15 49	41
16 5	33
16 9	25
16 11	37
16 14	49
16 17	35
16 18	22
16 22	11
16 24	17
16 29	7
16 30	10
16 36	38
16 37	16
16 38	3
16 40	23
16 41	46
16 44	6
16 45	13
16 47	48
16 49	20
17 0	5
17 3	42
17 7	46
17 10	48
17 17	13
17 18	9
17 20	3
17 23	4
17 24	19
17 26	30
17 27	27
17 30	21
17 31	8
17 32	15
17 33	28
17 35	1
17 38	24
17 42	49
17 43	29
17 44	7
17 49	10
18 0	21
18 2	1
18 5	18
18 6	40
18 8	16
18 10	30
18 13	4
18 19	38
18 25	6
18 27	48
18 29	3
18 31	2
18 32	39
18 33	15
18 35	32
18 36	12
18 38	34
18 39	11
18 40	7
18 43	10
18 47	46
18 49	37
19 1	39
19 4	38
19 11	5
19 12	45
19 14	44
19 15	36
19 16	8
19 17	24
19 20	7
19 22	13
19 28	21
19 29	42
19 31	22
19 34	1
19 35	46
19 40	6
19 42	2
19 47	35
20 1	13
20 4	33
20 7	43
20 9	14
20 10	26
20 11	41
20 12	5
20 13	3
20 14	22
20 15	42
20 16	29
20 18	11
20 19	9
20 21	4
20 22	17
20 24	10
20 26	0
20 27	15
20 28	32
20 34	49
20 36	31
20 37	30
20 39	47
20 40	25
20 41	36
20 45	35
20 46	8
20 47	27
20 48	1
21 3	33
21 4	29
21 5	47
21 8	26
21 11	25
21 13	2
21 14	6
21 16	18
21 18	16
21 22	4
21 25	1
21 32	45
21 37	34
21 41	49
21 44	0
21 46	23
21 47	11
21 48	5
22 1	34
22 7	13
22 14	25
22 17	22
22 18	12
22 19	10
22 25	31
22 26	18
22 27	6
22 29	1
22 33	37
22 38	27
22 40	21
22 44	11
22 45	26
23 3	35
23 4	26
23 5	19
23 6	25
23 10	3
23 12	4
23 13	9
23 14	10
23 16	1
23 18	33
23 19	30
23 21	24
23 25	29
23 27	36
23 32	22
23 33	5
23 34	27
23 35	31
23 40	2
23 44	38
23 45	17
24 1	49
24 6	17
24 8	45
24 15	19
24 16	30
24 19	22
24 21	11
24 23	31
24 24	18
24 27	38
24 29	41
24 31	25
24 34	39
24 44	28
24 46	1
24 49	35
25 1	6
25 2	25
25 3	14
25 4	31
25 5	48
25 6	4
25 11	26
25 12	30
25 16	41
25 17	10
25 21	38
25 24	11
25 25	17
25 30	8
25 33	36
25 43	33
25 44	21
25 46	35
26 2	5
26 13	8
26 18	42
26 20	34
26 22	38
26 25	24
26 27	45
26 28	3
26 37	44
26 39	28
26 40	4
26 43	0
26 44	48
26 47	47
27 0	20
27 1	2
27 2	35
27 4	32
27 6	3
27 8	28
27 10	42
27 13	17
27 14	39
27 22	21
27 28	19
27 32	6
27 33	12
27 37	13
27 38	46
27 39	24
28 0	49
28 1	17
28 3	31
28 4	25
28 7	19
28 8	38
28 12	46
28 17	11
28 24	20
28 28	28
28 36	29
28 39	23
28 42	27
28 43	35
28 46	41
28 47	10
28 48	34
29 3	22
29 8	1
29 13	16
29 16	49
29 17	17
29 21	41
29 24	42
29 28	18
29 29	8
29 33	9
29 34	21
29 35	19
29 36	20
29 39	32
29 48	33
30 0	26
30 3	19
30 4	11
30 6	44
30 7	21
30 9	2
30 14	45
30 15	22
30 17	15
30 20	37
30 24	25
30 26	39
30 27	1
30 28	16
30 30	20
30 31	14
30 36	7
30 38	18
30 39	4
30 40	8
30 42	17
30 47	38
30 48	28
31 0	10
31 1	18
31 6	14
31 7	35
31 10	17
31 11	11
31 14	26
31 16	24
31 17	3
31 19	41
31 21	12
31 23	40
31 27	21
31 29	23
31 30	37
31 32	29
31 36	13
31 37	7
31 38	44
31 42	15
31 43	20
31 45	1
31 46	9
32 2	38
32 5	34
32 7	4
32 8	8
32 10	44
32 12	29
32 16	17
32 18	40
32 23	19
32 26	3
32 28	11
32 30	41
32 31	39
32 32	49
32 34	7
32 36	46
32 37	2
32 40	35
32 48	15
33 0	19
33 6	32
33 8	24
33 10	49
33 13	26
33 14	36
33 15	10
33 17	30
33 18	37
33 20	40
33 21	42
33 22	0
33 23	23
33 26	13
33 30	35
33 33	6
33 34	41
33 35	15
33 38	7
33 40	12
33 41	14
33 42	1
33 44	39
33 47	17
33 49	45
34 3	5
34 6	34
34 8	27
34 10	25
34 11	24
34 13	18
34 17	28
34 18	47
34 23	29
34 25	14
34 26	44
34 29	21
34 31	41
34 35	23
34 37	1
34 39	40
34 42	45
34 45	48
34 47	9
34 48	3
34 49	46
35 1	41
35 3	38
35 5	26
35 6	8
35 7	47
35 12	40
35 13	46
35 15	5
35 17	14
35 24	23
35 26	24
35 27	22
35 29	32
35 32	42
35 35	25
35 39	34
35 49	31
36 0	39
36 1	5
36 2	41
36 3	13
36 4	35
36 7	34
36 9	1
36 11	10
36 13	31
36 16	12
36 17	18
36 20	43
36 22	28
36 24	26
36 29	30
36 31	0
36 34	16
36 37	11
36 39	21
36 40	44
36 41	8
36 42	22
36 43	23
36 47	49
36 48	48
37 3	7
37 6	43
37 7	33
37 9	12
37 10	37
37 12	1
37 15	29
37 16	31
37 23	15
37 35	3
37 37	38
37 38	13
37 39	44
37 43	27
37 47	16
37 49	17
38 0	42
38 3	20
38 4	9
38 7	17
38 8	11
38 11	36
38 14	16
38 17	6
38 26	29
38 28	41
38 29	22
38 33	45
38 35	7
38 38	23
38 39	12
38 40	31
38 41	5
38 44	25
38 45	24
38 46	15
38 48	43
39 0	24
39 1	8
39 2	31
39 6	49
39 12	27
39 13	38
39 15	15
39 16	21
39 17	36
39 19	39
39 20	41
39 21	20
39 24	1
39 25	42
39 29	48
39 34	35
39 36	37
39 37	10
39 43	25
39 47	19
39 48	26
39 49	28
40 0	4
40 1	43
40 2	8
40 5	42
40 6	18
40 8	31
40 9	19
40 10	0
40 11	46
40 14	35
40 15	41
40 16	32
40 18	28
40 20	5
40 27	13
40 28	7
40 29	11
40 30	23
40 31	9
40 33	16
40 34	2
40 36	49
40 42	47
40 43	3
40 46	40
40 49	15
41 0	25
41 1	45
41 2	34
41 6	39
41 10	27
41 11	42
41 12	43
41 13	35
41 16	23
41 19	6
41 23	30
41 25	19
41 34	26
41 35	22
41 37	8
41 38	47
41 39	20
41 42	38
41 43	13
42 0	1
42 2	11
42 3	6
42 5	41
42 6	20
42 8	46
42 9	36
42 12	2
42 13	45
42 14	42
42 16	39
42 18	31
42 22	19
42 24	34
42 27	8
42 29	4
42 32	13
42 35	26
42 37	47
42 38	15
42 39	43
42 40	9
42 41	21
42 43	16
42 47	22
43 0	46
43 4	24
43 5	25
43 6	37
43 8	36
43 11	49
43 15	48
43 17	47
43 20	4
43 28	34
43 30	9
43 31	33
43 32	3
43 33	11
43 35	30
43 37	40
43 44	10
43 46	2
43 48	17
43 49	26
44 4	7
44 5	22
44 7	1
44 9	42
44 11	9
44 12	35
44 13	39
44 14	8
44 15	16
44 17	20
44 18	0
44 20	49
44 21	6
44 22	30
44 23	34
44 24	41
44 25	32
44 26	46
44 28	43
44 29	15
44 31	11
44 33	10
44 35	47
44 38	21
44 42	18
44 43	45
44 44	19
44 49	44
45 1	7
45 4	45
45 5	11
45 6	46
45 8	48
45 13	5
45 16	22
45 17	19
45 18	1
45 19	23
45 20	13
45 26	15
45 30	6
45 35	37
45 37	39
45 38	20
45 41	28
45 47	8
46 0	9
46 3	46
46 6	27
46 8	22
46 17	5
46 19	29
46 22	40
46 24	48
46 26	6
46 27	14
46 31	32
46 32	7
46 33	41
46 37	24
46 38	25
46 39	36
46 40	17
46 41	16
46 42	19
46 45	10
46 48	42
46 49	33
47 0	34
47 3	36
47 6	11
47 10	2
47 11	31
47 12	24
47 13	49
47 18	4
47 20	10
47 28	47
47 29	38
47 32	46
47 33	23
47 35	21
47 37	5
47 42	25
47 43	14
47 44	32
47 45	19
47 48	40
48 0	30
48 2	10
48 3	43
48 4	49
48 5	38
48 7	26
48 8	3
48 10	9
48 11	33
48 14	2
48 18	23
48 20	11
48 22	20
48 23	22
48 25	35
48 26	4
48 29	40
48 30	36
48 37	14
48 38	32
48 41	39
48 46	45
48 47	12
49 2	33
49 6	9
49 8	35
49 13	30
49 17	43
49 21	14
49 28	25
49 29	6
49 30	18
49 33	44
49 36	34
49 37	42
49 45	27
49 48	0
