50
0 0	28
0 7	8
0 12	12
0 13	19
0 23	0
0 31	18
0 32	26
0 35	35
0 36	42
0 43	34
0 48	44
1 1	13
1 2	26
1 4	4
1 5	48
1 9	38
1 15	5
1 18	23
1 21	22
1 22	17
1 23	24
1 24	25
1 26	11
1 28	1
1 31	40
1 35	37
1 38	16
1 40	2
1 45	31
1 47	29
2 1	27
2 7	36
2 11	41
2 14	38
2 21	33
2 24	30
2 25	12
2 26	35
2 30	34
2 31	26
2 33	6
2 34	46
2 40	31
2 43	32
2 45	21
2 48	29
3 3	19
3 7	49
3 18	1
3 19	29
3 22	16
3 23	13
3 24	37
3 26	9
3 32	44
3 34	2
3 36	30
3 41	35
3 44	36
3 45	28
3 48	12
4 4	12
4 11	42
4 13	36
4 14	43
4 16	4
4 20	17
4 25	25
4 27	11
4 29	29
4 30	41
4 31	49
4 32	48
4 34	20
4 37	33
4 38	46
4 39	21
4 42	39
4 43	19
4 44	15
4 48	13
4 49	3
5 5	9
5 8	42
5 15	29
5 19	28
5 22	0
5 23	26
5 29	46
5 33	1
5 35	47
5 36	3
5 37	37
5 39	22
5 40	35
5 41	25
5 48	10
6 3	44
6 5	14
6 9	46
6 10	33
6 12	13
6 16	8
6 17	5
6 26	26
6 27	39
6 29	2
6 38	1
6 44	48
6 46	17
6 48	0
7 5	8
7 6	11
7 8	5
7 11	0
7 14	36
7 30	16
7 34	15
7 41	12
7 44	20
8 18	8
8 19	35
8 24	13
8 26	36
8 27	10
8 31	6
8 32	27
8 35	32
8 39	3
8 41	18
8 44	12
9 8	1
9 12	27
9 13	18
9 15	20
9 17	25
9 18	29
9 23	2
9 33	11
9 38	8
9 39	31
9 40	34
9 42	21
10 0	29
10 3	14
10 4	25
10 6	7
10 8	21
10 9	34
10 12	5
10 13	10
10 19	8
10 20	28
10 23	15
10 25	3
10 29	1
10 39	44
10 42	19
10 48	27
11 2	13
11 3	26
11 5	34
11 7	25
11 8	4
11 9	8
11 14	5
11 15	2
11 17	0
11 20	10
11 25	46
11 28	35
11 32	41
11 33	18
11 34	14
11 35	36
11 39	23
11 42	6
11 43	9
11 46	38
12 0	36
12 3	1
12 10	41
12 12	35
12 14	11
12 15	37
12 16	20
12 19	46
12 25	16
12 38	26
12 41	29
12 43	8
12 47	24
12 48	42
13 3	49
13 9	11
13 10	36
13 11	38
13 15	44
13 18	9
13 19	13
13 20	43
13 21	25
13 22	1
13 24	32
13 25	21
13 41	17
13 42	46
13 49	29
14 3	4
14 8	17
14 9	0
14 15	42
14 16	30
14 22	25
14 25	37
14 28	45
14 29	36
14 30	12
14 35	7
14 36	44
14 39	13
14 47	22
14 49	14
15 1	49
15 4	44
15 12	11
15 15	28
15 16	26
15 18	13
15 24	41
15 25	38
15 26	21
15 28	33
15 31	45
15 33	29
15 37	40
15 39	19
15 41	0
15 44	31
15 49	46
16 0	43
16 1	20
16 10	10
16 13	29
16 18	44
16 21	37
16 23	5
16 25	7
16 26	46
16 27	23
16 30	32
16 31	9
16 34	11
16 40	8
16 41	41
16 47	35
17 2	35
17 7	38
17 8	32
17 11	15
17 13	33
17 14	26
17 18	0
17 19	11
17 22	21
17 26	4
17 28	42
17 34	8
17 35	29
17 38	22
17 39	2
17 40	12
17 44	5
17 47	27
17 48	37
18 9	22
18 10	21
18 12	37
18 15	23
18 29	39
18 37	32
18 38	0
18 43	11
18 47	40
18 49	10
19 11	36
19 13	8
19 24	49
19 25	15
19 26	32
19 28	17
19 31	7
19 33	44
19 40	46
19 42	20
19 45	18
19 49	41
20 1	11
20 2	41
20 3	34
20 7	15
20 8	44
20 10	27
20 13	9
20 25	29
20 33	2
20 41	19
20 44	24
20 46	16
20 48	35
21 0	19
21 6	45
21 7	42
21 12	49
21 13	47
21 15	6
21 16	48
21 18	40
21 19	33
21 21	34
21 22	11
21 26	12
21 28	46
21 29	25
21 31	20
21 32	39
21 35	43
21 38	15
21 43	3
21 44	7
21 46	0
21 49	1
22 1	35
22 2	30
22 8	49
22 12	31
22 21	17
22 26	25
22 27	8
22 28	41
22 29	26
22 33	20
22 35	28
22 37	14
22 46	6
22 47	33
23 3	16
23 9	39
23 11	9
23 16	22
23 17	26
23 28	2
23 30	37
23 37	18
23 39	24
23 40	4
23 49	23
24 5	4
24 15	34
24 27	48
24 29	41
24 30	19
24 31	37
24 40	1
24 41	8
24 43	23
24 45	22
24 48	33
25 0	16
25 1	44
25 10	23
25 13	46
25 14	2
25 18	36
25 21	21
25 22	30
25 23	49
25 24	1
25 30	8
25 34	9
25 38	10
25 42	29
25 44	3
25 46	22
25 47	18
26 2	1
26 6	6
26 8	48
26 10	11
26 12	4
26 13	2
26 15	43
26 17	9
26 19	12
26 23	36
26 29	16
26 31	42
26 33	39
26 34	5
26 37	26
26 38	37
27 1	25
27 2	34
27 6	22
27 7	26
27 8	24
27 12	2
27 13	0
27 14	30
27 19	36
27 21	10
27 22	38
27 26	44
27 36	16
27 38	20
27 39	49
27 41	43
27 43	47
27 44	14
27 45	35
27 47	7
28 0	25
28 1	31
28 2	49
28 4	8
28 5	19
28 10	20
28 17	2
28 19	38
28 24	33
28 29	37
28 31	0
28 34	36
28 36	35
28 38	4
28 40	29
28 45	43
28 48	22
29 4	41
29 6	23
29 7	14
29 14	33
29 17	3
29 25	11
29 31	4
29 34	32
29 40	16
29 41	49
29 44	8
29 46	37
30 2	3
30 3	30
30 6	25
30 12	16
30 13	11
30 14	40
30 15	49
30 20	27
30 25	6
30 28	13
30 29	4
30 30	46
30 35	8
30 37	0
30 41	47
30 42	2
30 44	1
30 46	34
30 47	41
31 1	12
31 6	32
31 7	17
31 8	23
31 9	33
31 10	9
31 11	18
31 12	1
31 13	14
31 19	0
31 21	40
31 22	36
31 24	29
31 26	31
31 27	13
31 29	15
31 30	4
31 31	8
31 35	11
31 38	41
31 46	47
31 48	21
32 2	36
32 4	11
32 8	3
32 12	26
32 13	40
32 18	45
32 20	41
32 22	32
32 23	4
32 26	19
32 28	21
32 40	33
32 41	37
32 47	17
32 49	31
33 0	46
33 1	19
33 10	12
33 12	20
33 13	38
33 24	23
33 25	0
33 27	29
33 34	35
33 45	26
33 46	45
33 47	43
33 48	47
34 1	9
34 6	8
34 13	37
34 16	13
34 20	35
34 21	36
34 22	20
34 28	5
34 31	44
34 33	7
34 34	23
34 36	40
34 39	16
35 0	5
35 1	22
35 4	21
35 5	15
35 13	1
35 18	11
35 22	8
35 29	38
35 30	48
35 42	25
35 47	45
36 1	30
36 2	12
36 9	25
36 10	26
36 11	49
36 13	22
36 21	18
36 22	2
36 36	17
36 40	37
36 43	42
37 5	6
37 7	40
37 17	27
37 18	2
37 23	22
37 26	16
37 34	19
37 36	34
37 39	5
37 40	36
37 45	41
38 4	6
38 12	17
38 19	45
38 23	25
38 25	13
38 26	34
38 29	11
38 30	2
38 34	7
38 40	14
38 41	36
38 44	38
38 45	23
38 48	49
38 49	32
39 1	2
39 4	15
39 6	9
39 7	1
39 12	22
39 15	4
39 20	18
39 21	31
39 24	16
39 25	43
39 26	42
39 28	36
39 30	45
39 34	37
39 36	5
39 39	8
39 40	40
39 41	13
39 44	21
40 15	17
40 18	19
40 19	20
40 22	23
40 23	8
40 29	21
40 30	27
40 31	47
40 34	13
40 36	41
40 38	43
40 39	35
40 41	24
40 49	30
41 1	46
41 8	30
41 9	4
41 11	21
41 13	49
41 15	41
41 18	14
41 36	43
41 39	39
41 42	15
41 43	45
41 45	6
42 0	6
42 3	43
42 16	42
42 18	10
42 20	19
42 21	41
42 22	40
42 24	26
42 28	23
42 29	12
42 30	29
42 32	15
42 33	3
42 40	20
42 43	16
42 46	46
42 49	49
43 4	29
43 5	18
43 9	43
43 10	45
43 11	5
43 12	30
43 14	34
43 23	9
43 24	2
43 33	4
43 45	42
43 46	13
43 49	26
44 2	16
44 5	49
44 10	5
44 12	41
44 17	20
44 18	7
44 22	46
44 24	28
44 26	1
44 28	34
44 30	11
44 31	12
44 32	25
44 33	8
44 35	3
44 36	4
44 45	29
44 48	14
44 49	35
45 1	24
45 5	7
45 6	10
45 7	9
45 10	3
45 13	41
45 14	16
45 15	39
45 17	21
45 19	27
45 22	29
45 26	5
45 27	32
45 35	0
45 36	33
45 39	37
45 40	26
45 41	23
45 46	2
45 49	15
46 5	44
46 9	24
46 15	12
46 20	3
46 25	20
46 27	49
46 35	19
46 38	23
46 48	11
47 1	23
47 5	10
47 10	4
47 16	38
47 17	40
47 19	19
47 21	43
47 27	35
47 28	25
47 30	18
47 35	41
47 36	22
47 37	44
47 38	14
48 0	33
48 1	42
48 2	14
48 6	46
48 7	39
48 11	40
48 13	35
48 15	25
48 21	44
48 25	8
48 26	30
48 29	5
48 32	6
48 34	29
48 35	17
48 39	41
48 40	13
48 46	19
48 48	4
49 2	27
49 3	24
49 5	20
49 11	11
49 12	40
49 13	34
49 17	1
49 24	3
49 29	7
49 33	0
49 34	17
49 42	22
49 45	46
49 47	2
