50
0 3	20
0 6	30
0 8	18
0 9	8
0 10	14
0 12	49
0 14	25
0 16	29
0 17	7
0 18	4
0 19	5
0 20	24
0 23	46
0 25	36
0 28	33
0 29	40
0 32	41
0 33	15
0 34	31
0 36	47
0 37	1
0 38	42
0 40	45
0 41	19
0 42	34
0 43	11
0 44	44
0 46	38
0 48	9
0 49	12
1 0	49
1 1	5
1 2	19
1 4	17
1 5	2
1 6	18
1 7	44
1 8	13
1 9	37
1 10	33
1 12	20
1 13	39
1 14	43
1 15	34
1 18	16
1 19	30
1 20	6
1 21	41
1 22	21
1 23	26
1 24	47
1 26	31
1 27	48
1 28	7
1 29	15
1 30	24
1 31	12
1 32	46
1 33	0
1 34	25
1 36	28
1 38	9
1 39	8
1 40	10
1 44	4
1 46	36
1 47	29
1 48	45
1 49	22
2 0	45
2 1	20
2 2	14
2 3	32
2 4	33
2 5	8
2 7	21
2 9	1
2 13	6
2 14	36
2 16	11
2 17	49
2 18	9
2 20	10
2 21	30
2 22	17
2 23	25
2 24	15
2 25	12
2 26	28
2 27	0
2 28	18
2 30	43
2 32	7
2 33	35
2 34	2
2 35	16
2 36	13
2 37	23
2 38	46
2 39	29
2 41	41
2 42	39
2 43	26
2 44	40
2 45	3
2 46	5
2 47	44
2 48	38
3 0	0
3 1	12
3 2	24
3 3	28
3 5	19
3 6	17
3 7	5
3 8	38
3 9	18
3 12	26
3 13	2
3 17	33
3 18	49
3 19	9
3 20	4
3 22	46
3 23	8
3 24	3
3 25	1
3 27	31
3 28	6
3 29	47
3 30	32
3 31	43
3 32	35
3 33	27
3 34	40
3 35	10
3 36	16
3 37	11
3 38	41
3 39	34
3 41	7
3 42	21
3 43	30
3 44	22
3 45	48
3 46	25
3 48	23
3 49	36
4 0	41
4 1	36
4 2	35
4 4	10
4 7	34
4 8	7
4 9	31
4 10	9
4 14	4
4 15	19
4 18	12
4 20	0
4 21	45
4 22	14
4 23	3
4 24	5
4 25	28
4 26	48
4 27	39
4 29	24
4 31	46
4 32	30
4 34	16
4 35	38
4 36	18
4 39	2
4 40	8
4 41	22
4 42	6
4 43	29
4 44	11
4 45	33
4 46	40
4 47	42
4 49	13
5 1	22
5 2	49
5 3	17
5 4	31
5 5	41
5 6	26
5 7	7
5 8	37
5 9	0
5 10	30
5 11	27
5 12	35
5 13	32
5 14	3
5 17	38
5 18	28
5 20	21
5 21	19
5 22	24
5 23	13
5 24	10
5 25	44
5 27	8
5 29	42
5 30	12
5 33	46
5 34	11
5 35	48
5 37	5
5 38	1
5 39	6
5 43	25
5 46	4
5 47	2
6 1	25
6 2	2
6 3	29
6 5	4
6 7	43
6 8	23
6 9	36
6 12	22
6 13	19
6 14	47
6 16	9
6 17	20
6 18	41
6 19	26
6 21	27
6 22	18
6 24	28
6 25	37
6 26	24
6 28	34
6 29	35
6 30	13
6 31	0
6 32	33
6 33	21
6 34	15
6 35	12
6 36	11
6 39	44
6 40	17
6 42	14
6 43	40
6 45	31
6 46	32
7 0	20
7 1	21
7 2	40
7 3	22
7 4	27
7 6	45
7 7	46
7 8	4
7 9	35
7 11	33
7 12	2
7 14	16
7 15	32
7 16	14
7 17	5
7 20	44
7 23	9
7 24	13
7 25	10
7 26	41
7 28	8
7 29	17
7 30	47
7 31	48
7 33	43
7 34	39
7 35	15
7 36	25
7 37	42
7 38	12
7 39	28
7 40	19
7 42	29
7 43	1
7 44	37
7 45	36
7 46	3
7 47	0
7 48	26
7 49	11
8 1	18
8 2	21
8 3	8
8 4	42
8 5	39
8 6	9
8 7	13
8 8	0
8 9	33
8 10	32
8 13	16
8 14	10
8 15	23
8 16	28
8 17	48
8 18	19
8 19	6
8 20	22
8 21	24
8 22	1
8 23	12
8 25	26
8 26	3
8 27	29
8 28	49
8 29	30
8 32	27
8 33	14
8 38	25
8 40	15
8 41	31
8 42	36
8 43	37
8 46	17
8 47	34
8 49	44
9 0	35
9 1	16
9 3	26
9 4	48
9 6	36
9 10	18
9 12	12
9 13	14
9 14	8
9 15	15
9 17	1
9 20	32
9 21	33
9 22	44
9 24	24
9 26	6
9 28	43
9 29	19
9 30	31
9 31	20
9 32	38
9 33	17
9 34	22
9 36	23
9 37	7
9 39	37
9 40	39
9 41	13
9 43	28
9 44	41
9 46	34
9 47	3
9 48	25
10 0	30
10 2	18
10 3	13
10 5	47
10 6	49
10 8	33
10 9	2
10 10	19
10 13	40
10 14	38
10 19	45
10 20	3
10 21	28
10 23	27
10 24	48
10 25	21
10 26	44
10 28	23
10 29	29
10 31	41
10 32	17
10 33	22
10 35	5
10 36	8
10 38	36
10 40	26
10 41	6
10 42	37
10 43	14
10 44	43
10 45	11
10 46	12
10 47	25
10 49	0
11 0	33
11 2	4
11 3	7
11 4	1
11 5	6
11 7	3
11 8	22
11 9	42
11 12	30
11 13	20
11 14	37
11 15	10
11 17	43
11 18	5
11 19	47
11 23	0
11 24	16
11 25	34
11 28	9
11 30	21
11 31	23
11 32	26
11 33	13
11 34	46
11 36	35
11 38	28
11 39	25
11 40	27
11 41	18
11 42	41
11 43	39
11 44	38
11 46	44
11 49	24
12 0	26
12 1	29
12 2	48
12 4	4
12 5	35
12 6	8
12 7	1
12 8	34
12 10	37
12 11	6
12 13	3
12 14	42
12 15	11
12 16	25
12 17	14
12 19	21
12 21	47
12 23	17
12 24	2
12 25	9
12 26	43
12 28	24
12 29	23
12 30	19
12 31	36
12 32	44
12 33	10
12 34	28
12 35	7
12 36	33
12 37	13
12 38	5
12 40	16
12 42	18
12 43	31
12 45	32
12 46	15
12 47	22
12 49	49
13 0	39
13 1	46
13 2	22
13 3	19
13 5	12
13 7	4
13 8	40
13 9	32
13 10	11
13 11	34
13 12	1
13 13	24
13 14	13
13 16	41
13 20	31
13 24	17
13 25	2
13 26	21
13 28	30
13 29	25
13 31	26
13 34	20
13 37	9
13 38	14
13 39	43
13 40	35
13 41	38
13 46	27
13 48	48
13 49	29
14 0	48
14 1	45
14 2	20
14 4	22
14 5	1
14 7	40
14 8	28
14 9	15
14 10	35
14 11	13
14 12	43
14 13	23
14 14	14
14 15	36
14 16	24
14 19	39
14 21	32
14 22	9
14 23	44
14 25	6
14 26	0
14 27	42
14 29	16
14 30	17
14 31	37
14 33	25
14 34	7
14 36	4
14 40	47
14 42	3
14 45	34
14 46	41
14 48	31
14 49	38
15 0	23
15 2	28
15 6	25
15 7	9
15 9	41
15 11	12
15 12	14
15 13	44
15 14	18
15 15	16
15 16	40
15 17	21
15 18	42
15 19	10
15 21	2
15 23	7
15 24	35
15 25	30
15 26	46
15 27	45
15 29	38
15 30	11
15 31	19
15 32	48
15 33	6
15 35	22
15 37	33
15 38	17
15 39	39
15 42	43
15 43	34
15 45	5
15 46	20
15 47	47
15 48	24
15 49	1
16 0	27
16 1	43
16 2	38
16 3	23
16 4	19
16 5	34
16 6	15
16 9	24
16 11	47
16 13	13
16 14	12
16 15	1
16 16	2
16 17	39
16 18	31
16 19	20
16 20	28
16 21	44
16 22	3
16 23	29
16 24	40
16 25	0
16 26	36
16 27	49
16 28	45
16 31	10
16 32	11
16 33	41
16 34	35
16 36	22
16 37	32
16 39	33
16 41	16
16 43	21
16 45	4
16 46	6
16 47	9
17 1	2
17 2	25
17 3	42
17 4	7
17 5	30
17 6	46
17 7	47
17 8	5
17 10	34
17 11	23
17 13	9
17 14	6
17 15	8
17 16	38
17 17	11
17 20	49
17 21	35
17 22	48
17 23	15
17 24	12
17 28	44
17 29	10
17 30	41
17 31	16
17 32	0
17 33	45
17 35	39
17 36	3
17 37	40
17 38	29
17 40	18
17 42	33
17 44	13
17 45	27
17 47	31
18 0	32
18 1	0
18 2	42
18 3	39
18 5	40
18 6	33
18 10	38
18 11	46
18 12	8
18 13	47
18 15	5
18 16	3
18 17	35
18 18	37
18 19	22
18 20	20
18 21	43
18 23	49
18 24	25
18 25	16
18 26	7
18 27	24
18 28	4
18 29	6
18 30	28
18 31	15
18 33	48
18 35	1
18 37	30
18 38	34
18 39	41
18 40	11
18 43	9
18 44	12
18 45	14
18 46	26
18 47	10
18 48	18
19 0	10
19 1	27
19 2	33
19 3	1
19 4	9
19 6	39
19 7	15
19 9	49
19 12	36
19 13	21
19 14	45
19 15	29
19 16	7
19 17	47
19 18	26
19 20	30
19 21	37
19 22	28
19 24	6
19 25	43
19 26	12
19 29	18
19 30	4
19 32	22
19 33	44
19 34	48
19 35	11
19 37	0
19 38	13
19 39	35
19 40	31
19 41	3
19 42	2
19 44	23
19 45	24
19 48	8
19 49	19
20 3	25
20 4	8
20 6	23
20 7	19
20 9	7
20 10	27
20 11	5
20 12	45
20 13	11
20 14	1
20 15	44
20 16	46
20 17	3
20 18	39
20 19	16
20 21	48
20 22	30
20 23	18
20 24	37
20 25	33
20 26	26
20 28	28
20 30	0
20 31	22
20 33	36
20 35	43
20 36	34
20 37	15
20 38	31
20 39	40
20 40	41
20 42	49
20 43	35
20 44	24
20 45	10
20 46	29
20 47	6
20 49	9
21 1	17
21 3	9
21 4	5
21 7	30
21 10	1
21 12	24
21 13	37
21 14	40
21 16	49
21 17	42
21 18	27
21 19	13
21 20	48
21 21	8
21 22	6
21 25	35
21 26	39
21 27	11
21 28	32
21 29	0
21 31	28
21 32	16
21 35	3
21 38	4
21 40	44
21 42	12
21 43	15
21 44	45
21 45	22
21 48	29
21 49	7
22 0	38
22 1	33
22 3	12
22 4	30
22 6	48
22 7	14
22 8	39
22 10	31
22 11	21
22 12	41
22 14	49
22 17	0
22 19	37
22 20	17
22 21	29
22 22	7
22 23	24
22 25	25
22 27	4
22 28	10
22 29	13
22 30	16
22 32	36
22 33	47
22 34	18
22 35	34
22 38	27
22 39	42
22 41	9
22 43	23
22 44	6
22 45	44
22 48	19
23 0	24
23 1	35
23 2	31
23 3	16
23 5	48
23 6	19
23 7	22
23 8	6
23 9	40
23 10	5
23 11	7
23 13	25
23 14	27
23 15	21
23 16	33
23 17	41
23 18	2
23 21	1
23 23	43
23 24	14
23 26	32
23 27	34
23 28	12
23 31	44
23 32	39
23 34	30
23 35	42
23 36	10
23 38	37
23 39	26
23 41	20
23 42	9
23 43	46
23 44	49
23 45	47
23 46	0
23 47	13
23 49	28
24 0	8
24 1	30
24 2	37
24 3	5
24 4	20
24 6	4
24 7	23
24 8	29
24 9	14
24 10	0
24 11	9
24 12	11
24 13	28
24 14	39
24 15	48
24 16	47
24 18	34
24 19	43
24 21	17
24 24	33
24 26	22
24 27	36
24 28	2
24 29	3
24 30	18
24 31	38
24 32	24
24 33	40
24 35	31
24 37	10
24 38	16
24 42	7
24 44	21
24 45	6
24 46	45
24 47	26
24 48	49
24 49	46
25 0	36
25 1	8
25 2	15
25 3	27
25 5	49
25 6	24
25 8	25
25 9	44
25 10	3
25 11	20
25 13	33
25 15	13
25 16	39
25 17	32
25 18	18
25 19	0
25 20	12
25 22	2
25 24	38
25 25	23
25 26	40
25 27	1
25 29	4
25 31	29
25 32	9
25 33	11
25 34	10
25 35	41
25 36	5
25 37	28
25 38	45
25 40	34
25 41	37
25 42	16
25 43	7
25 44	35
25 45	19
25 46	43
25 47	30
26 1	7
26 3	11
26 4	24
26 7	35
26 8	36
26 9	45
26 10	44
26 11	0
26 12	25
26 13	30
26 14	5
26 15	42
26 17	9
26 18	48
26 20	43
26 21	39
26 22	16
26 23	21
26 24	20
26 25	18
26 28	41
26 29	31
26 30	15
26 31	33
26 35	37
26 36	29
26 39	46
26 42	22
26 44	34
26 45	8
26 46	14
26 49	23
27 0	9
27 2	11
27 3	44
27 4	12
27 5	22
27 6	32
27 7	2
27 8	35
27 9	6
27 10	26
27 12	7
27 13	45
27 15	3
27 18	47
27 19	29
27 20	42
27 21	49
27 22	15
27 23	31
27 25	41
27 26	25
27 27	33
27 29	1
27 31	13
27 32	14
27 33	37
27 34	0
27 35	21
27 37	4
27 38	23
27 39	16
27 40	5
27 42	27
27 43	43
27 44	10
27 46	19
27 47	17
27 48	20
27 49	40
28 0	31
28 1	44
28 2	32
28 3	37
28 4	43
28 5	16
28 6	35
28 7	38
28 9	9
28 10	45
28 13	15
28 14	46
28 19	28
28 20	36
28 21	3
28 22	13
28 23	34
28 24	18
28 25	24
28 26	4
28 27	19
28 29	14
28 30	40
28 31	39
28 33	33
28 34	8
28 36	21
28 37	29
28 38	20
28 39	5
28 40	0
28 41	25
28 42	47
28 43	42
28 44	26
28 45	12
29 5	29
29 6	10
29 7	27
29 9	47
29 10	48
29 11	42
29 12	39
29 13	49
29 15	0
29 16	31
29 17	45
29 18	6
29 19	32
29 21	5
29 22	37
29 25	40
29 26	23
29 27	9
29 28	15
29 32	20
29 33	1
29 35	13
29 36	43
29 38	35
29 39	19
29 40	38
29 42	24
29 45	41
29 46	2
29 47	28
30 0	19
30 3	24
30 4	2
30 5	18
30 7	17
30 8	14
30 9	23
30 10	28
30 12	38
30 13	36
30 15	27
30 16	4
30 17	10
30 19	48
30 20	1
30 21	21
30 22	33
30 23	45
30 24	7
30 25	29
30 27	20
30 28	25
30 30	6
30 31	35
30 32	5
30 33	9
30 34	47
30 35	46
30 36	15
30 38	8
30 40	30
30 41	11
30 42	42
30 43	44
30 45	26
30 46	39
30 47	37
30 48	40
31 0	37
31 1	41
31 2	45
31 4	35
31 6	31
31 7	10
31 8	30
31 9	20
31 10	2
31 11	29
31 12	13
31 14	33
31 16	17
31 17	24
31 18	40
31 19	11
31 20	25
31 21	7
31 24	22
31 25	47
31 26	27
31 27	28
31 31	14
31 32	8
31 33	4
31 34	5
31 35	19
31 36	12
31 37	6
31 38	38
31 39	21
31 40	9
31 41	34
31 42	32
31 43	49
31 45	23
31 46	18
31 47	39
31 49	16
32 0	29
32 1	14
32 3	41
32 5	43
32 7	8
32 11	26
32 12	34
32 14	11
32 15	2
32 16	45
32 19	12
32 21	38
32 24	32
32 25	48
32 27	25
32 29	44
32 30	39
32 31	30
32 32	42
32 34	49
32 37	37
32 39	22
32 41	17
32 42	4
32 45	0
32 46	28
32 49	20
33 0	18
33 2	1
33 4	11
33 5	14
33 7	37
33 11	38
33 12	0
33 14	32
33 15	6
33 16	23
33 18	46
33 19	36
33 20	13
33 21	12
33 22	25
33 25	17
33 26	8
33 30	35
33 31	24
33 32	31
33 33	7
33 34	45
33 35	4
33 36	19
33 38	43
33 39	9
33 40	2
33 41	26
33 42	28
33 43	16
33 45	21
33 46	22
33 47	33
33 49	5
34 0	44
34 1	13
34 2	36
34 3	31
34 4	0
34 5	26
34 8	20
34 10	29
34 11	28
34 13	5
34 14	7
34 15	9
34 16	18
34 17	30
34 18	1
34 19	40
34 20	34
34 21	10
34 22	4
34 25	3
34 26	35
34 27	14
34 28	11
34 29	8
34 31	32
34 32	47
34 33	42
34 34	21
34 37	19
34 38	22
34 39	45
34 44	15
34 45	25
34 47	46
34 48	16
34 49	6
35 1	19
35 2	12
35 4	36
35 5	9
35 6	27
35 7	42
35 8	49
35 9	17
35 10	23
35 12	32
35 13	31
35 16	5
35 17	28
35 18	20
35 19	25
35 20	8
35 21	6
35 22	40
35 23	2
35 24	44
35 26	38
35 27	3
35 28	22
35 29	41
35 31	7
35 32	34
35 33	18
35 34	4
35 35	47
35 36	14
35 37	39
35 38	10
35 39	11
35 40	24
35 42	26
35 43	0
35 44	29
35 45	35
35 46	37
35 47	15
35 48	46
35 49	21
36 0	15
36 3	10
36 4	38
36 8	31
36 9	39
36 10	25
36 11	16
36 12	5
36 14	29
36 16	13
36 17	4
36 18	8
36 19	18
36 20	46
36 21	22
36 22	34
36 25	20
36 26	1
36 27	37
36 28	40
36 29	2
36 30	36
36 31	21
36 32	32
36 33	30
36 35	44
36 36	6
36 37	49
36 38	47
36 39	0
36 40	14
36 42	19
36 43	24
36 44	28
36 45	43
36 46	11
36 47	12
36 49	48
37 1	40
37 2	39
37 4	3
37 5	23
37 6	41
37 8	26
37 9	48
37 11	24
37 15	38
37 16	43
37 17	12
37 18	13
37 19	49
37 21	31
37 22	36
37 23	28
37 26	30
37 27	27
37 28	47
37 30	9
37 31	42
37 33	29
37 34	19
37 35	6
37 36	0
37 39	1
37 41	33
37 42	45
37 43	20
37 44	17
37 46	21
37 47	14
37 48	10
38 0	3
38 4	16
38 5	24
38 7	39
38 10	36
38 11	48
38 14	28
38 15	35
38 18	22
38 20	5
38 22	42
38 23	19
38 24	34
38 25	7
38 26	47
38 30	2
38 31	9
38 33	31
38 35	49
38 36	45
38 38	44
38 39	14
38 41	32
38 42	25
38 44	20
38 45	30
38 46	10
38 47	18
38 48	6
39 0	46
39 2	29
39 3	2
39 4	47
39 6	0
39 7	45
39 8	10
39 9	16
39 10	15
39 11	1
39 12	27
39 13	41
39 14	20
39 17	44
39 18	11
39 20	19
39 22	22
39 23	4
39 24	39
39 25	14
39 26	18
39 27	17
39 29	7
39 32	3
39 33	34
39 34	6
39 35	8
39 37	43
39 40	28
39 41	24
39 43	36
39 44	33
39 45	42
39 47	48
39 49	25
40 1	38
40 2	9
40 3	43
40 4	40
40 5	45
40 9	34
40 10	7
40 11	10
40 12	44
40 13	27
40 14	0
40 16	42
40 17	13
40 18	23
40 19	17
40 20	33
40 21	16
40 22	29
40 25	8
40 26	5
40 27	18
40 29	32
40 30	14
40 31	31
40 32	25
40 34	24
40 39	30
40 40	37
40 42	46
40 43	6
40 48	47
40 49	15
41 0	5
41 3	14
41 4	37
41 8	2
41 9	13
41 12	33
41 13	35
41 14	41
41 16	6
41 17	31
41 18	7
41 20	26
41 21	4
41 22	32
41 23	20
41 25	45
41 26	19
41 29	28
41 30	29
41 31	25
41 32	40
41 34	43
41 37	18
41 38	15
41 40	36
41 41	46
41 43	12
41 44	9
41 46	1
41 47	49
42 1	1
42 2	43
42 3	0
42 4	32
42 5	10
42 6	44
42 7	6
42 8	47
42 10	39
42 12	48
42 14	34
42 19	41
42 20	9
42 23	38
42 24	11
42 26	49
42 27	35
42 28	14
42 29	37
42 31	18
42 32	2
42 33	28
42 35	27
42 36	36
42 37	46
42 39	4
42 40	33
42 42	5
42 43	13
42 46	42
42 47	40
42 48	30
42 49	8
43 0	40
43 5	3
43 6	7
43 8	9
43 9	46
43 12	15
43 14	2
43 15	31
43 18	25
43 19	38
43 20	16
43 24	36
43 25	39
43 28	35
43 29	33
43 31	6
43 33	24
43 34	29
43 35	45
43 38	11
43 40	48
43 42	44
43 43	41
43 44	1
43 46	30
43 47	43
43 48	0
43 49	14
44 0	25
44 1	34
44 2	13
44 3	48
44 4	28
44 5	7
44 6	42
44 7	24
44 8	44
44 9	29
44 11	41
44 14	30
44 15	26
44 17	46
44 19	19
44 20	11
44 21	9
44 22	23
44 23	40
44 24	0
44 25	32
44 26	17
44 27	21
44 29	22
44 32	37
44 33	5
44 36	31
44 37	27
44 38	6
44 39	15
44 40	12
44 41	45
44 42	20
44 43	47
44 44	14
44 45	16
44 47	35
44 48	43
45 0	42
45 1	6
45 4	41
45 6	28
45 8	46
45 9	26
45 10	43
45 11	18
45 13	10
45 15	14
45 16	32
45 17	22
45 18	35
45 19	34
45 20	15
45 21	40
45 23	30
45 24	29
45 25	31
45 27	7
45 28	5
45 29	49
45 30	37
45 31	8
45 32	12
45 33	16
45 35	20
45 36	39
45 38	0
45 39	24
45 40	21
45 43	2
45 44	25
45 45	13
45 46	47
45 49	17
46 1	23
46 4	25
46 5	44
46 6	14
46 7	36
46 8	32
46 9	21
46 10	20
46 12	37
46 13	12
46 17	40
46 18	33
46 19	24
46 22	11
46 23	6
46 25	46
46 27	43
46 30	34
46 31	5
46 33	2
46 36	42
46 38	19
46 39	31
46 42	8
46 43	10
46 46	7
46 47	16
46 49	27
47 1	4
47 2	8
47 5	42
47 6	29
47 7	33
47 10	24
47 11	39
47 14	35
47 16	22
47 17	17
47 18	45
47 19	44
47 20	47
47 22	5
47 23	23
47 24	9
47 26	14
47 29	11
47 30	49
47 32	21
47 34	27
47 35	28
47 36	1
47 37	36
47 38	32
47 40	20
47 41	10
47 43	48
47 44	46
47 45	2
47 46	16
47 47	41
47 49	18
48 0	22
48 1	49
48 2	16
48 3	21
48 4	29
48 5	0
48 7	31
48 8	41
48 9	43
48 10	47
48 11	15
48 12	28
48 13	8
48 14	26
48 15	37
48 16	44
48 17	34
48 18	17
48 19	23
48 21	36
48 23	11
48 25	5
48 26	42
48 27	13
48 29	20
48 30	48
48 32	6
48 33	3
48 34	12
48 37	35
48 38	7
48 39	10
48 41	14
48 46	33
48 47	24
48 48	27
48 49	32
49 0	28
49 1	39
49 2	6
49 3	34
49 4	45
49 7	26
49 8	24
49 9	22
49 12	23
49 13	18
49 14	9
49 15	33
49 17	2
49 18	36
49 19	15
49 20	7
49 21	14
49 22	43
49 28	21
49 29	12
49 33	20
49 34	44
49 35	0
49 36	38
49 37	25
49 38	40
49 39	47
49 40	4
49 42	10
49 43	3
49 44	19
49 45	29
49 46	13
49 47	27
49 48	42
49 49	35
