50
0 0	12
0 1	43
0 2	14
0 3	45
0 4	10
0 7	15
0 8	44
0 9	4
0 11	17
0 12	20
0 14	18
0 15	39
0 16	41
0 19	24
0 20	46
0 22	26
0 23	13
0 24	48
0 25	30
0 26	28
0 27	2
0 29	34
0 36	47
0 37	31
0 38	0
0 39	19
0 40	29
0 41	9
0 42	38
0 43	40
0 44	23
0 45	36
0 46	25
0 47	33
0 48	49
0 49	3
1 0	6
1 1	48
1 2	0
1 5	32
1 6	9
1 7	8
1 8	30
1 11	39
1 12	19
1 13	31
1 15	35
1 16	46
1 18	11
1 19	15
1 21	13
1 25	14
1 26	47
1 28	45
1 29	41
1 30	3
1 31	17
1 32	34
1 33	4
1 34	28
1 35	38
1 36	24
1 37	5
1 38	23
1 41	10
1 42	25
1 43	16
1 44	7
1 45	22
1 46	20
1 47	27
1 48	21
1 49	1
2 0	22
2 1	41
2 2	32
2 3	13
2 4	8
2 5	19
2 6	45
2 7	16
2 8	5
2 10	39
2 12	33
2 13	38
2 14	6
2 15	49
2 16	35
2 17	29
2 18	47
2 19	36
2 20	15
2 22	42
2 26	1
2 27	3
2 29	7
2 30	28
2 34	2
2 36	31
2 37	9
2 38	25
2 39	30
2 40	20
2 41	24
2 43	14
2 44	10
2 45	12
2 46	17
2 47	48
2 49	0
3 0	11
3 1	42
3 2	29
3 3	44
3 4	33
3 5	45
3 6	15
3 8	32
3 9	19
3 12	24
3 14	48
3 15	7
3 16	8
3 17	36
3 18	1
3 19	20
3 20	23
3 23	17
3 24	13
3 25	28
3 26	16
3 28	31
3 29	5
3 30	43
3 34	12
3 35	2
3 36	3
3 38	49
3 41	21
3 42	30
3 46	46
3 48	6
3 49	25
4 2	35
4 3	28
4 5	20
4 6	31
4 7	48
4 8	39
4 9	36
4 12	29
4 13	42
4 14	22
4 15	10
4 16	19
4 17	25
4 18	37
4 20	7
4 21	44
4 22	14
4 23	3
4 24	34
4 25	41
4 26	17
4 27	45
4 28	47
4 31	9
4 32	16
4 33	18
4 34	46
4 35	8
4 38	12
4 39	5
4 40	13
4 41	6
4 43	43
4 44	40
4 46	1
4 48	24
4 49	38
5 1	3
5 2	43
5 3	38
5 5	14
5 7	0
5 8	10
5 9	1
5 10	34
5 11	49
5 12	17
5 13	48
5 14	36
5 16	18
5 17	42
5 18	44
5 19	21
5 20	32
5 21	2
5 22	47
5 23	8
5 24	22
5 25	45
5 27	27
5 28	5
5 29	46
5 31	11
5 32	31
5 33	15
5 34	25
5 35	20
5 37	30
5 38	9
5 39	23
5 41	33
5 42	41
5 43	7
5 44	19
5 45	35
5 46	26
5 49	24
6 0	1
6 1	23
6 2	25
6 5	40
6 6	17
6 8	41
6 9	15
6 10	3
6 11	19
6 12	36
6 13	16
6 14	0
6 15	5
6 16	30
6 17	10
6 18	33
6 19	34
6 20	11
6 21	20
6 22	13
6 23	47
6 24	2
6 25	49
6 29	21
6 30	7
6 33	14
6 36	42
6 37	6
6 41	37
6 42	9
6 43	27
6 44	28
6 45	44
6 47	35
6 48	29
6 49	26
7 0	32
7 2	19
7 3	17
7 5	38
7 9	3
7 10	31
7 11	16
7 12	46
7 13	22
7 14	30
7 15	44
7 16	28
7 18	14
7 19	29
7 21	48
7 22	7
7 23	12
7 25	47
7 27	8
7 28	49
7 29	26
7 30	11
7 31	13
7 32	6
7 33	23
7 34	37
7 38	10
7 39	4
7 40	0
7 41	18
7 42	39
7 43	5
7 45	15
7 46	34
7 47	40
7 48	1
7 49	41
8 0	48
8 1	19
8 2	41
8 4	36
8 5	31
8 6	35
8 8	11
8 9	45
8 10	22
8 11	5
8 13	34
8 14	17
8 16	13
8 18	28
8 20	2
8 21	26
8 23	40
8 25	16
8 26	32
8 27	0
8 28	10
8 30	14
8 31	46
8 32	24
8 33	44
8 34	27
8 36	15
8 37	21
8 39	18
8 40	23
8 41	29
8 43	3
8 45	6
8 46	30
8 48	12
9 3	32
9 6	22
9 9	40
9 10	48
9 12	43
9 14	42
9 15	31
9 18	15
9 19	37
9 20	10
9 22	46
9 23	38
9 24	24
9 26	30
9 27	4
9 29	16
9 31	47
9 32	23
9 33	20
9 34	26
9 35	18
9 36	13
9 37	7
9 38	27
9 39	35
9 41	34
9 42	2
9 43	25
9 44	1
9 46	45
9 47	36
9 49	5
10 0	27
10 1	35
10 2	5
10 3	31
10 5	3
10 6	8
10 9	47
10 10	16
10 11	15
10 12	0
10 13	4
10 14	29
10 17	20
10 18	49
10 20	30
10 21	12
10 22	21
10 23	10
10 24	38
10 25	32
10 26	9
10 28	43
10 29	39
10 31	25
10 32	14
10 33	19
10 35	41
10 37	18
10 38	42
10 40	6
10 41	1
10 42	17
10 44	2
10 45	45
10 47	22
10 49	37
11 0	30
11 1	44
11 3	24
11 4	39
11 6	18
11 7	11
11 9	27
11 12	1
11 14	47
11 16	21
11 18	38
11 19	40
11 20	8
11 22	23
11 25	5
11 26	48
11 27	35
11 28	2
11 30	45
11 31	6
11 32	36
11 33	32
11 34	31
11 36	20
11 38	41
11 39	15
11 42	33
11 43	42
11 46	14
11 47	10
11 48	9
11 49	28
12 0	47
12 3	1
12 4	30
12 5	41
12 6	39
12 8	21
12 9	35
12 11	48
12 13	45
12 14	25
12 16	14
12 19	43
12 21	27
12 24	10
12 25	42
12 26	5
12 27	15
12 28	19
12 29	17
12 32	3
12 35	28
12 36	40
12 37	36
12 39	33
12 40	24
12 41	38
12 42	13
12 44	26
12 46	22
12 47	12
12 48	37
12 49	2
13 0	34
13 1	28
13 3	48
13 4	23
13 5	22
13 6	43
13 8	6
13 9	21
13 12	25
13 13	14
13 15	12
13 16	27
13 21	16
13 22	33
13 24	45
13 25	39
13 26	8
13 28	41
13 30	18
13 31	38
13 32	2
13 35	10
13 36	26
13 37	42
13 38	47
13 39	36
13 40	46
13 41	5
13 42	29
13 45	37
13 46	32
13 47	4
13 48	40
14 1	14
14 2	33
14 3	37
14 4	21
14 5	42
14 6	29
14 9	2
14 10	47
14 11	28
14 14	9
14 16	6
14 17	38
14 18	13
14 19	11
14 20	4
14 23	32
14 24	7
14 26	41
14 28	44
14 29	43
14 30	16
14 31	23
14 32	10
14 35	49
14 36	34
14 37	3
14 38	31
14 40	1
14 41	20
14 46	18
14 47	46
14 49	27
15 0	21
15 1	15
15 2	18
15 5	13
15 6	27
15 7	29
15 8	42
15 10	14
15 11	34
15 12	2
15 14	39
15 15	6
15 16	12
15 17	37
15 18	30
15 19	38
15 20	31
15 22	40
15 23	46
15 24	17
15 25	20
15 26	19
15 27	7
15 28	23
15 29	8
15 30	36
15 31	26
15 32	33
15 35	25
15 36	11
15 38	43
15 39	0
15 40	49
15 41	48
15 42	28
15 43	44
15 44	22
15 45	5
15 46	35
15 47	32
16 0	25
16 1	47
16 3	10
16 4	45
16 5	29
16 6	5
16 7	6
16 8	16
16 9	23
16 10	15
16 11	32
16 12	37
16 13	46
16 14	2
16 15	27
16 16	24
16 17	11
16 18	8
16 20	0
16 21	28
16 22	1
16 24	12
16 25	18
16 27	14
16 28	26
16 32	44
16 33	35
16 34	22
16 35	4
16 36	9
16 37	39
16 38	7
16 39	34
16 40	41
16 42	40
16 43	19
16 44	49
16 45	48
16 46	3
16 47	30
16 48	38
16 49	17
17 0	49
17 2	37
17 3	39
17 4	16
17 7	17
17 9	0
17 10	20
17 11	21
17 12	47
17 13	15
17 14	43
17 16	36
17 17	19
17 18	41
17 19	8
17 20	5
17 21	18
17 23	30
17 24	14
17 26	34
17 27	46
17 28	28
17 29	38
17 31	7
17 32	27
17 33	9
17 38	6
17 39	11
17 40	35
17 41	2
17 43	1
17 44	45
17 48	23
18 0	23
18 1	4
18 2	1
18 3	3
18 4	20
18 5	46
18 7	18
18 8	0
18 9	30
18 12	35
18 13	28
18 14	49
18 16	37
18 17	5
18 18	17
18 19	44
18 20	48
18 21	14
18 22	15
18 23	39
18 25	7
18 26	33
18 27	12
18 28	42
18 29	24
18 30	38
18 31	32
18 32	13
18 33	11
18 35	6
18 39	45
18 41	36
18 42	22
18 43	2
18 44	31
18 45	47
18 47	29
18 48	10
18 49	21
19 0	43
19 1	16
19 2	45
19 3	30
19 5	24
19 6	11
19 7	32
19 8	13
19 11	18
19 13	0
19 14	26
19 17	48
19 18	34
19 19	17
19 20	14
19 21	22
19 22	8
19 23	15
19 24	49
19 26	40
19 28	9
19 29	23
19 30	20
19 31	42
19 32	4
19 33	28
19 34	21
19 35	12
19 37	1
19 38	29
19 39	7
19 44	36
19 45	38
19 46	10
19 47	39
19 48	41
20 1	27
20 3	35
20 5	36
20 6	7
20 8	48
20 9	26
20 10	8
20 11	33
20 12	12
20 13	41
20 14	21
20 15	11
20 19	2
20 22	19
20 24	28
20 25	34
20 26	3
20 27	47
20 28	22
20 29	6
20 30	25
20 31	18
20 32	9
20 33	10
20 34	15
20 35	1
20 37	0
20 38	13
20 39	37
20 40	32
20 42	24
20 43	38
20 44	39
20 45	14
20 48	46
20 49	16
21 1	24
21 2	44
21 3	29
21 4	38
21 7	23
21 8	25
21 12	30
21 13	37
21 16	26
21 17	40
21 18	43
21 19	46
21 20	17
21 21	3
21 22	0
21 23	14
21 25	27
21 26	31
21 29	42
21 30	49
21 31	2
21 32	32
21 34	36
21 35	11
21 36	4
21 37	41
21 38	19
21 39	48
21 41	45
21 42	15
21 44	20
21 45	21
21 47	13
21 48	47
21 49	34
22 0	13
22 6	26
22 8	17
22 9	7
22 10	27
22 12	44
22 13	35
22 14	20
22 16	40
22 17	28
22 18	29
22 19	10
22 20	1
22 21	25
22 22	5
22 23	41
22 24	36
22 26	23
22 27	16
22 28	33
22 29	3
22 31	30
22 32	18
22 33	46
22 34	6
22 36	38
22 39	9
22 40	48
22 43	22
22 44	12
22 45	49
22 47	45
22 48	2
22 49	14
23 4	37
23 5	26
23 7	19
23 8	35
23 9	33
23 11	20
23 12	13
23 14	7
23 15	42
23 16	0
23 17	44
23 18	16
23 20	40
23 21	8
23 22	25
23 23	21
23 24	18
23 25	24
23 26	22
23 27	34
23 28	29
23 29	4
23 30	27
23 31	31
23 33	5
23 34	48
23 37	47
23 38	15
23 39	17
23 40	14
23 41	11
23 42	3
23 44	30
23 45	9
23 46	12
23 47	1
24 0	19
24 1	34
24 2	2
24 3	41
24 4	28
24 5	23
24 7	49
24 9	38
24 11	44
24 14	27
24 15	26
24 17	22
24 18	42
24 21	36
24 23	9
24 24	16
24 27	29
24 29	20
24 31	37
24 32	21
24 33	45
24 34	13
24 37	48
24 39	3
24 41	15
24 42	12
24 43	39
24 44	17
24 46	4
24 48	30
24 49	6
25 0	39
25 2	36
25 3	15
25 4	7
25 5	43
25 7	5
25 8	29
25 9	49
25 10	44
25 11	6
25 12	14
25 13	30
25 14	19
25 15	38
25 16	48
25 17	45
25 18	9
25 19	32
25 20	34
25 21	21
25 23	2
25 26	42
25 27	1
25 29	37
25 33	12
25 34	4
25 35	35
25 36	27
25 37	40
25 38	24
25 39	22
25 40	18
25 41	3
25 43	8
25 44	41
25 46	13
25 47	20
25 48	25
25 49	47
26 0	40
26 2	4
26 3	25
26 4	19
26 6	38
26 8	24
26 9	48
26 11	10
26 12	23
26 13	49
26 14	45
26 15	3
26 16	9
26 17	32
26 18	27
26 19	12
26 20	18
26 21	7
26 22	43
26 23	5
26 25	2
26 28	46
26 29	29
26 30	31
26 31	1
26 32	41
26 33	8
26 35	15
26 36	22
26 38	36
26 40	30
26 41	17
26 44	0
26 45	16
26 48	35
26 49	39
27 0	41
27 1	30
27 2	16
27 4	9
27 5	44
27 6	3
27 8	1
27 11	43
27 13	23
27 14	32
27 15	15
27 16	25
27 17	46
27 18	18
27 19	5
27 20	35
27 21	38
27 22	48
27 24	4
27 25	13
27 27	49
27 30	2
27 32	45
27 33	24
27 34	33
27 35	14
27 36	8
27 38	28
27 39	21
27 40	17
27 41	40
27 42	47
27 43	20
27 44	29
27 45	34
27 46	0
27 48	31
28 0	2
28 1	29
28 3	9
28 4	42
28 5	37
28 8	22
28 9	32
28 10	28
28 12	18
28 15	43
28 16	45
28 17	1
28 18	31
28 21	10
28 24	23
28 25	46
28 26	12
28 27	11
28 30	48
28 31	34
28 32	30
28 33	26
28 34	38
28 35	27
28 36	7
28 37	25
28 39	49
28 41	16
28 42	20
28 44	24
28 45	19
28 46	5
28 47	17
28 49	4
29 0	36
29 1	1
29 2	47
29 4	0
29 5	7
29 6	49
29 8	37
29 10	40
29 11	23
29 13	24
29 14	34
29 15	41
29 16	5
29 17	12
29 18	22
29 19	16
29 22	9
29 23	31
29 24	32
29 25	17
29 26	11
29 27	43
29 28	48
29 29	25
29 30	29
29 31	28
29 32	8
29 33	38
29 34	19
29 36	21
29 37	14
29 38	2
29 40	45
29 43	4
29 44	33
29 45	18
29 46	6
29 47	15
29 48	13
30 0	4
30 2	21
30 4	35
30 6	14
30 7	41
30 9	12
30 12	22
30 15	45
30 16	44
30 17	26
30 18	7
30 19	3
30 20	6
30 21	1
30 22	2
30 24	29
30 25	19
30 26	37
30 27	40
30 28	24
30 29	48
30 30	39
30 31	20
30 34	30
30 35	9
30 40	15
30 41	28
30 42	10
30 43	17
30 44	5
30 45	8
30 46	47
30 48	11
31 0	35
31 1	2
31 2	30
31 3	23
31 4	47
31 6	34
31 10	49
31 11	24
31 12	6
31 13	40
31 14	10
31 15	0
31 16	1
31 17	18
31 18	45
31 19	7
31 21	32
31 24	42
31 25	37
31 26	43
31 27	28
31 28	11
31 29	13
31 30	8
31 31	48
31 32	17
31 33	27
31 36	41
31 37	33
31 39	14
31 40	12
31 43	26
31 44	38
31 45	20
31 46	39
31 48	15
31 49	44
32 0	14
32 1	5
32 2	42
32 4	6
32 5	18
32 6	48
32 7	30
32 8	19
32 9	11
32 10	9
32 11	45
32 12	7
32 14	12
32 15	36
32 16	4
32 18	35
32 20	13
32 22	44
32 24	21
32 26	15
32 28	0
32 29	47
32 30	1
32 32	28
32 34	10
32 37	29
32 38	17
32 40	37
32 41	49
32 44	46
32 45	2
32 49	20
33 0	5
33 2	48
33 3	0
33 4	32
33 5	9
33 6	1
33 7	35
33 8	15
33 9	22
33 10	6
33 12	45
33 13	12
33 16	11
33 17	23
33 18	39
33 20	26
33 21	24
33 22	38
33 23	37
33 24	40
33 25	25
33 26	13
33 27	20
33 28	17
33 29	2
33 30	42
33 31	44
33 34	43
33 35	47
33 36	14
33 38	46
33 42	34
33 43	33
33 44	8
33 45	10
33 48	7
33 49	18
34 0	9
34 2	27
34 4	17
34 5	34
34 8	38
34 9	6
34 12	26
34 13	7
34 15	2
34 17	15
34 18	21
34 19	0
34 20	20
34 21	47
34 22	11
34 23	22
34 24	3
34 25	35
34 26	45
34 29	28
34 30	12
34 32	5
34 34	29
34 35	33
34 36	30
34 37	24
34 38	4
34 39	46
34 41	19
34 42	14
34 43	48
34 45	43
34 47	41
34 48	18
34 49	8
35 0	46
35 2	26
35 4	49
35 5	1
35 6	4
35 8	27
35 9	44
35 10	41
35 11	40
35 14	24
35 15	14
35 16	17
35 20	28
35 22	6
35 23	7
35 24	31
35 25	11
35 26	25
35 27	19
35 29	35
35 30	32
35 31	8
35 33	39
35 34	9
35 37	38
35 41	23
35 43	36
35 44	34
35 45	42
35 46	15
35 47	3
35 48	48
35 49	45
36 0	26
36 2	10
36 3	5
36 4	34
36 7	27
36 8	49
36 9	17
36 11	41
36 12	28
36 13	29
36 14	16
36 15	46
36 17	21
36 18	2
36 19	14
36 20	22
36 24	1
36 25	3
36 27	9
36 28	35
36 29	32
36 31	45
36 33	25
36 35	13
36 37	23
36 38	18
36 39	47
36 41	7
36 43	37
36 45	11
36 47	0
36 49	15
37 0	37
37 1	38
37 4	4
37 5	33
37 6	24
37 7	9
37 8	3
37 10	21
37 12	49
37 13	2
37 14	11
37 15	32
37 18	46
37 19	39
37 20	12
37 21	40
37 24	8
37 25	10
37 26	20
37 27	36
37 28	30
37 29	27
37 30	47
37 31	15
37 33	17
37 34	7
37 36	43
37 37	34
37 38	44
37 39	28
37 40	16
37 41	25
37 42	1
37 43	18
37 44	14
37 45	26
37 46	41
37 48	0
37 49	48
38 1	25
38 3	6
38 5	21
38 6	2
38 9	10
38 10	24
38 11	47
38 12	41
38 13	1
38 14	38
38 16	7
38 17	9
38 18	26
38 19	45
38 20	27
38 21	35
38 22	17
38 23	48
38 25	12
38 27	44
38 29	11
38 31	49
38 32	22
38 36	37
38 37	8
38 40	5
38 42	32
38 43	29
38 44	4
38 46	16
38 47	19
38 49	31
39 0	24
39 1	37
39 2	3
39 5	48
39 7	40
39 10	23
39 11	8
39 12	39
39 15	18
39 17	34
39 18	19
39 19	49
39 22	36
39 23	28
39 24	20
39 26	35
39 29	10
39 30	26
39 31	12
39 33	43
39 35	31
39 37	45
39 39	6
39 41	47
39 42	5
39 43	0
39 44	25
39 45	7
39 46	2
39 47	11
39 49	46
40 0	45
40 1	22
40 2	7
40 4	31
40 7	42
40 8	2
40 9	13
40 11	29
40 12	9
40 13	27
40 16	39
40 18	5
40 19	48
40 20	38
40 22	16
40 25	43
40 26	18
40 30	44
40 31	41
40 33	49
40 35	34
40 36	12
40 37	11
40 40	4
40 41	8
40 42	23
40 43	46
40 44	37
40 46	36
40 47	25
40 48	28
40 49	35
41 0	42
41 1	31
41 4	24
41 6	12
41 8	20
41 9	8
41 11	2
41 12	38
41 14	4
41 15	29
41 17	6
41 18	32
41 19	26
41 20	21
41 21	11
41 22	34
41 23	27
41 27	22
41 32	7
41 37	28
41 39	25
41 40	19
41 41	44
41 42	16
41 43	45
41 44	15
41 47	23
41 48	43
41 49	40
42 0	31
42 2	46
42 3	40
42 4	2
42 5	6
42 7	33
42 8	47
42 9	25
42 11	1
42 13	17
42 14	3
42 21	37
42 23	16
42 24	0
42 25	36
42 26	38
42 27	5
42 28	14
42 30	21
42 31	4
42 32	12
42 33	29
42 34	44
42 35	22
42 38	45
42 39	43
42 40	10
42 41	26
42 42	18
42 43	35
42 44	42
42 46	19
42 49	23
43 1	46
43 5	12
43 6	13
43 7	4
43 8	23
43 9	28
43 10	17
43 12	48
43 13	20
43 14	5
43 15	19
43 19	25
43 20	41
43 21	34
43 23	1
43 24	30
43 26	2
43 27	42
43 31	3
43 32	0
43 33	16
43 34	49
43 35	37
43 38	35
43 39	10
43 40	33
43 41	43
43 42	36
43 43	24
43 45	27
43 46	11
43 49	9
44 0	18
44 1	6
44 4	22
44 6	41
44 7	46
44 9	31
44 10	19
44 12	15
44 13	26
44 14	28
44 16	20
44 18	12
44 19	9
44 20	37
44 21	45
44 22	3
44 24	43
44 26	0
44 27	24
44 28	25
44 30	4
44 31	16
44 32	48
44 33	42
44 35	5
44 37	13
44 38	39
44 41	14
44 42	7
44 43	10
44 44	27
44 45	1
44 47	2
44 48	32
44 49	33
45 1	10
45 3	46
45 4	26
45 5	5
45 6	42
45 7	43
45 8	45
45 9	20
45 11	4
45 12	3
45 13	47
45 14	1
45 15	37
45 16	2
45 18	48
45 19	13
45 21	49
45 22	28
45 23	25
45 25	44
45 26	7
45 27	31
45 28	38
45 29	18
45 31	22
45 32	11
45 33	33
45 35	0
45 38	40
45 39	41
45 40	36
45 41	27
45 43	32
45 44	21
45 45	29
45 46	23
45 47	9
45 48	34
45 49	12
46 0	28
46 1	39
46 2	38
46 3	26
46 4	1
46 6	19
46 10	45
46 12	34
46 13	32
46 14	33
46 15	23
46 17	13
46 20	3
46 21	46
46 22	35
46 23	4
46 24	27
46 25	29
46 27	41
46 28	15
46 35	40
46 36	10
46 37	12
46 38	22
46 39	20
46 40	9
46 43	21
46 44	6
46 45	24
46 46	8
46 47	49
46 48	5
46 49	11
47 0	29
47 2	22
47 3	42
47 4	46
47 6	10
47 8	31
47 11	36
47 12	40
47 13	21
47 14	44
47 15	17
47 17	33
47 19	23
47 20	25
47 21	5
47 23	45
47 24	9
47 25	8
47 26	6
47 28	7
47 29	12
47 30	24
47 31	0
47 32	19
47 33	2
47 34	41
47 35	48
47 38	14
47 39	38
47 40	47
47 41	39
47 43	11
47 44	43
47 47	28
47 48	3
47 49	32
48 0	20
48 2	17
48 4	48
48 5	0
48 6	33
48 7	34
48 8	28
48 10	5
48 11	37
48 12	16
48 13	25
48 14	46
48 15	21
48 17	8
48 18	4
48 19	31
48 21	15
48 24	6
48 26	26
48 28	36
48 29	44
48 33	30
48 34	23
48 35	29
48 39	1
48 41	12
48 42	19
48 44	3
48 45	41
48 46	24
48 49	43
49 0	0
49 1	26
49 2	12
49 3	34
49 4	13
49 5	10
49 6	20
49 7	47
49 8	9
49 9	42
49 12	21
49 13	8
49 14	23
49 15	1
49 16	29
49 19	28
49 23	33
49 24	15
49 25	6
49 26	39
49 27	25
49 28	18
49 29	40
49 30	17
49 33	31
49 34	5
49 36	48
49 37	35
49 38	38
49 40	11
49 42	45
49 43	30
49 45	4
49 46	44
49 47	37
49 48	16
49 49	22
