50
0 0	13
0 2	36
0 3	0
0 4	49
0 5	43
0 6	11
0 7	20
0 8	5
0 10	39
0 11	22
0 12	18
0 13	26
0 14	4
0 16	31
0 17	21
0 19	14
0 22	12
0 24	15
0 27	41
0 28	42
0 30	44
0 32	19
0 33	38
0 36	1
0 37	46
0 38	8
0 39	17
0 40	2
0 41	33
0 42	48
0 43	23
0 44	30
0 45	3
0 46	40
0 47	34
0 49	27
1 1	1
1 2	9
1 3	35
1 4	21
1 5	28
1 6	37
1 9	7
1 10	5
1 12	4
1 13	2
1 14	31
1 15	45
1 17	11
1 18	24
1 19	22
1 20	44
1 21	15
1 22	8
1 23	12
1 24	6
1 25	26
1 26	33
1 27	3
1 28	18
1 29	42
1 30	23
1 32	13
1 33	40
1 34	43
1 36	46
1 37	34
1 39	20
1 41	10
1 43	19
1 44	0
1 45	36
1 46	48
1 48	25
2 0	32
2 2	46
2 3	22
2 4	10
2 5	34
2 7	35
2 8	8
2 9	43
2 11	19
2 12	40
2 14	9
2 15	20
2 16	18
2 17	33
2 18	3
2 19	17
2 20	4
2 21	41
2 22	47
2 24	36
2 25	45
2 26	30
2 28	0
2 29	39
2 30	28
2 31	13
2 32	37
2 33	42
2 35	27
2 37	21
2 42	38
2 43	1
2 44	23
2 46	29
2 47	2
2 48	16
2 49	11
3 0	38
3 2	30
3 3	19
3 4	35
3 5	21
3 6	25
3 8	31
3 9	20
3 10	36
3 11	43
3 13	32
3 15	39
3 16	11
3 17	47
3 19	49
3 20	27
3 21	24
3 22	23
3 24	7
3 25	9
3 27	48
3 28	3
3 30	16
3 31	2
3 32	18
3 33	6
3 35	12
3 37	1
3 38	15
3 39	41
3 40	29
3 43	40
3 44	17
3 45	0
3 47	46
3 48	13
3 49	42
4 0	15
4 2	24
4 5	2
4 7	39
4 8	7
4 10	49
4 11	44
4 13	17
4 15	23
4 16	14
4 18	31
4 19	18
4 20	30
4 21	46
4 22	0
4 25	4
4 27	5
4 28	25
4 29	29
4 30	38
4 31	3
4 32	28
4 34	48
4 36	35
4 37	12
4 38	33
4 39	16
4 40	19
4 42	10
4 43	6
4 44	9
4 45	40
4 46	1
4 47	47
4 48	21
4 49	20
5 0	20
5 3	15
5 5	27
5 9	17
5 10	14
5 11	24
5 12	0
5 13	35
5 14	23
5 17	6
5 18	48
5 19	25
5 20	45
5 21	5
5 22	32
5 23	19
5 24	49
5 26	36
5 28	37
5 29	18
5 30	1
5 31	42
5 32	10
5 34	2
5 36	11
5 37	7
5 38	47
5 40	9
5 42	22
5 43	33
5 45	31
5 46	43
5 47	38
5 49	4
6 0	22
6 1	19
6 2	37
6 6	49
6 7	29
6 9	5
6 11	12
6 12	35
6 13	34
6 14	32
6 15	13
6 16	41
6 17	36
6 18	47
6 19	38
6 20	16
6 24	24
6 25	14
6 26	9
6 27	0
6 28	48
6 29	10
6 30	15
6 33	20
6 34	23
6 36	2
6 37	30
6 39	40
6 40	8
6 42	18
6 44	3
7 1	8
7 2	18
7 5	39
7 7	0
7 8	4
7 9	6
7 11	32
7 12	7
7 13	30
7 14	35
7 15	31
7 16	47
7 18	27
7 19	33
7 20	21
7 21	22
7 22	16
7 23	5
7 25	28
7 26	2
7 28	1
7 29	19
7 30	12
7 31	37
7 32	29
7 33	17
7 35	25
7 37	40
7 38	26
7 39	48
7 40	46
7 41	42
7 43	13
7 44	10
7 45	41
7 46	38
7 47	14
7 49	36
8 0	16
8 1	43
8 3	34
8 4	13
8 5	26
8 6	45
8 7	22
8 8	42
8 12	6
8 14	37
8 15	15
8 16	5
8 17	19
8 19	7
8 20	9
8 22	30
8 23	4
8 26	25
8 27	1
8 29	14
8 31	17
8 32	24
8 33	49
8 34	46
8 35	44
8 36	18
8 37	27
8 38	41
8 40	36
8 41	38
8 42	11
8 43	39
8 44	33
8 45	10
8 46	20
8 47	40
8 48	3
8 49	12
9 0	21
9 2	0
9 3	44
9 4	30
9 5	24
9 6	34
9 7	25
9 8	6
9 9	1
9 10	29
9 11	3
9 12	20
9 13	10
9 14	8
9 15	49
9 16	40
9 17	9
9 18	46
9 19	42
9 20	19
9 22	13
9 24	28
9 27	39
9 28	38
9 29	12
9 30	33
9 31	18
9 32	41
9 33	36
9 34	35
9 35	11
9 36	27
9 38	22
9 39	32
9 40	43
9 42	17
9 43	37
9 44	2
9 45	15
9 46	4
9 47	16
10 0	3
10 1	12
10 3	46
10 4	24
10 5	44
10 6	29
10 7	21
10 9	22
10 10	48
10 11	33
10 12	11
10 14	27
10 15	9
10 16	4
10 19	28
10 20	13
10 21	8
10 22	5
10 23	36
10 24	45
10 27	6
10 28	40
10 31	41
10 32	23
10 33	14
10 36	25
10 37	42
10 39	30
10 41	1
10 42	15
10 43	18
10 44	38
10 45	47
10 46	0
10 47	37
10 48	2
10 49	26
11 0	19
11 1	38
11 2	42
11 3	40
11 4	18
11 6	46
11 7	4
11 8	23
11 9	45
11 10	15
11 11	17
11 12	8
11 13	1
11 17	24
11 18	28
11 19	31
11 20	47
11 21	26
11 23	34
11 24	27
11 25	36
11 26	21
11 27	11
11 28	10
11 29	3
11 30	39
11 31	32
11 32	9
11 33	43
11 35	48
11 36	20
11 37	33
11 38	25
11 41	22
11 42	5
11 43	14
11 47	41
11 48	0
12 1	2
12 2	41
12 4	15
12 5	20
12 7	13
12 8	27
12 10	19
12 13	3
12 14	39
12 17	16
12 20	46
12 22	49
12 23	22
12 24	1
12 25	37
12 27	45
12 29	34
12 30	5
12 31	44
12 33	48
12 35	14
12 36	40
12 38	4
12 39	28
12 43	38
12 45	24
12 46	11
12 47	10
12 48	42
12 49	17
13 0	11
13 2	1
13 4	19
13 6	2
13 8	0
13 9	47
13 10	33
13 12	22
13 13	12
13 14	38
13 17	7
13 19	20
13 21	31
13 23	9
13 24	32
13 25	24
13 26	15
13 27	42
13 29	13
13 30	41
13 31	29
13 32	4
13 35	26
13 36	5
13 37	18
13 38	48
13 40	30
13 41	14
13 42	45
13 43	35
13 44	34
13 46	8
13 49	39
14 0	0
14 2	35
14 3	37
14 5	1
14 6	13
14 7	7
14 9	44
14 10	22
14 11	47
14 13	43
14 15	18
14 16	48
14 17	29
14 18	39
14 21	19
14 22	17
14 23	38
14 24	2
14 25	31
14 26	23
14 27	46
14 28	34
14 32	42
14 33	21
14 34	6
14 35	10
14 36	14
14 37	45
14 41	8
14 44	49
14 45	25
14 46	30
14 47	9
14 48	41
14 49	33
15 0	43
15 2	2
15 4	40
15 8	37
15 9	3
15 10	18
15 11	8
15 13	21
15 15	46
15 17	42
15 18	17
15 19	30
15 22	25
15 23	6
15 24	31
15 25	20
15 26	1
15 27	15
15 28	26
15 29	5
15 30	48
15 31	22
15 32	14
15 33	11
15 35	34
15 36	41
15 38	39
15 40	12
15 41	9
15 42	23
15 43	32
15 44	28
15 45	27
15 47	36
15 48	49
16 0	8
16 1	25
16 2	43
16 3	18
16 4	27
16 6	20
16 9	48
16 10	17
16 11	4
16 13	44
16 14	46
16 19	1
16 20	7
16 21	37
16 23	32
16 24	35
16 25	15
16 29	21
16 31	33
16 32	11
16 33	10
16 34	45
16 35	6
16 36	16
16 37	9
16 41	13
16 42	3
16 43	49
16 44	31
17 0	30
17 2	34
17 4	41
17 5	14
17 6	40
17 7	18
17 9	19
17 10	31
17 11	11
17 12	33
17 13	45
17 15	6
17 16	28
17 17	2
17 18	13
17 19	35
17 20	26
17 21	3
17 24	25
17 25	1
17 26	24
17 27	21
17 29	38
17 31	20
17 33	27
17 34	12
17 35	15
17 36	36
17 37	8
17 38	43
17 39	0
17 40	47
17 41	5
17 43	7
17 44	39
17 45	37
17 46	17
17 47	49
17 48	9
17 49	48
18 0	1
18 1	13
18 2	4
18 3	45
18 6	10
18 8	49
18 9	29
18 10	35
18 11	2
18 14	48
18 16	44
18 17	23
18 21	38
18 25	41
18 27	26
18 29	0
18 31	34
18 32	17
18 33	12
18 34	19
18 35	22
18 36	31
18 37	36
18 38	16
18 39	47
18 41	30
18 42	9
18 43	43
18 44	27
18 46	6
18 47	15
19 1	37
19 2	23
19 3	21
19 5	40
19 6	26
19 8	28
19 9	14
19 10	8
19 12	15
19 13	46
19 14	29
19 16	36
19 17	44
19 18	7
19 19	9
19 21	34
19 22	35
19 23	42
19 24	3
19 25	16
19 26	38
19 27	22
19 30	45
19 31	12
19 32	32
19 33	0
19 34	5
19 35	49
19 37	43
19 38	31
19 39	25
19 40	17
19 41	4
19 42	19
19 43	30
19 44	18
19 45	1
19 46	27
19 47	13
19 48	10
20 2	12
20 3	24
20 4	0
20 6	38
20 9	27
20 10	25
20 11	39
20 13	22
20 14	15
20 15	7
20 18	34
20 19	37
20 20	32
20 22	9
20 23	30
20 25	10
20 26	31
20 28	28
20 29	6
20 30	11
20 33	29
20 36	47
20 37	4
20 38	18
20 39	45
20 40	16
20 41	2
20 42	42
20 44	46
20 45	44
20 46	21
20 47	20
20 48	43
20 49	8
21 0	9
21 2	33
21 3	8
21 4	23
21 5	45
21 7	17
21 8	48
21 9	2
21 13	24
21 14	26
21 15	4
21 16	6
21 18	19
21 19	29
21 20	41
21 21	39
21 23	35
21 24	18
21 25	22
21 26	10
21 27	31
21 28	16
21 30	21
21 31	5
21 32	44
21 33	1
21 36	32
21 37	25
21 38	7
21 40	34
21 41	40
21 45	42
21 46	15
21 47	43
22 0	41
22 1	11
22 2	6
22 3	47
22 4	43
22 5	32
22 6	12
22 9	28
22 10	2
22 12	38
22 13	27
22 16	17
22 17	46
22 19	15
22 21	10
22 22	34
22 24	0
22 25	19
22 26	14
22 27	36
22 28	44
22 29	20
22 30	7
22 35	9
22 39	39
22 42	13
22 43	29
22 44	42
22 45	18
22 46	45
22 47	33
23 0	48
23 1	9
23 4	42
23 5	11
23 6	18
23 9	35
23 10	0
23 11	21
23 12	49
23 13	40
23 14	47
23 15	8
23 19	10
23 20	12
23 21	32
23 22	39
23 23	29
23 24	44
23 25	17
23 28	15
23 29	43
23 30	6
23 31	46
23 32	22
23 33	13
23 34	1
23 36	26
23 40	4
23 41	36
23 43	24
23 44	14
23 45	45
23 46	5
23 47	31
23 48	23
24 0	27
24 1	16
24 2	32
24 4	28
24 7	33
24 9	31
24 10	46
24 12	10
24 13	29
24 15	48
24 16	19
24 17	15
24 18	36
24 19	13
24 20	39
24 23	17
24 24	43
24 25	12
24 26	20
24 27	18
24 28	21
24 29	37
24 30	0
24 32	6
24 33	3
24 34	42
24 35	24
24 36	4
24 37	14
24 39	11
24 40	23
24 42	25
24 43	44
24 45	22
24 46	2
24 47	8
24 48	34
24 49	9
25 0	17
25 1	36
25 2	38
25 3	6
25 4	5
25 5	7
25 6	28
25 7	43
25 8	34
25 9	40
25 10	4
25 11	48
25 12	31
25 13	23
25 15	11
25 16	27
25 19	8
25 20	10
25 21	2
25 22	15
25 23	33
25 26	41
25 27	47
25 28	20
25 30	37
25 31	9
25 32	1
25 35	0
25 36	19
25 37	32
25 39	22
25 40	35
25 41	24
25 42	49
25 43	16
25 47	30
25 48	14
25 49	3
26 1	21
26 2	49
26 4	38
26 5	18
26 6	4
26 7	16
26 9	15
26 10	6
26 11	30
26 13	19
26 14	13
26 16	26
26 17	22
26 19	2
26 21	47
26 22	20
26 23	27
26 25	44
26 26	0
26 28	9
26 29	11
26 30	3
26 31	39
26 32	35
26 34	17
26 35	8
26 36	12
26 39	1
26 40	25
26 41	31
26 42	43
26 43	36
26 44	5
26 46	33
27 2	19
27 4	17
27 5	29
27 6	9
27 7	32
27 11	7
27 12	42
27 13	37
27 14	45
27 15	44
27 17	5
27 18	41
27 19	4
27 20	25
27 21	13
27 22	27
27 25	46
27 26	43
27 27	10
27 29	48
27 30	2
27 32	8
27 33	16
27 34	26
27 35	18
27 36	0
27 37	39
27 38	38
27 39	36
27 40	24
27 41	28
27 43	3
27 46	23
27 47	6
28 0	29
28 1	23
28 3	39
28 6	48
28 7	44
28 8	30
28 9	18
28 10	41
28 11	42
28 13	13
28 16	20
28 17	27
28 19	5
28 21	12
28 23	28
28 24	37
28 25	43
28 26	26
28 27	40
28 28	6
28 29	8
28 30	36
28 31	10
28 33	34
28 34	22
28 36	9
28 37	35
28 38	24
28 39	46
28 40	11
28 41	16
28 42	21
28 43	17
28 44	15
28 46	32
28 47	19
28 48	33
28 49	25
29 3	12
29 4	16
29 5	23
29 6	41
29 7	31
29 8	33
29 11	0
29 16	2
29 17	18
29 18	25
29 19	46
29 20	36
29 21	9
29 22	22
29 24	26
29 25	8
29 26	3
29 27	7
29 28	5
29 31	24
29 32	48
29 33	32
29 34	39
29 35	1
29 37	17
29 38	19
29 39	42
29 40	45
29 41	43
29 42	30
29 43	15
29 45	21
29 46	35
29 47	29
29 49	28
30 0	35
30 2	31
30 3	49
30 4	6
30 5	0
30 6	5
30 7	9
30 8	44
30 9	12
30 10	7
30 11	36
30 12	30
30 13	25
30 14	22
30 15	1
30 16	3
30 17	37
30 19	48
30 20	2
30 21	20
30 22	29
30 25	38
30 26	42
30 27	17
30 29	15
30 31	40
30 32	34
30 33	33
30 34	16
30 36	28
30 37	24
30 38	23
30 41	32
30 42	4
30 43	8
30 44	11
30 45	13
30 46	41
30 47	45
30 49	14
31 0	45
31 2	21
31 3	27
31 4	34
31 5	22
31 10	3
31 15	10
31 17	14
31 18	29
31 19	40
31 20	15
31 21	18
31 23	49
31 25	32
31 26	37
31 27	33
31 31	38
31 35	17
31 36	13
31 37	2
31 38	30
31 39	19
31 40	31
31 41	44
31 43	48
31 44	6
31 46	25
31 47	5
31 48	1
31 49	47
32 0	36
32 1	22
32 2	40
32 3	5
32 4	37
32 5	25
32 7	12
32 8	14
32 11	45
32 12	16
32 13	42
32 16	32
32 20	23
32 21	28
32 22	3
32 23	2
32 25	29
32 26	39
32 28	8
32 29	44
32 30	46
32 32	21
32 37	11
32 40	33
32 41	35
32 43	34
32 46	10
32 47	24
32 48	17
32 49	15
33 1	35
33 2	26
33 3	10
33 4	3
33 6	44
33 7	6
33 9	38
33 13	41
33 14	28
33 16	13
33 21	14
33 22	19
33 24	30
33 25	23
33 27	12
33 33	15
33 34	11
33 35	4
33 37	37
33 41	46
33 42	0
33 43	2
33 44	45
33 45	34
33 46	39
33 47	42
33 48	27
33 49	7
34 0	42
34 1	45
34 3	3
34 4	44
34 5	48
34 6	47
34 7	11
34 8	15
34 9	8
34 10	21
34 11	18
34 12	19
34 14	36
34 15	32
34 16	10
34 17	31
34 18	6
34 20	49
34 21	25
34 22	33
34 23	1
34 24	40
34 25	34
34 26	7
34 27	13
34 30	43
34 32	39
34 33	35
34 35	46
34 37	5
34 38	9
34 39	2
34 43	26
34 46	22
34 48	30
34 49	38
35 0	37
35 2	15
35 6	42
35 7	10
35 9	26
35 11	6
35 13	33
35 14	12
35 15	40
35 19	34
35 20	48
35 21	36
35 22	43
35 24	14
35 25	0
35 26	27
35 28	19
35 29	23
35 30	35
35 31	7
35 32	38
35 33	8
35 34	47
35 35	28
35 36	24
35 37	13
35 38	3
35 40	20
35 43	41
35 45	9
35 47	39
35 48	11
35 49	44
36 0	26
36 1	15
36 2	20
36 4	29
36 6	21
36 7	24
36 8	3
36 11	27
36 12	47
36 14	1
36 15	19
36 19	12
36 20	42
36 21	43
36 22	4
36 24	38
36 25	49
36 31	11
36 34	37
36 35	41
36 36	45
36 37	22
36 38	5
36 39	6
36 40	14
36 42	34
36 44	16
36 45	2
36 46	28
36 48	36
37 0	4
37 1	32
37 2	22
37 3	2
37 4	33
37 7	23
37 11	1
37 12	25
37 13	38
37 15	16
37 16	46
37 17	45
37 18	11
37 19	36
37 20	17
37 21	30
37 22	18
37 23	20
37 24	10
37 25	40
37 26	49
37 28	12
37 29	7
37 30	27
37 33	41
37 34	14
37 35	21
37 36	3
37 37	15
37 38	0
37 39	37
37 41	29
37 42	28
37 43	9
37 45	39
37 47	35
37 49	19
38 0	44
38 2	13
38 3	48
38 4	26
38 5	36
38 6	8
38 7	40
38 8	10
38 9	16
38 10	11
38 11	38
38 12	46
38 14	3
38 17	17
38 18	2
38 20	34
38 21	49
38 22	6
38 23	43
38 24	22
38 26	28
38 27	20
38 28	41
38 30	24
38 31	30
38 36	42
38 38	27
38 39	4
38 40	1
38 41	19
38 42	35
38 43	45
38 44	12
38 45	23
38 46	14
38 47	21
38 48	32
38 49	37
39 1	14
39 3	33
39 5	38
39 6	16
39 9	25
39 12	3
39 13	15
39 14	19
39 15	22
39 16	1
39 17	4
39 20	0
39 21	27
39 22	41
39 23	24
39 25	6
39 27	29
39 29	40
39 30	10
39 31	31
39 32	49
39 33	5
39 34	44
39 35	23
39 38	35
39 39	9
39 41	11
39 43	42
39 45	48
39 47	26
39 48	39
39 49	43
40 0	7
40 2	27
40 3	26
40 5	6
40 6	32
40 7	37
40 8	46
40 9	11
40 10	47
40 11	14
40 12	9
40 13	28
40 14	17
40 15	25
40 18	12
40 21	35
40 22	48
40 23	23
40 24	42
40 25	3
40 26	5
40 27	8
40 28	39
40 29	2
40 31	43
40 34	40
40 39	10
40 40	0
40 42	44
40 45	16
40 47	4
40 48	20
40 49	45
41 2	5
41 4	46
41 7	30
41 8	22
41 10	42
41 11	10
41 12	27
41 14	11
41 15	17
41 16	37
41 17	3
41 18	15
41 19	16
41 20	8
41 21	1
41 23	41
41 24	4
41 25	35
41 26	6
41 27	24
41 28	45
41 30	34
41 31	19
41 32	2
41 35	36
41 37	23
41 38	29
41 39	38
41 40	13
41 44	26
41 46	12
41 47	44
41 48	48
41 49	18
42 1	0
42 2	14
42 3	13
42 4	4
42 6	19
42 7	1
42 8	9
42 10	16
42 11	26
42 12	48
42 14	10
42 16	24
42 17	38
42 18	22
42 23	3
42 25	42
42 26	44
42 27	28
42 28	30
42 29	47
42 30	29
42 33	45
42 34	32
42 36	21
42 37	41
42 38	34
42 39	43
42 40	7
42 41	6
42 42	2
42 43	27
42 45	49
42 47	18
42 48	15
42 49	46
43 0	5
43 2	16
43 3	38
43 5	15
43 6	14
43 7	3
43 8	2
43 10	43
43 11	40
43 12	13
43 13	20
43 15	42
43 16	21
43 18	18
43 19	44
43 22	36
43 23	25
43 24	9
43 25	27
43 26	12
43 27	23
43 28	31
43 29	49
43 30	26
43 31	45
43 32	30
43 33	37
43 36	17
43 37	28
43 38	11
43 39	33
43 40	6
43 41	34
43 42	1
43 44	19
43 45	32
43 46	46
43 47	7
43 48	8
44 0	49
44 2	39
44 3	36
44 4	25
44 5	46
44 6	17
44 7	8
44 11	15
44 12	28
44 13	47
44 15	14
44 16	42
44 17	1
44 19	19
44 20	11
44 22	45
44 23	10
44 25	13
44 28	22
44 29	31
44 30	40
44 31	23
44 32	26
44 33	2
44 34	41
44 35	29
44 36	38
44 40	21
44 41	3
44 45	33
44 46	7
44 47	12
44 48	37
45 0	6
45 1	44
45 2	48
45 3	1
45 5	16
45 6	15
45 7	41
45 8	36
45 11	25
45 12	2
45 13	9
45 14	34
45 15	28
45 16	35
45 17	20
45 18	14
45 20	18
45 22	42
45 23	40
45 24	5
45 25	30
45 26	22
45 27	37
45 28	24
45 31	21
45 32	43
45 33	4
45 35	45
45 36	7
45 37	38
45 38	10
45 39	12
45 41	47
45 44	8
45 47	23
45 48	29
46 0	14
46 3	41
46 4	47
46 5	12
46 6	23
46 8	38
46 10	10
46 12	34
46 13	48
46 14	42
46 15	24
46 16	43
46 17	30
46 19	3
46 21	40
46 23	31
46 24	29
46 26	45
46 27	32
46 29	1
46 31	0
46 32	25
46 33	39
46 34	9
46 35	2
46 39	44
46 41	17
46 42	16
46 43	28
46 44	35
46 46	19
46 47	27
46 48	7
46 49	22
47 1	24
47 2	25
47 3	14
47 5	8
47 6	22
47 9	32
47 11	34
47 13	18
47 14	0
47 17	10
47 20	43
47 22	1
47 23	47
47 24	16
47 25	33
47 26	40
47 28	13
47 29	4
47 30	42
47 31	15
47 33	31
47 34	27
47 35	37
47 36	44
47 37	19
47 40	41
47 43	11
47 44	36
47 45	26
47 46	49
47 47	48
47 48	38
47 49	29
48 0	31
48 1	6
48 2	47
48 3	9
48 4	14
48 5	5
48 7	48
48 8	35
48 10	23
48 12	32
48 15	34
48 17	28
48 19	0
48 20	1
48 21	4
48 22	21
48 24	17
48 25	7
48 26	13
48 27	43
48 31	27
48 32	45
48 33	44
48 35	42
48 36	15
48 37	29
48 38	12
48 39	8
48 41	18
48 43	20
48 44	24
48 45	19
48 46	26
48 47	25
48 49	16
49 0	2
49 1	5
49 2	3
49 3	17
49 4	32
49 5	19
49 6	30
49 9	42
49 10	44
49 11	23
49 12	41
49 15	43
49 16	45
49 17	40
49 18	35
49 19	27
49 20	14
49 22	24
49 23	0
49 24	34
49 25	48
49 26	11
49 27	4
49 28	49
49 30	20
49 31	25
49 32	12
49 33	28
49 36	37
49 37	10
49 38	13
49 39	18
49 41	39
49 42	46
49 43	22
49 44	47
49 45	8
49 47	1
49 48	31
