50
0 1	42
0 3	0
0 5	6
0 6	48
0 7	44
0 8	1
0 9	2
0 10	39
0 12	23
0 13	37
0 18	14
0 19	10
0 20	43
0 21	38
0 22	21
0 24	36
0 25	9
0 27	15
0 28	13
0 29	8
0 30	16
0 31	34
0 36	24
0 37	28
0 40	47
0 41	20
0 42	45
0 43	46
0 44	41
0 45	3
0 46	31
0 47	40
0 48	27
0 49	22
1 0	49
1 1	19
1 4	21
1 5	16
1 6	38
1 9	9
1 10	35
1 13	43
1 15	24
1 16	27
1 17	18
1 18	37
1 20	25
1 21	48
1 22	40
1 23	15
1 25	29
1 26	6
1 28	1
1 29	32
1 30	47
1 32	45
1 34	4
1 35	5
1 36	12
1 37	2
1 38	44
1 39	46
1 41	3
1 42	36
1 43	20
1 45	14
1 46	30
1 47	28
1 48	8
1 49	26
2 0	42
2 1	22
2 2	7
2 3	13
2 4	35
2 5	0
2 8	8
2 9	15
2 11	44
2 12	48
2 13	10
2 15	49
2 16	2
2 17	1
2 19	11
2 22	17
2 23	37
2 24	45
2 25	3
2 26	25
2 27	19
2 28	28
2 29	41
2 30	24
2 32	14
2 35	20
2 39	23
2 40	21
2 41	4
2 44	40
2 45	26
2 46	34
2 48	47
2 49	27
3 0	38
3 3	49
3 4	45
3 5	21
3 8	27
3 9	0
3 12	3
3 13	4
3 14	17
3 15	30
3 17	9
3 18	28
3 19	2
3 20	37
3 21	19
3 23	47
3 25	11
3 26	23
3 28	35
3 29	6
3 30	20
3 31	24
3 32	26
3 33	39
3 34	7
3 35	46
3 36	33
3 37	41
3 40	31
3 41	22
3 42	34
3 43	29
3 44	12
3 45	25
3 46	16
3 47	14
3 49	1
4 2	8
4 3	14
4 5	26
4 6	41
4 8	12
4 12	24
4 13	49
4 14	27
4 18	20
4 19	43
4 20	38
4 21	5
4 24	40
4 26	30
4 27	31
4 30	35
4 31	39
4 32	47
4 33	7
4 35	4
4 37	46
4 39	15
4 40	9
4 43	13
4 45	29
4 47	17
4 48	2
4 49	45
5 0	37
5 1	8
5 6	39
5 7	46
5 9	25
5 10	20
5 11	10
5 12	34
5 14	19
5 15	41
5 16	12
5 18	31
5 19	26
5 20	16
5 21	1
5 22	6
5 23	24
5 24	13
5 25	23
5 26	38
5 27	17
5 28	14
5 30	15
5 33	21
5 34	49
5 36	0
5 37	36
5 40	40
5 41	29
5 42	28
5 43	4
5 44	35
5 45	18
5 46	22
5 47	43
5 48	45
5 49	5
6 1	17
6 3	41
6 4	30
6 5	22
6 6	37
6 7	39
6 8	38
6 9	4
6 10	9
6 12	43
6 13	14
6 15	10
6 16	31
6 17	20
6 18	13
6 20	6
6 21	27
6 23	1
6 24	29
6 25	45
6 26	42
6 27	23
6 29	34
6 30	49
6 32	3
6 34	36
6 35	18
6 36	16
6 37	48
6 39	25
6 40	32
6 41	21
6 42	24
6 43	33
6 44	7
6 45	8
6 46	40
6 47	2
6 48	26
7 1	36
7 2	47
7 3	48
7 4	34
7 6	43
7 7	13
7 8	26
7 11	31
7 12	4
7 13	1
7 14	20
7 15	28
7 17	38
7 18	44
7 19	32
7 20	9
7 22	45
7 23	19
7 24	23
7 25	37
7 26	16
7 27	22
7 31	17
7 32	49
7 34	3
7 35	2
7 36	10
7 38	8
7 39	21
7 40	5
7 41	0
7 42	40
7 43	12
7 44	14
7 46	46
7 47	24
7 49	7
8 1	43
8 3	32
8 4	33
8 5	42
8 6	6
8 7	26
8 8	5
8 10	49
8 11	19
8 12	41
8 15	35
8 17	46
8 18	18
8 19	38
8 21	15
8 24	17
8 26	3
8 27	10
8 28	39
8 29	13
8 31	25
8 32	7
8 33	2
8 35	21
8 36	45
8 37	22
8 38	20
8 39	28
8 40	0
8 41	23
8 43	27
8 44	37
8 45	34
8 46	47
8 47	29
8 48	30
9 1	0
9 2	37
9 5	32
9 6	44
9 8	46
9 9	6
9 10	10
9 11	7
9 12	42
9 13	11
9 18	4
9 19	48
9 20	15
9 21	13
9 22	27
9 23	3
9 24	38
9 25	24
9 27	16
9 28	31
9 30	41
9 31	49
9 32	21
9 33	23
9 34	34
9 38	17
9 40	8
9 41	28
9 43	18
9 44	1
9 45	40
9 46	39
9 48	43
9 49	20
10 1	41
10 2	2
10 3	46
10 4	6
10 5	4
10 7	16
10 8	48
10 9	37
10 10	8
10 11	24
10 12	47
10 14	33
10 15	18
10 18	11
10 21	21
10 25	12
10 26	28
10 27	1
10 29	38
10 31	20
10 32	22
10 35	44
10 36	13
10 37	34
10 40	15
10 42	10
10 43	19
10 44	45
10 46	17
10 47	3
10 48	29
10 49	36
11 0	1
11 1	37
11 2	16
11 3	20
11 4	11
11 5	19
11 7	30
11 8	7
11 9	33
11 10	13
11 11	5
11 13	2
11 14	28
11 16	45
11 18	40
11 19	15
11 20	32
11 21	4
11 23	25
11 25	42
11 26	31
11 27	43
11 30	22
11 32	41
11 34	29
11 35	39
11 36	26
11 37	23
11 39	0
11 40	38
11 41	48
11 42	17
11 44	44
11 45	21
11 48	3
11 49	12
12 0	30
12 1	14
12 2	49
12 3	29
12 4	38
12 5	28
12 6	35
12 9	23
12 11	15
12 12	40
12 14	41
12 15	33
12 16	3
12 18	34
12 19	36
12 21	32
12 22	44
12 23	6
12 26	46
12 27	27
12 28	37
12 29	45
12 30	7
12 31	8
12 32	31
12 34	12
12 35	11
12 36	18
12 37	17
12 38	16
12 40	13
12 41	42
12 42	26
12 43	0
12 44	39
12 48	1
13 2	41
13 5	30
13 6	27
13 7	47
13 8	31
13 11	22
13 12	5
13 16	25
13 18	23
13 19	3
13 20	7
13 22	39
13 24	18
13 25	40
13 26	15
13 28	29
13 30	33
13 31	48
13 32	11
13 34	6
13 35	37
13 36	17
13 37	26
13 38	19
13 39	38
13 40	46
13 42	8
13 43	45
13 44	24
13 45	35
13 46	20
13 47	42
13 49	32
14 1	44
14 2	13
14 3	27
14 4	24
14 5	31
14 6	29
14 7	8
14 8	32
14 9	21
14 10	47
14 11	0
14 12	38
14 13	45
14 14	25
14 15	26
14 16	20
14 18	9
14 19	6
14 21	41
14 22	48
14 23	4
14 24	42
14 26	43
14 27	40
14 28	12
14 29	3
14 30	46
14 35	28
14 36	35
14 37	15
14 38	37
14 39	34
14 40	7
14 41	16
14 42	39
14 44	30
14 45	19
14 46	5
14 47	11
14 48	23
15 1	2
15 2	9
15 3	34
15 4	20
15 6	13
15 7	41
15 8	35
15 10	42
15 11	25
15 12	1
15 13	22
15 14	11
15 16	48
15 17	29
15 18	6
15 19	46
15 20	14
15 21	45
15 22	19
15 23	28
15 25	7
15 26	12
15 27	32
15 31	44
15 33	17
15 35	40
15 38	0
15 39	24
15 40	26
15 41	5
15 43	23
15 44	49
15 45	31
15 46	8
15 47	33
15 48	15
15 49	10
16 0	7
16 2	45
16 4	12
16 5	3
16 6	0
16 7	49
16 9	29
16 12	37
16 13	30
16 14	21
16 15	5
16 17	32
16 18	22
16 19	35
16 20	46
16 22	47
16 24	19
16 25	39
16 26	44
16 27	6
16 28	26
16 29	4
16 30	25
16 31	16
16 35	48
16 36	42
16 37	31
16 39	36
16 40	17
16 42	15
16 43	24
16 44	20
16 45	33
16 46	41
16 47	10
16 49	9
17 0	6
17 1	5
17 2	19
17 3	22
17 5	40
17 6	31
17 7	14
17 10	1
17 11	45
17 12	12
17 13	0
17 15	7
17 17	27
17 18	2
17 19	34
17 20	8
17 21	46
17 22	29
17 23	17
17 24	33
17 25	13
17 26	32
17 28	42
17 29	21
17 31	43
17 32	16
17 33	48
17 34	41
17 35	23
17 36	11
17 37	37
17 38	9
17 39	10
17 40	28
17 41	30
17 43	35
17 44	25
17 46	24
17 48	49
17 49	47
18 1	28
18 4	29
18 5	43
18 6	20
18 7	23
18 8	11
18 9	18
18 12	39
18 13	25
18 15	42
18 17	17
18 18	38
18 19	9
18 20	30
18 21	44
18 22	3
18 23	13
18 24	15
18 25	16
18 26	8
18 27	41
18 29	46
18 30	32
18 32	6
18 33	47
18 34	21
18 36	34
18 37	40
18 38	24
18 40	1
18 41	26
18 42	37
18 44	0
18 49	35
19 0	34
19 4	44
19 6	11
19 8	24
19 9	40
19 11	2
19 12	18
19 13	39
19 14	45
19 15	13
19 16	19
19 18	41
19 19	16
19 21	6
19 23	30
19 24	14
19 28	32
19 29	36
19 30	9
19 34	0
19 35	31
19 36	27
19 38	21
19 39	8
19 40	4
19 41	33
19 43	10
19 44	29
19 46	12
19 47	35
20 2	25
20 3	42
20 5	41
20 6	16
20 8	6
20 11	9
20 12	30
20 13	28
20 14	4
20 15	8
20 16	23
20 17	47
20 18	49
20 19	21
20 20	36
20 21	7
20 22	38
20 23	26
20 26	14
20 27	11
20 28	45
20 29	20
20 31	40
20 32	10
20 34	22
20 35	34
20 37	29
20 38	33
20 39	37
20 41	12
20 42	44
20 43	31
20 44	17
20 45	24
20 47	0
20 49	48
21 5	18
21 7	36
21 8	25
21 9	11
21 10	28
21 12	27
21 14	39
21 15	20
21 19	7
21 21	17
21 22	22
21 24	44
21 25	26
21 26	34
21 27	3
21 28	8
21 29	16
21 30	0
21 32	33
21 33	31
21 34	5
21 36	40
21 37	4
21 38	14
21 39	6
21 42	19
21 43	15
21 44	42
21 45	30
21 46	45
21 47	46
21 48	37
21 49	41
22 3	8
22 4	16
22 5	2
22 10	19
22 11	3
22 12	44
22 13	21
22 15	23
22 16	4
22 18	17
22 19	37
22 20	24
22 22	10
22 23	18
22 24	20
22 25	33
22 28	41
22 29	0
22 30	42
22 31	29
22 33	27
22 37	9
22 38	11
22 39	1
22 41	13
22 43	39
22 45	43
22 46	25
22 48	38
22 49	31
23 2	26
23 3	38
23 4	9
23 5	15
23 6	4
23 10	25
23 11	46
23 12	45
23 16	33
23 17	22
23 18	3
23 22	35
23 23	0
23 24	31
23 25	21
23 26	29
23 27	48
23 28	18
23 29	49
23 30	44
23 31	37
23 33	30
23 34	10
23 35	6
23 36	8
23 37	27
23 38	13
23 39	19
23 41	7
23 42	14
23 44	16
23 47	12
23 48	11
23 49	28
24 0	46
24 1	35
24 2	22
24 3	45
24 7	12
24 8	14
24 9	7
24 10	41
24 11	37
24 12	28
24 14	47
24 16	6
24 17	5
24 18	43
24 19	42
24 20	13
24 21	10
24 22	32
24 23	44
24 24	3
24 27	29
24 28	16
24 29	17
24 30	18
24 31	9
24 32	36
24 34	23
24 35	19
24 36	1
24 37	30
24 38	39
24 39	31
24 40	2
24 41	11
24 43	40
24 45	38
24 46	49
24 47	20
24 48	33
24 49	8
25 0	8
25 5	10
25 7	31
25 8	42
25 9	49
25 10	14
25 12	21
25 14	13
25 15	34
25 16	0
25 17	44
25 18	25
25 20	45
25 23	9
25 24	5
25 25	28
25 31	6
25 32	4
25 33	19
25 35	22
25 36	7
25 37	33
25 38	30
25 39	32
25 40	48
25 41	38
25 42	29
25 43	3
25 44	36
25 45	17
25 46	11
25 47	41
25 48	16
26 0	20
26 2	21
26 4	19
26 5	12
26 6	23
26 12	46
26 13	35
26 14	48
26 15	32
26 16	44
26 18	47
26 19	4
26 20	31
26 24	22
26 25	18
26 26	9
26 27	8
26 28	49
26 31	10
26 32	1
26 35	45
26 36	38
26 37	11
26 38	40
26 39	7
26 41	36
26 42	25
26 45	2
26 46	26
26 47	15
26 48	42
26 49	39
27 0	26
27 1	40
27 3	47
27 6	28
27 7	43
27 8	15
27 10	32
27 11	4
27 12	36
27 14	18
27 15	9
27 16	29
27 17	19
27 19	25
27 23	11
27 24	49
27 25	17
27 26	22
27 28	20
27 30	1
27 31	14
27 32	46
27 33	8
27 34	24
27 36	44
27 39	30
27 41	34
27 42	41
27 44	2
27 45	0
27 46	33
28 0	22
28 1	3
28 2	34
28 4	4
28 6	14
28 7	27
28 10	29
28 12	33
28 13	31
28 14	5
28 16	7
28 21	42
28 22	41
28 23	32
28 24	26
28 25	8
28 26	20
28 27	36
28 28	2
28 29	48
28 30	17
28 31	47
28 33	44
28 34	37
28 35	16
28 36	9
28 37	49
28 39	40
28 42	30
28 43	11
28 44	18
28 45	46
28 46	23
28 48	0
29 1	31
29 4	7
29 7	33
29 8	45
29 11	16
29 12	0
29 13	15
29 14	37
29 15	48
29 16	17
29 18	29
29 19	28
29 20	27
29 21	8
29 22	26
29 23	38
29 24	35
29 26	5
29 27	39
29 28	9
29 29	22
29 30	21
29 31	11
29 32	23
29 34	1
29 35	41
29 36	14
29 37	32
29 39	49
29 40	42
29 41	18
29 42	6
29 43	25
29 44	46
29 47	36
29 48	24
29 49	44
30 0	32
30 3	26
30 5	29
30 7	21
30 9	20
30 10	12
30 11	39
30 13	17
30 14	6
30 15	16
30 16	8
30 17	34
30 18	35
30 20	0
30 21	3
30 22	11
30 25	1
30 28	48
30 29	42
30 30	31
30 31	5
30 34	47
30 35	38
30 36	49
30 37	43
30 38	28
30 40	44
30 41	41
30 42	18
30 43	9
30 44	15
30 45	36
30 46	10
30 47	23
30 48	4
31 1	16
31 3	37
31 4	41
31 5	34
31 6	32
31 7	45
31 8	10
31 9	48
31 10	22
31 11	21
31 12	17
31 15	47
31 16	5
31 17	49
31 21	31
31 23	7
31 25	6
31 26	2
31 27	9
31 29	14
31 30	38
31 31	42
31 33	15
31 34	30
31 35	3
31 36	28
31 38	18
31 40	33
31 41	44
31 46	35
31 47	1
31 48	40
32 0	39
32 1	33
32 2	11
32 3	9
32 4	43
32 5	44
32 6	10
32 7	19
32 8	0
32 9	17
32 11	47
32 12	16
32 13	6
32 14	35
32 15	3
32 16	37
32 18	36
32 19	49
32 20	26
32 24	41
32 25	48
32 27	2
32 28	5
32 31	12
32 32	20
32 34	13
32 35	15
32 36	21
32 37	24
32 38	4
32 40	25
32 44	38
32 45	23
32 47	8
32 48	22
33 0	47
33 2	15
33 3	6
33 4	42
33 5	23
33 7	17
33 8	16
33 9	46
33 13	9
33 14	32
33 16	36
33 17	11
33 18	48
33 23	8
33 24	39
33 25	10
33 26	41
33 27	49
33 28	3
33 29	18
33 30	4
33 32	29
33 34	28
33 35	7
33 36	20
33 37	44
33 40	30
33 42	31
33 43	1
33 46	2
33 47	21
33 48	34
33 49	43
34 0	10
34 1	32
34 3	24
34 4	46
34 5	48
34 7	15
34 8	33
34 9	41
34 10	37
34 11	18
34 12	26
34 13	3
34 14	22
34 15	36
34 16	49
34 17	8
34 18	1
34 19	19
34 20	34
34 21	12
34 22	14
34 26	7
34 27	30
34 28	44
34 29	47
34 30	29
34 32	5
34 34	31
34 36	25
34 38	43
34 40	45
34 41	2
34 42	11
34 44	13
34 45	20
34 47	39
35 2	3
35 4	48
35 5	25
35 6	1
35 7	37
35 9	36
35 11	43
35 12	6
35 13	29
35 14	46
35 15	39
35 18	33
35 20	41
35 22	0
35 24	8
35 25	4
35 26	11
35 27	24
35 29	5
35 30	27
35 31	32
35 32	40
35 33	16
35 35	12
35 36	31
35 37	47
35 38	15
35 39	35
35 40	18
35 42	49
35 43	30
35 44	9
35 47	26
35 48	7
35 49	38
36 0	25
36 1	45
36 3	28
36 4	40
36 5	1
36 10	23
36 11	38
36 12	11
36 13	5
36 14	31
36 15	2
36 17	6
36 18	19
36 19	30
36 20	29
36 21	43
36 23	10
36 24	46
36 25	0
36 26	35
36 27	4
36 28	7
36 29	44
36 30	48
36 34	20
36 36	47
36 37	12
36 38	49
36 39	26
36 41	24
36 42	16
36 45	27
36 46	15
37 0	3
37 3	30
37 4	32
37 5	37
37 6	47
37 8	23
37 10	46
37 11	8
37 13	33
37 14	16
37 15	31
37 16	43
37 19	17
37 22	1
37 25	49
37 27	38
37 28	40
37 29	39
37 30	34
37 32	15
37 33	9
37 34	45
37 35	24
37 36	41
37 37	6
37 38	48
37 39	20
37 41	27
37 43	5
37 45	28
37 46	36
37 47	44
37 48	14
37 49	21
38 3	11
38 5	14
38 6	22
38 7	38
38 8	3
38 9	31
38 11	30
38 12	9
38 13	46
38 14	24
38 16	13
38 18	26
38 21	18
38 22	16
38 23	23
38 25	34
38 26	10
38 29	12
38 30	5
38 32	44
38 34	25
38 35	42
38 37	8
38 40	36
38 42	4
38 43	21
38 44	48
38 45	45
38 46	29
38 48	20
38 49	40
39 0	40
39 1	20
39 2	12
39 3	10
39 4	18
39 5	49
39 6	7
39 7	32
39 9	24
39 10	6
39 11	42
39 13	19
39 14	23
39 15	4
39 16	38
39 19	0
39 20	48
39 21	26
39 22	2
39 23	39
39 24	30
39 26	47
39 27	35
39 28	17
39 29	33
39 32	13
39 33	45
39 34	15
39 35	1
39 36	43
39 37	21
39 38	22
39 39	41
39 40	27
39 42	3
39 43	44
39 44	11
39 45	5
39 46	9
39 47	37
39 49	16
40 0	4
40 1	9
40 2	32
40 3	23
40 4	39
40 5	45
40 6	49
40 7	3
40 8	36
40 9	19
40 10	30
40 11	34
40 12	14
40 13	41
40 17	37
40 18	15
40 19	44
40 20	17
40 22	31
40 23	27
40 24	2
40 25	43
40 26	21
40 28	24
40 30	10
40 31	28
40 32	8
40 33	20
40 34	16
40 35	25
40 36	22
40 37	13
40 39	33
40 40	35
40 42	7
40 44	47
40 45	11
40 47	5
40 48	6
40 49	42
41 4	47
41 5	46
41 6	19
41 8	49
41 9	42
41 10	36
41 12	25
41 13	32
41 15	12
41 16	28
41 17	40
41 18	45
41 19	8
41 21	24
41 24	16
41 25	20
41 26	39
41 27	0
41 28	11
41 29	23
41 33	3
41 34	26
41 35	13
41 36	48
41 37	5
41 39	44
41 40	29
41 46	21
41 47	34
41 48	18
41 49	17
42 0	11
42 3	1
42 4	13
42 6	3
42 7	18
42 8	28
42 9	47
42 10	27
42 12	31
42 14	30
42 15	29
42 17	16
42 18	24
42 19	20
42 22	15
42 24	34
42 25	25
42 26	4
42 27	5
42 28	23
42 31	22
42 34	9
42 35	8
42 36	19
42 38	2
42 39	48
42 40	37
42 41	46
42 42	43
42 43	49
42 44	32
42 45	42
42 46	0
42 48	41
42 49	33
43 0	29
43 3	12
43 4	8
43 5	39
43 6	18
43 7	42
43 8	19
43 9	26
43 10	0
43 11	33
43 13	47
43 16	14
43 17	31
43 19	27
43 20	23
43 21	34
43 22	20
43 23	35
43 24	37
43 25	32
43 26	36
43 29	15
43 30	13
43 31	3
43 32	9
43 33	25
43 34	44
43 35	43
43 36	2
43 38	38
43 39	17
43 40	16
43 41	6
43 42	5
43 43	28
43 44	10
43 45	41
43 47	30
43 48	48
43 49	24
44 0	15
44 2	44
44 3	40
44 4	49
44 6	34
44 8	29
44 11	20
44 14	3
44 17	25
44 18	46
44 19	23
44 22	30
44 23	48
44 24	1
44 26	37
44 27	47
44 28	38
44 29	35
44 31	4
44 32	0
44 34	42
44 35	10
44 36	36
44 37	18
44 39	12
44 40	41
44 41	14
44 43	17
44 45	16
44 46	6
44 47	9
44 48	19
44 49	11
45 0	21
45 2	38
45 3	25
45 4	17
45 5	8
45 6	33
45 7	35
45 8	4
45 10	3
45 11	14
45 12	32
45 14	34
45 15	11
45 16	9
45 17	26
45 18	5
45 19	41
45 20	42
45 21	37
45 22	46
45 24	27
45 27	13
45 28	19
45 29	28
45 33	24
45 34	40
45 35	30
45 36	15
45 37	0
45 38	31
45 39	16
45 42	48
45 43	2
45 44	23
45 45	6
45 46	44
45 47	47
45 48	10
45 49	29
46 0	43
46 1	21
46 2	18
46 3	44
46 5	5
46 6	17
46 7	9
46 8	37
46 9	1
46 13	23
46 14	10
46 15	46
46 18	42
46 19	24
46 20	2
46 22	4
46 25	47
46 27	25
46 28	34
46 31	45
46 32	19
46 33	12
46 34	8
46 36	29
46 37	20
46 38	3
46 39	39
46 40	6
46 41	15
46 42	27
46 43	7
46 44	33
46 45	49
46 46	13
46 47	16
46 48	32
47 1	48
47 2	24
47 3	16
47 6	36
47 7	0
47 8	2
47 9	44
47 10	5
47 12	15
47 13	27
47 14	12
47 15	14
47 16	11
47 17	4
47 19	18
47 21	9
47 22	7
47 23	42
47 24	6
47 25	35
47 26	13
47 27	21
47 30	40
47 32	39
47 33	49
47 34	43
47 37	1
47 38	25
47 39	22
47 40	3
47 41	31
47 43	26
47 44	8
47 45	32
47 46	37
47 48	46
47 49	34
48 2	28
48 3	31
48 4	14
48 5	11
48 6	45
48 8	22
48 9	30
48 11	49
48 12	10
48 14	26
48 15	15
48 17	36
48 19	33
48 20	3
48 21	35
48 22	37
48 25	5
48 26	1
48 27	44
48 28	6
48 30	12
48 31	2
48 32	34
48 33	41
48 34	38
48 36	39
48 37	16
48 38	29
48 39	43
48 40	20
48 41	9
48 42	13
48 43	8
48 45	47
48 47	7
48 48	25
48 49	18
49 2	6
49 4	5
49 6	15
49 7	11
49 8	9
49 9	8
49 12	20
49 13	34
49 14	38
49 15	37
49 16	21
49 18	30
49 20	18
49 22	33
49 24	25
49 26	48
49 27	42
49 28	0
49 29	24
49 30	19
49 32	35
49 34	17
49 37	39
49 39	45
49 41	47
49 42	22
49 43	14
49 44	28
49 46	7
49 47	27
49 48	31
