50
0 0	41
0 1	20
0 2	22
0 4	36
0 6	11
0 7	34
0 8	4
0 9	1
0 10	17
0 12	46
0 13	2
0 15	37
0 16	16
0 23	29
0 24	35
0 26	23
0 27	8
0 30	47
0 31	38
0 32	30
0 35	25
0 36	3
0 37	10
0 39	12
0 40	49
0 41	44
0 44	18
0 46	42
0 47	13
0 48	45
0 49	48
1 1	23
1 2	36
1 3	7
1 4	35
1 5	16
1 6	13
1 7	39
1 8	11
1 9	9
1 10	34
1 12	15
1 13	46
1 14	27
1 17	41
1 18	22
1 19	45
1 20	38
1 22	29
1 24	28
1 25	6
1 26	40
1 28	31
1 29	2
1 31	0
1 32	42
1 33	10
1 34	5
1 36	4
1 37	18
1 38	12
1 40	26
1 42	30
1 43	19
1 46	44
1 47	25
1 48	43
1 49	1
2 0	21
2 1	9
2 2	0
2 3	11
2 4	31
2 6	16
2 9	22
2 10	33
2 11	27
2 13	14
2 14	45
2 17	40
2 22	47
2 23	5
2 24	13
2 27	49
2 29	29
2 30	3
2 31	32
2 32	1
2 34	26
2 35	6
2 36	12
2 38	30
2 39	15
2 40	41
2 41	28
2 43	38
2 45	25
2 46	43
2 47	10
2 48	36
2 49	17
3 0	44
3 1	42
3 2	18
3 5	36
3 6	38
3 7	47
3 8	19
3 10	20
3 11	41
3 12	40
3 13	1
3 14	10
3 15	34
3 16	39
3 17	30
3 19	46
3 20	5
3 21	11
3 23	35
3 25	21
3 27	2
3 28	16
3 31	48
3 32	29
3 33	17
3 36	7
3 38	22
3 39	4
3 40	31
3 41	13
3 42	6
3 45	45
3 46	24
3 47	15
3 48	32
3 49	9
4 0	14
4 1	35
4 4	24
4 5	28
4 6	18
4 8	10
4 9	41
4 11	25
4 13	7
4 14	43
4 16	0
4 17	23
4 18	40
4 19	9
4 20	27
4 22	17
4 23	1
4 24	45
4 25	20
4 28	34
4 29	46
4 31	31
4 34	16
4 35	15
4 36	22
4 37	19
4 38	44
4 39	11
4 40	29
4 41	32
4 43	49
4 45	2
4 47	8
4 48	12
4 49	37
5 0	3
5 1	13
5 2	2
5 3	37
5 4	32
5 5	17
5 6	25
5 8	43
5 9	26
5 10	41
5 13	24
5 14	21
5 15	19
5 17	27
5 18	34
5 19	30
5 20	0
5 21	14
5 22	46
5 23	39
5 25	5
5 27	10
5 28	33
5 29	23
5 30	36
5 31	22
5 33	48
5 34	29
5 36	18
5 40	4
5 41	45
5 44	31
5 45	16
5 46	20
5 47	12
5 48	42
6 0	36
6 2	44
6 3	41
6 4	43
6 5	26
6 8	49
6 10	15
6 11	13
6 12	7
6 13	32
6 14	35
6 15	0
6 17	11
6 18	30
6 19	31
6 21	48
6 22	16
6 23	45
6 26	27
6 27	34
6 28	8
6 29	42
6 30	25
6 33	1
6 34	14
6 35	38
6 36	40
6 37	29
6 38	21
6 40	3
6 41	12
6 42	46
6 43	37
6 44	33
6 45	5
6 46	19
6 48	47
6 49	10
7 0	47
7 1	34
7 4	13
7 5	32
7 6	41
7 7	45
7 8	40
7 9	6
7 10	2
7 11	48
7 12	36
7 13	37
7 14	28
7 15	42
7 17	1
7 18	4
7 19	0
7 20	11
7 22	31
7 24	27
7 25	16
7 26	30
7 27	46
7 28	10
7 29	49
7 30	14
7 31	7
7 33	5
7 34	18
7 35	23
7 37	12
7 38	19
7 39	3
7 41	8
7 42	15
7 44	21
7 45	39
7 46	25
7 47	43
7 48	20
7 49	38
8 1	30
8 2	26
8 6	14
8 7	42
8 8	44
8 9	12
8 12	34
8 14	29
8 15	16
8 17	4
8 20	23
8 21	27
8 22	1
8 23	6
8 24	8
8 29	47
8 30	31
8 31	36
8 32	45
8 33	37
8 35	46
8 37	43
8 38	7
8 40	48
8 41	25
8 42	17
8 44	41
8 45	32
8 46	28
8 47	22
8 48	9
8 49	15
9 0	15
9 1	4
9 5	42
9 11	14
9 12	12
9 13	43
9 14	17
9 15	18
9 16	25
9 17	28
9 19	19
9 20	40
9 22	5
9 23	34
9 24	0
9 25	33
9 26	37
9 28	45
9 29	8
9 30	1
9 31	41
9 32	44
9 33	30
9 34	36
9 35	7
9 36	31
9 38	13
9 39	47
9 41	29
9 43	2
9 44	32
9 45	11
9 46	9
9 47	38
9 48	49
10 0	23
10 1	49
10 2	4
10 3	46
10 5	48
10 6	12
10 7	7
10 9	35
10 11	17
10 12	0
10 14	42
10 15	5
10 17	39
10 18	10
10 19	37
10 20	31
10 21	33
10 23	44
10 24	47
10 26	18
10 29	6
10 30	15
10 31	20
10 32	13
10 36	45
10 37	30
10 38	34
10 39	21
10 40	27
10 41	1
10 42	19
10 43	36
10 44	28
10 46	8
10 47	24
10 48	16
11 0	22
11 2	33
11 5	19
11 7	44
11 8	39
11 9	14
11 11	32
11 13	17
11 14	23
11 15	29
11 16	15
11 17	24
11 18	27
11 19	1
11 22	41
11 23	31
11 25	8
11 27	28
11 29	37
11 30	49
11 31	18
11 35	34
11 37	5
11 39	25
11 40	46
11 41	35
11 43	9
11 45	13
11 46	16
11 47	20
11 49	21
12 2	12
12 7	28
12 8	37
12 9	17
12 10	26
12 13	49
12 14	4
12 15	7
12 16	1
12 17	5
12 18	31
12 19	16
12 20	3
12 21	18
12 22	44
12 23	40
12 24	24
12 25	23
12 26	35
12 27	6
12 28	47
12 33	19
12 36	46
12 37	36
12 39	34
12 40	32
12 41	14
12 42	10
12 43	39
12 44	48
12 45	20
12 46	45
12 47	0
12 48	8
12 49	30
13 1	25
13 2	16
13 4	3
13 5	4
13 7	41
13 8	32
13 10	24
13 11	39
13 12	5
13 13	31
13 14	11
13 15	15
13 16	45
13 17	9
13 18	18
13 19	22
13 20	17
13 21	30
13 23	20
13 24	26
13 25	34
13 26	47
13 28	48
13 29	12
13 31	2
13 32	7
13 33	35
13 34	49
13 40	36
13 41	33
13 44	40
13 46	6
13 47	42
13 48	46
13 49	19
14 1	41
14 5	8
14 6	27
14 7	33
14 8	6
14 9	16
14 10	46
14 11	4
14 12	44
14 13	9
14 14	24
14 15	1
14 17	35
14 18	48
14 20	7
14 21	12
14 23	30
14 26	39
14 29	22
14 31	43
14 34	13
14 35	18
14 37	34
14 38	0
14 39	36
14 40	2
14 41	17
14 43	14
14 44	29
14 45	28
14 46	26
14 47	45
14 48	5
15 1	16
15 2	13
15 5	14
15 7	21
15 8	47
15 9	18
15 10	22
15 11	37
15 12	33
15 13	38
15 14	15
15 15	20
15 16	12
15 18	9
15 19	29
15 20	19
15 21	31
15 23	0
15 24	2
15 25	17
15 26	24
15 27	39
15 31	10
15 34	8
15 35	35
15 36	34
15 37	25
15 40	40
15 42	49
15 43	28
15 44	46
15 45	7
15 47	26
15 48	27
16 0	29
16 1	5
16 3	43
16 6	34
16 7	37
16 9	11
16 10	8
16 11	35
16 12	25
16 13	21
16 15	28
16 17	44
16 18	39
16 19	12
16 20	14
16 21	15
16 22	26
16 23	33
16 24	9
16 25	40
16 26	48
16 27	3
16 28	7
16 30	19
16 31	46
16 33	42
16 34	24
16 35	47
16 36	16
16 37	45
16 41	0
16 42	31
16 44	27
16 45	36
16 46	10
16 48	4
16 49	6
17 1	24
17 6	10
17 7	14
17 8	22
17 9	4
17 10	16
17 11	1
17 12	47
17 14	25
17 15	49
17 16	6
17 18	44
17 19	36
17 20	45
17 21	29
17 22	48
17 23	23
17 24	37
17 25	43
17 26	2
17 28	21
17 32	39
17 34	46
17 35	28
17 36	26
17 37	17
17 39	19
17 42	20
17 43	32
17 46	7
17 47	41
17 48	30
17 49	18
18 1	38
18 3	35
18 5	27
18 9	0
18 10	12
18 11	30
18 12	21
18 13	41
18 14	47
18 16	44
18 17	25
18 18	29
18 19	20
18 21	23
18 22	36
18 23	11
18 24	32
18 25	15
18 27	4
18 28	9
18 29	24
18 30	48
18 31	8
18 34	19
18 35	16
18 36	43
18 37	33
18 38	2
18 39	37
18 40	1
18 41	46
18 42	18
18 45	10
18 46	14
18 48	28
18 49	3
19 0	10
19 1	40
19 2	46
19 3	0
19 4	5
19 8	26
19 10	7
19 11	28
19 12	29
19 13	30
19 14	3
19 16	36
19 17	47
19 18	49
19 19	35
19 21	34
19 22	25
19 23	8
19 25	22
19 26	6
19 27	48
19 28	19
19 30	42
19 31	37
19 32	38
19 33	16
19 34	1
19 35	2
19 36	32
19 37	14
19 38	23
19 40	39
19 41	27
19 43	20
19 45	31
19 46	11
19 47	18
19 48	21
19 49	12
20 0	39
20 3	34
20 4	4
20 5	6
20 8	7
20 11	47
20 12	49
20 14	46
20 15	30
20 16	11
20 17	32
20 18	15
20 20	29
20 21	40
20 22	42
20 23	37
20 24	31
20 26	0
20 27	21
20 28	35
20 30	41
20 32	36
20 33	2
20 35	12
20 36	19
20 37	23
20 38	9
20 39	14
20 40	44
20 41	20
20 43	33
20 44	25
20 46	3
20 47	27
20 48	18
20 49	16
21 1	14
21 2	43
21 4	0
21 5	25
21 6	42
21 8	35
21 9	47
21 10	39
21 11	11
21 12	24
21 14	2
21 16	46
21 17	45
21 19	28
21 20	20
21 21	17
21 22	15
21 23	49
21 25	12
21 27	29
21 28	4
21 30	5
21 32	48
21 35	19
21 36	44
21 37	37
21 38	6
21 39	13
21 41	18
21 43	3
21 44	10
21 45	30
21 48	40
22 4	16
22 7	49
22 9	34
22 11	19
22 12	2
22 13	27
22 14	14
22 15	13
22 16	23
22 17	48
22 18	35
22 19	4
22 20	18
22 21	20
22 22	21
22 23	32
22 24	7
22 25	41
22 26	25
22 28	12
22 29	28
22 30	26
22 31	47
22 32	17
22 33	3
22 34	10
22 35	30
22 36	29
22 37	24
22 38	45
22 39	1
22 41	22
22 42	40
22 44	42
22 47	33
23 0	7
23 1	17
23 3	27
23 5	38
23 8	46
23 10	40
23 11	20
23 12	3
23 13	19
23 14	12
23 15	6
23 16	4
23 18	8
23 19	25
23 22	37
23 23	26
23 25	44
23 26	32
23 29	10
23 30	30
23 32	22
23 33	0
23 34	45
23 35	11
23 37	9
23 40	23
23 41	16
23 42	13
23 43	1
23 44	36
23 45	21
23 46	31
23 48	2
23 49	14
24 1	21
24 2	39
24 4	17
24 5	12
24 6	30
24 8	29
24 10	1
24 11	15
24 14	16
24 16	35
24 17	49
24 18	26
24 19	7
24 20	24
24 22	32
24 23	18
24 24	10
24 26	34
24 27	0
24 29	41
24 30	46
24 32	47
24 33	40
24 35	14
24 36	5
24 37	2
24 38	20
24 39	31
24 40	42
24 42	43
24 43	25
24 47	44
24 48	48
24 49	8
25 1	0
25 2	1
25 3	33
25 4	2
25 5	46
25 6	31
25 7	12
25 8	3
25 9	7
25 10	13
25 12	22
25 13	20
25 14	38
25 17	18
25 18	47
25 19	42
25 20	10
25 22	24
25 23	9
25 24	30
25 25	25
25 27	26
25 28	23
25 29	16
25 32	19
25 36	21
25 38	39
25 39	8
25 43	43
25 44	5
25 45	35
25 48	44
25 49	45
26 0	8
26 1	2
26 3	24
26 4	34
26 5	37
26 6	9
26 7	3
26 8	36
26 9	42
26 13	23
26 14	0
26 15	27
26 16	17
26 17	31
26 19	48
26 20	41
26 21	46
26 23	13
26 24	21
26 27	32
26 28	49
26 29	38
26 30	45
26 33	29
26 35	22
26 36	39
26 39	20
26 40	11
26 43	16
26 45	26
26 46	1
26 49	40
27 2	7
27 3	19
27 4	30
27 5	29
27 6	6
27 7	46
27 8	42
27 9	8
27 10	49
27 11	45
27 12	18
27 15	35
27 16	33
27 17	21
27 18	41
27 20	28
27 22	20
27 25	39
27 26	22
27 27	1
27 28	38
27 29	9
27 31	25
27 32	5
27 33	24
27 35	31
27 36	37
27 37	32
27 38	3
27 39	2
27 41	11
27 42	48
27 43	4
27 44	17
27 46	12
27 47	47
28 0	30
28 1	37
28 2	9
28 3	5
28 4	42
28 5	21
28 7	48
28 8	45
28 9	36
28 10	19
28 11	18
28 13	28
28 14	44
28 15	41
28 17	46
28 18	14
28 20	34
28 22	13
28 23	10
28 25	26
28 26	17
28 29	7
28 30	22
28 31	40
28 33	20
28 34	35
28 35	1
28 37	15
28 38	31
28 40	12
28 41	43
28 43	29
28 44	24
28 45	3
28 46	39
28 48	6
28 49	2
29 0	9
29 2	24
29 3	18
29 4	19
29 5	40
29 7	13
29 9	31
29 10	4
29 13	44
29 14	32
29 16	7
29 18	2
29 19	8
29 20	47
29 21	25
29 22	49
29 24	3
29 25	27
29 26	45
29 27	38
29 28	28
29 29	36
29 30	21
29 31	6
29 33	12
29 34	0
29 36	17
29 37	16
29 39	29
29 41	30
29 44	26
29 45	43
29 46	15
29 47	11
30 1	12
30 2	25
30 3	8
30 4	38
30 6	7
30 7	0
30 8	31
30 11	3
30 12	27
30 14	19
30 15	11
30 16	47
30 17	22
30 18	42
30 20	32
30 23	48
30 25	14
30 26	29
30 27	30
30 28	40
30 29	20
30 30	24
30 31	49
30 32	37
30 33	4
30 34	9
30 35	21
30 36	41
30 37	6
30 39	17
30 40	28
30 41	23
30 43	45
30 44	43
30 46	33
30 48	13
31 0	32
31 1	11
31 3	28
31 5	3
31 6	8
31 7	18
31 8	16
31 10	6
31 11	31
31 14	7
31 15	43
31 16	48
31 17	37
31 18	36
31 19	21
31 20	44
31 21	39
31 22	23
31 24	29
31 25	47
31 26	4
31 27	12
31 28	17
31 29	40
31 31	27
31 36	30
31 37	1
31 38	14
31 40	19
31 44	35
31 45	42
31 47	9
31 48	33
31 49	49
32 2	32
32 3	45
32 4	33
32 9	43
32 10	25
32 11	42
32 13	0
32 15	24
32 16	40
32 20	13
32 21	44
32 22	30
32 24	14
32 25	36
32 26	3
32 27	27
32 28	22
32 30	16
32 31	17
32 32	12
32 33	23
32 35	20
32 38	8
32 39	18
32 40	7
32 42	9
32 44	37
32 46	46
32 47	2
32 48	29
32 49	11
33 0	28
33 1	39
33 2	19
33 4	10
33 5	1
33 6	36
33 7	17
33 10	47
33 12	11
33 14	37
33 15	48
33 16	22
33 17	29
33 18	32
33 19	38
33 20	15
33 21	5
33 23	12
33 24	46
33 26	20
33 27	42
33 28	43
33 29	34
33 30	35
33 31	16
33 33	33
33 35	41
33 36	9
33 37	26
33 41	3
33 42	2
33 44	14
33 47	21
33 48	31
33 49	0
34 0	16
34 1	45
34 3	29
34 5	11
34 6	46
34 8	38
34 9	40
34 10	48
34 11	0
34 12	39
34 13	47
34 14	13
34 20	25
34 21	1
34 22	3
34 23	21
34 24	18
34 25	42
34 26	28
34 27	17
34 28	20
34 30	7
34 32	9
34 34	43
34 35	33
34 36	2
34 37	44
34 39	30
34 42	32
34 45	41
34 46	35
34 47	5
34 48	23
34 49	24
35 0	43
35 1	1
35 2	15
35 4	45
35 5	5
35 6	0
35 7	27
35 8	41
35 9	3
35 11	21
35 14	20
35 15	38
35 16	30
35 17	26
35 18	12
35 19	6
35 20	16
35 21	28
35 23	42
35 25	7
35 26	9
35 27	18
35 29	19
35 30	34
35 31	23
35 32	31
35 34	11
35 35	24
35 37	49
35 39	32
35 40	35
35 42	33
35 44	22
35 45	37
35 46	29
35 47	4
35 48	10
36 0	37
36 2	21
36 3	9
36 9	19
36 10	28
36 11	2
36 12	23
36 13	40
36 15	47
36 16	31
36 19	18
36 20	12
36 21	7
36 22	0
36 23	22
36 25	24
36 27	15
36 28	6
36 31	29
36 32	26
36 33	43
36 35	8
36 36	1
36 38	16
36 40	10
36 42	42
36 43	46
36 44	13
36 47	14
36 48	11
36 49	32
37 0	49
37 2	35
37 3	25
37 4	9
37 6	33
37 7	43
37 8	24
37 9	46
37 12	8
37 13	11
37 15	23
37 16	18
37 19	27
37 22	34
37 23	38
37 25	31
37 29	39
37 30	2
37 31	3
37 32	0
37 33	7
37 34	42
37 35	5
37 36	10
37 37	40
37 38	4
37 40	47
37 42	22
37 44	12
37 45	29
37 46	21
37 47	1
37 48	17
38 0	35
38 2	28
38 3	30
38 4	40
38 6	4
38 7	32
38 8	20
38 11	8
38 14	1
38 15	33
38 16	13
38 17	34
38 18	24
38 19	15
38 20	48
38 21	41
38 22	45
38 23	36
38 25	10
38 27	22
38 28	29
38 29	21
38 30	44
38 31	39
38 32	16
38 33	49
38 34	2
38 35	17
38 37	46
38 38	27
38 39	43
38 40	37
38 43	31
38 44	3
38 45	12
38 46	47
38 47	7
38 48	26
38 49	23
39 1	22
39 3	49
39 4	8
39 5	23
39 6	21
39 8	9
39 9	48
39 10	18
39 12	31
39 13	12
39 14	36
39 15	10
39 16	3
39 18	45
39 20	46
39 21	0
39 22	7
39 23	43
39 24	5
39 25	19
39 27	37
39 28	24
39 29	15
39 30	28
39 31	11
39 33	6
39 34	17
39 35	13
39 36	27
39 37	39
39 38	42
39 39	16
39 40	30
39 41	40
39 42	14
39 44	47
39 45	33
39 46	32
39 47	29
39 49	35
40 0	27
40 1	47
40 2	49
40 3	21
40 4	29
40 5	30
40 8	12
40 11	16
40 13	26
40 14	33
40 15	25
40 17	6
40 19	40
40 20	1
40 21	8
40 24	23
40 26	36
40 27	20
40 28	13
40 29	17
40 31	44
40 32	3
40 33	41
40 34	37
40 35	10
40 38	35
40 42	34
40 45	48
40 48	7
40 49	4
41 0	19
41 2	20
41 3	23
41 4	12
41 5	33
41 6	24
41 9	49
41 12	45
41 13	10
41 15	40
41 17	3
41 18	1
41 19	47
41 20	9
41 21	16
41 22	14
41 23	25
41 24	43
41 25	32
41 27	13
41 28	37
41 29	35
41 30	29
41 31	34
41 33	36
41 34	30
41 35	42
41 36	11
41 37	38
41 38	18
41 39	0
41 40	17
41 42	4
41 43	48
41 44	7
41 46	27
41 47	39
41 48	41
41 49	5
42 1	29
42 4	22
42 5	31
42 6	35
42 7	1
42 8	21
42 9	25
42 10	37
42 12	42
42 13	45
42 14	5
42 15	39
42 17	8
42 18	13
42 19	11
42 20	26
42 22	28
42 23	7
42 28	46
42 29	14
42 30	27
42 32	32
42 33	9
42 34	4
42 35	48
42 36	20
42 38	33
42 39	40
42 41	6
42 42	16
42 43	17
42 44	19
42 45	44
42 46	38
42 47	3
42 48	34
42 49	36
43 1	8
43 2	45
43 3	17
43 4	39
43 6	3
43 7	29
43 8	30
43 9	13
43 10	35
43 12	28
43 14	31
43 16	41
43 17	12
43 18	20
43 19	33
43 20	21
43 21	43
43 22	40
43 23	16
43 25	48
43 28	25
43 29	27
43 30	23
43 31	1
43 32	15
43 33	18
43 34	34
43 35	4
43 38	47
43 39	5
43 41	37
43 43	24
43 44	49
43 46	0
43 47	32
43 48	38
44 0	45
44 4	21
44 7	30
44 9	23
44 10	31
44 13	48
44 14	34
44 16	19
44 17	16
44 18	3
44 19	14
44 20	8
44 21	9
44 22	12
44 24	4
44 26	13
44 28	27
44 29	0
44 30	6
44 32	49
44 34	47
44 36	42
44 37	41
44 38	10
44 39	33
44 40	25
44 42	38
44 43	26
44 46	18
44 47	37
44 48	22
44 49	39
45 0	20
45 2	8
45 3	22
45 4	23
45 5	24
45 7	40
45 9	29
45 10	45
45 11	5
45 12	48
45 13	3
45 14	18
45 15	32
45 16	21
45 17	17
45 21	38
45 22	2
45 23	19
45 24	49
45 26	33
45 27	9
45 28	1
45 29	26
45 30	11
45 31	13
45 32	25
45 34	12
45 36	36
45 37	42
45 38	28
45 39	46
45 40	43
45 41	10
45 42	44
45 45	4
45 49	27
46 0	5
46 3	4
46 4	37
46 5	2
46 6	19
46 7	6
46 9	30
46 10	42
46 11	38
46 12	26
46 14	49
46 15	45
46 16	29
46 18	23
46 19	13
46 21	10
46 22	9
46 24	15
46 25	28
46 27	44
46 28	11
46 29	1
46 30	17
46 31	35
46 32	41
46 33	34
46 34	21
46 35	32
46 36	0
46 38	43
46 39	24
46 40	33
46 41	47
46 42	12
46 44	16
46 45	18
46 46	48
46 49	20
47 0	12
47 1	3
47 2	48
47 4	46
47 5	10
47 7	11
47 10	27
47 11	36
47 12	30
47 14	22
47 15	17
47 16	42
47 19	24
47 20	33
47 21	6
47 23	2
47 24	41
47 25	29
47 26	15
47 27	45
47 28	26
47 30	20
47 31	21
47 32	14
47 33	25
47 34	31
47 36	8
47 37	13
47 38	49
47 39	9
47 40	18
47 42	1
47 43	35
47 44	0
47 45	47
47 46	23
47 47	34
48 0	34
48 1	48
48 2	31
48 3	39
48 4	20
48 7	4
48 8	33
48 10	21
48 11	7
48 12	32
48 13	29
48 15	36
48 17	13
48 18	19
48 20	42
48 21	22
48 22	10
48 25	45
48 28	41
48 30	37
48 31	12
48 32	27
48 33	11
48 34	28
48 35	49
48 37	8
48 38	46
48 40	38
48 41	26
48 42	35
48 44	9
48 45	40
48 46	5
48 48	0
49 1	19
49 2	30
49 3	16
49 4	14
49 5	47
49 7	8
49 10	29
49 12	13
49 13	4
49 14	26
49 18	43
49 19	17
49 20	2
49 21	21
49 23	27
49 24	39
49 25	18
49 27	35
49 28	3
49 30	0
49 31	45
49 32	10
49 33	15
49 34	32
49 35	9
49 36	49
49 37	31
49 38	38
49 39	6
49 42	41
49 44	1
49 45	22
49 48	24
49 49	28
