50
0 3	21
0 8	20
0 10	38
0 11	26
0 12	14
0 13	46
0 14	23
0 15	11
0 16	42
0 21	22
0 22	6
0 25	10
0 30	2
0 35	35
0 45	18
1 0	38
1 2	10
1 7	14
1 11	25
1 12	37
1 16	40
1 19	46
1 25	44
1 26	17
1 30	21
1 31	29
1 32	16
1 34	13
1 38	3
1 46	33
2 0	48
2 7	19
2 8	8
2 9	30
2 12	0
2 13	26
2 19	22
2 21	9
2 24	29
2 28	28
2 29	36
2 30	37
2 33	40
2 34	16
2 36	18
2 37	44
2 39	1
2 44	45
2 45	21
3 2	15
3 4	41
3 5	35
3 16	0
3 20	38
3 24	48
3 25	27
3 35	46
3 36	6
3 41	31
3 42	23
3 43	26
3 44	47
3 48	21
4 0	45
4 5	46
4 6	10
4 7	23
4 11	7
4 12	27
4 16	48
4 18	29
4 19	39
4 25	1
4 26	16
4 27	35
4 34	31
4 36	38
4 41	11
4 46	2
4 49	24
5 0	34
5 1	24
5 4	25
5 10	14
5 11	49
5 17	4
5 18	42
5 19	6
5 24	2
5 26	39
5 29	30
5 31	27
5 35	33
5 38	38
5 45	12
5 46	21
5 47	7
6 0	37
6 2	45
6 5	49
6 6	35
6 7	30
6 8	42
6 17	1
6 19	17
6 26	22
6 30	10
6 32	0
6 34	6
6 39	16
6 41	15
6 42	34
6 44	18
6 45	32
6 49	27
7 1	45
7 3	5
7 4	37
7 6	44
7 8	13
7 11	4
7 12	3
7 17	17
7 18	9
7 22	19
7 23	29
7 27	2
7 28	34
7 29	16
7 32	27
7 37	18
7 41	48
7 49	42
8 0	24
8 7	42
8 9	0
8 12	2
8 19	21
8 24	8
8 28	10
8 29	31
8 32	36
8 36	5
8 45	15
8 49	3
9 0	28
9 1	39
9 2	0
9 3	16
9 10	9
9 14	43
9 15	31
9 18	21
9 19	8
9 23	25
9 24	35
9 25	40
9 29	20
9 34	46
9 36	24
9 46	32
9 48	36
10 1	0
10 2	44
10 9	10
10 10	32
10 15	18
10 16	21
10 17	8
10 21	25
10 24	45
10 25	31
10 26	11
10 28	6
10 32	34
10 33	37
10 34	39
10 38	35
10 46	29
11 0	22
11 6	25
11 9	4
11 11	24
11 13	39
11 14	32
11 20	11
11 21	28
11 22	37
11 25	30
11 32	48
11 36	12
11 39	18
11 40	40
11 46	17
12 5	28
12 6	19
12 8	29
12 9	7
12 13	13
12 19	40
12 20	9
12 24	18
12 28	38
12 32	32
12 33	26
12 34	17
12 42	22
12 43	36
12 49	48
13 6	31
13 8	18
13 10	0
13 13	29
13 16	24
13 20	26
13 22	34
13 29	22
13 35	48
13 40	1
13 41	37
13 46	49
14 2	4
14 8	2
14 11	23
14 12	31
14 14	42
14 15	41
14 16	13
14 24	22
14 31	0
14 36	27
14 37	33
14 40	15
14 41	7
14 43	32
15 4	48
15 9	47
15 21	46
15 25	0
15 26	1
15 27	13
15 30	17
15 43	18
15 45	19
16 4	21
16 5	26
16 9	16
16 10	45
16 13	23
16 16	3
16 19	38
16 20	30
16 22	32
16 26	9
16 30	12
16 32	1
16 35	11
16 38	49
16 39	24
16 41	35
16 48	17
17 1	18
17 5	45
17 10	23
17 11	30
17 12	46
17 18	31
17 28	17
17 29	8
17 38	1
17 39	42
17 40	49
17 41	20
17 42	43
17 43	48
17 46	47
18 2	5
18 6	8
18 9	18
18 15	0
18 17	32
18 20	36
18 21	42
18 25	41
18 29	15
18 33	19
18 34	23
18 35	25
18 36	34
19 13	10
19 15	26
19 16	32
19 20	44
19 21	17
19 23	47
19 27	34
19 33	21
19 36	14
19 45	45
19 49	29
20 2	42
20 3	34
20 5	24
20 9	15
20 10	28
20 17	44
20 18	43
20 19	1
20 22	5
20 27	47
20 28	19
20 33	32
20 39	27
20 40	36
20 43	37
20 47	39
20 48	48
21 8	30
21 12	40
21 14	22
21 16	12
21 24	10
21 30	36
21 32	42
21 33	16
21 42	13
21 43	39
21 44	14
21 45	7
22 5	9
22 7	21
22 11	42
22 15	7
22 18	25
22 20	49
22 26	46
22 28	16
22 30	18
22 31	32
22 35	22
22 40	37
22 41	30
22 44	15
22 47	12
22 48	11
23 3	18
23 4	4
23 5	0
23 11	37
23 17	19
23 20	46
23 25	11
23 30	8
23 32	21
23 33	43
23 34	35
23 35	9
23 39	3
23 41	22
23 43	5
23 45	2
23 46	24
23 48	10
24 0	2
24 6	17
24 9	35
24 13	8
24 14	38
24 15	4
24 16	18
24 18	45
24 26	19
24 27	39
24 29	48
24 32	40
24 33	49
24 36	46
24 38	24
24 39	14
24 41	47
24 44	23
24 48	12
24 49	32
25 3	40
25 4	22
25 5	27
25 18	46
25 20	3
25 24	25
25 31	11
25 34	24
25 36	8
25 41	32
25 44	41
25 48	37
26 9	20
26 11	38
26 12	42
26 13	37
26 15	21
26 18	17
26 19	48
26 20	18
26 21	5
26 22	13
26 24	11
26 25	45
26 33	15
26 36	19
26 38	43
26 40	39
26 42	32
26 48	27
27 4	32
27 9	23
27 10	13
27 16	43
27 18	12
27 21	6
27 29	45
27 34	19
27 35	24
27 40	20
27 49	14
28 2	12
28 9	24
28 14	1
28 16	46
28 26	47
28 28	13
28 29	21
28 36	4
28 38	26
28 40	30
28 41	6
28 42	36
28 45	48
28 47	40
28 48	25
29 0	49
29 4	24
29 9	31
29 10	33
29 13	30
29 17	26
29 18	1
29 19	5
29 20	27
29 21	7
29 22	12
29 28	48
29 29	32
29 31	13
29 36	22
29 37	25
29 38	39
29 43	20
29 46	6
29 47	10
29 49	19
30 9	29
30 11	40
30 12	43
30 18	26
30 25	34
30 27	4
30 28	39
30 30	30
30 31	5
30 33	28
30 41	25
30 44	22
30 45	33
30 47	15
30 49	36
31 1	12
31 2	26
31 3	9
31 6	16
31 7	18
31 9	21
31 11	43
31 14	28
31 19	34
31 22	7
31 24	46
31 26	37
31 31	36
31 32	47
31 33	10
31 34	22
31 35	30
31 37	4
31 41	44
31 48	13
31 49	6
32 0	17
32 1	46
32 4	3
32 9	25
32 36	16
32 40	10
32 41	12
32 42	6
32 43	42
32 46	15
32 47	21
33 8	26
33 11	17
33 13	28
33 14	33
33 18	36
33 24	44
33 25	22
33 28	41
33 35	39
33 37	14
33 41	40
34 9	3
34 14	12
34 15	13
34 22	10
34 24	32
34 26	25
34 34	43
34 37	45
34 41	39
34 42	37
34 44	2
35 1	23
35 8	1
35 9	34
35 10	22
35 13	3
35 14	4
35 24	7
35 27	10
35 32	9
35 33	24
35 37	35
35 38	17
35 44	26
35 45	14
35 46	8
36 1	22
36 3	36
36 9	44
36 10	20
36 11	9
36 15	25
36 20	8
36 22	23
36 25	19
36 26	14
36 27	21
36 31	26
36 40	5
36 42	49
36 46	1
36 48	33
36 49	17
37 2	35
37 4	43
37 5	4
37 9	9
37 14	8
37 17	22
37 24	14
37 25	26
37 30	44
37 32	5
37 33	36
37 34	18
37 42	11
37 45	16
37 46	30
38 1	47
38 8	28
38 11	46
38 13	44
38 17	39
38 20	31
38 21	27
38 28	29
38 37	24
38 42	21
38 44	1
38 46	19
38 49	25
39 0	14
39 3	0
39 11	5
39 12	48
39 13	45
39 19	3
39 27	25
39 28	21
39 36	36
39 38	29
39 39	15
39 40	27
39 47	31
39 48	20
40 1	44
40 2	14
40 10	16
40 12	25
40 16	10
40 19	30
40 23	24
40 24	19
40 25	2
40 26	7
40 29	3
40 34	37
40 40	17
40 43	13
40 45	4
40 46	27
41 1	2
41 9	37
41 10	48
41 11	19
41 12	8
41 14	5
41 15	27
41 17	40
41 21	30
41 30	31
41 31	1
41 32	46
41 36	26
41 42	28
41 48	6
41 49	11
42 3	37
42 5	44
42 8	15
42 11	10
42 13	42
42 17	45
42 24	26
42 25	13
42 27	3
42 29	39
42 31	49
42 34	32
42 38	7
42 39	4
42 41	9
43 1	31
43 3	38
43 5	37
43 6	45
43 8	0
43 15	35
43 26	42
43 28	43
43 30	22
43 34	5
43 39	46
43 40	33
43 45	25
43 46	4
44 3	13
44 11	48
44 18	24
44 19	47
44 22	25
44 26	44
44 29	6
44 31	9
44 35	42
44 44	20
44 46	0
45 3	46
45 6	1
45 10	3
45 14	2
45 17	23
45 23	34
45 25	36
45 31	30
45 33	39
45 40	24
45 48	44
45 49	4
46 0	43
46 1	40
46 11	8
46 13	49
46 14	3
46 20	21
46 28	22
46 31	4
46 33	13
46 34	42
46 35	16
46 37	31
46 46	11
46 49	10
47 4	39
47 8	32
47 14	7
47 25	18
47 28	33
47 32	44
47 33	47
47 38	20
47 39	13
47 40	9
47 42	46
47 43	45
47 46	40
48 1	27
48 4	47
48 7	8
48 9	5
48 11	21
48 16	26
48 18	13
48 21	31
48 25	4
48 26	35
48 31	46
48 39	11
48 43	2
48 49	22
49 1	34
49 2	24
49 3	28
49 5	1
49 9	43
49 11	32
49 14	20
49 15	15
49 16	37
49 18	23
49 20	7
49 21	33
49 24	12
49 25	25
49 26	2
49 28	31
49 29	4
49 31	10
49 42	35
49 43	46
49 46	16
49 48	14
