50
0 0	34
0 2	43
0 3	36
0 5	31
0 7	14
0 8	6
0 9	41
0 11	16
0 12	18
0 13	8
0 14	29
0 16	46
0 17	38
0 18	35
0 19	4
0 20	1
0 21	10
0 22	15
0 23	24
0 24	13
0 26	0
0 27	28
0 28	32
0 29	3
0 30	20
0 32	49
0 39	11
0 40	5
0 41	22
0 42	44
0 43	39
0 44	26
0 45	30
0 46	21
0 47	27
0 49	25
1 0	5
1 1	11
1 2	47
1 4	8
1 5	37
1 6	46
1 8	48
1 9	21
1 10	30
1 11	10
1 12	28
1 13	39
1 14	7
1 15	2
1 17	16
1 19	27
1 20	6
1 21	20
1 22	38
1 25	40
1 26	1
1 27	9
1 28	24
1 30	17
1 32	43
1 33	33
1 36	18
1 37	12
1 39	41
1 41	25
1 42	35
1 43	49
1 44	36
1 45	19
1 46	23
1 47	44
1 48	22
1 49	4
2 0	35
2 1	12
2 3	19
2 4	45
2 5	36
2 6	24
2 8	15
2 9	39
2 11	43
2 13	28
2 14	47
2 15	38
2 16	1
2 18	34
2 19	37
2 20	42
2 21	40
2 22	13
2 23	0
2 24	5
2 25	30
2 26	7
2 27	14
2 29	9
2 30	6
2 31	23
2 32	8
2 33	3
2 34	25
2 35	49
2 36	46
2 37	16
2 38	26
2 39	31
2 40	18
2 42	21
2 43	33
2 44	2
2 45	10
2 46	22
2 47	17
2 48	27
3 0	11
3 1	33
3 5	14
3 6	35
3 8	2
3 9	16
3 10	29
3 11	6
3 12	46
3 14	20
3 15	27
3 16	30
3 17	42
3 18	1
3 19	31
3 20	4
3 21	41
3 22	3
3 23	13
3 24	26
3 25	49
3 26	45
3 27	15
3 28	18
3 29	47
3 30	25
3 31	10
3 32	7
3 33	23
3 34	21
3 36	43
3 38	22
3 39	32
3 42	24
3 44	38
3 45	17
3 46	44
3 47	39
3 48	28
3 49	36
4 0	36
4 1	40
4 3	42
4 4	48
4 6	34
4 8	30
4 9	14
4 10	37
4 11	11
4 12	12
4 13	4
4 14	27
4 16	23
4 17	43
4 18	49
4 19	3
4 21	26
4 22	46
4 25	45
4 26	39
4 27	20
4 29	44
4 30	10
4 31	5
4 33	0
4 34	29
4 36	35
4 37	7
4 38	38
4 41	2
4 42	9
4 43	16
4 44	47
4 45	24
4 46	25
4 47	28
4 48	17
4 49	6
5 1	20
5 3	26
5 4	3
5 5	13
5 8	7
5 9	45
5 10	43
5 11	31
5 12	34
5 13	14
5 15	49
5 16	33
5 18	8
5 19	40
5 20	5
5 21	21
5 22	18
5 23	12
5 24	16
5 25	11
5 27	41
5 28	38
5 29	23
5 30	15
5 31	17
5 32	47
5 33	9
5 34	27
5 35	19
5 36	22
5 37	10
5 38	39
5 39	4
5 41	48
5 43	28
5 44	30
5 45	32
5 46	24
5 47	6
5 49	46
6 0	0
6 1	6
6 2	32
6 3	47
6 4	30
6 5	22
6 6	31
6 8	17
6 9	1
6 10	35
6 11	21
6 14	10
6 15	23
6 16	36
6 17	4
6 18	25
6 20	9
6 21	29
6 22	12
6 23	15
6 24	48
6 25	16
6 26	40
6 27	43
6 28	2
6 29	38
6 30	41
6 32	37
6 33	20
6 34	5
6 35	7
6 36	45
6 39	34
6 40	11
6 42	13
6 43	46
6 44	27
6 46	28
6 48	24
6 49	26
7 0	2
7 2	7
7 3	28
7 6	3
7 7	34
7 8	14
7 9	22
7 10	24
7 11	45
7 12	15
7 13	5
7 14	19
7 16	38
7 17	44
7 18	18
7 19	13
7 20	11
7 21	23
7 22	49
7 23	20
7 24	1
7 25	6
7 26	32
7 27	25
7 28	8
7 29	48
7 30	29
7 32	46
7 33	27
7 36	42
7 37	0
7 38	12
7 39	47
7 40	9
7 42	16
7 43	10
7 44	41
7 45	40
7 46	30
7 47	4
7 49	31
8 0	46
8 1	17
8 2	39
8 5	32
8 6	25
8 7	10
8 8	47
8 10	5
8 11	0
8 12	31
8 13	24
8 14	44
8 15	9
8 16	11
8 17	14
8 18	15
8 19	1
8 20	28
8 21	8
8 22	29
8 23	2
8 24	36
8 25	38
8 27	33
8 28	4
8 29	22
8 30	13
8 31	45
8 32	42
8 33	48
8 34	6
8 35	43
8 37	34
8 39	7
8 41	49
8 42	23
8 44	19
8 45	18
8 46	16
8 49	12
9 0	4
9 1	9
9 2	14
9 3	2
9 5	30
9 6	39
9 8	33
9 9	49
9 11	47
9 12	36
9 14	32
9 15	37
9 16	48
9 17	25
9 19	34
9 20	7
9 23	28
9 24	15
9 25	17
9 26	24
9 27	10
9 29	18
9 30	12
9 31	16
9 32	35
9 33	44
9 34	40
9 35	1
9 36	21
9 39	29
9 40	6
9 41	46
9 42	26
9 43	42
9 44	0
9 46	45
9 47	43
9 49	11
10 0	41
10 2	49
10 3	15
10 5	7
10 7	19
10 9	13
10 11	30
10 12	2
10 15	25
10 16	35
10 17	8
10 18	42
10 19	24
10 20	33
10 21	6
10 23	17
10 24	11
10 25	44
10 27	48
10 28	37
10 29	28
10 31	39
10 32	12
10 33	31
10 34	26
10 35	5
10 36	4
10 37	3
10 38	34
10 39	16
10 40	1
10 41	14
10 42	40
10 44	46
10 45	43
10 46	38
10 47	22
10 48	9
10 49	20
11 0	3
11 1	34
11 2	29
11 3	33
11 4	37
11 5	23
11 6	21
11 7	49
11 8	5
11 9	8
11 12	44
11 13	43
11 14	30
11 15	28
11 16	32
11 17	6
11 18	9
11 19	39
11 21	38
11 22	40
11 23	46
11 24	4
11 25	31
11 26	35
11 27	16
11 28	17
11 30	2
11 31	7
11 32	36
11 33	11
11 35	18
11 36	13
11 37	26
11 38	20
11 39	25
11 40	45
11 41	1
11 42	19
11 43	22
11 44	10
11 45	47
11 46	14
11 47	48
11 48	42
11 49	15
12 0	28
12 1	13
12 3	39
12 4	38
12 5	19
12 6	7
12 7	35
12 8	44
12 9	0
12 10	22
12 11	25
12 12	20
12 13	21
12 14	15
12 16	27
12 17	45
12 19	8
12 20	26
12 22	37
12 23	47
12 24	46
12 26	9
12 27	40
12 28	30
12 29	16
12 30	33
12 32	3
12 33	14
12 35	10
12 37	17
12 38	6
12 39	49
12 40	34
12 41	36
12 42	4
12 43	2
12 44	42
12 45	29
12 46	5
12 47	12
12 48	31
12 49	1
13 0	43
13 1	49
13 2	21
13 3	23
13 4	2
13 5	12
13 6	1
13 7	16
13 8	9
13 9	36
13 10	13
13 12	47
13 13	48
13 14	22
13 15	11
13 16	18
13 17	20
13 19	10
13 20	30
13 21	14
13 22	44
13 23	19
13 24	32
13 25	34
13 27	31
13 28	5
13 29	33
13 30	37
13 31	24
13 32	26
13 33	29
13 34	41
13 35	46
13 37	39
13 38	45
13 39	6
13 40	42
13 41	4
13 42	28
13 43	27
13 44	17
13 45	0
13 46	15
13 47	40
13 48	25
13 49	3
14 0	33
14 1	22
14 2	37
14 3	3
14 4	41
14 5	39
14 6	15
14 7	24
14 8	4
14 9	47
14 10	46
14 11	23
14 12	16
14 13	34
14 14	38
14 15	7
14 16	8
14 17	29
14 18	0
14 19	17
14 20	12
14 21	18
14 22	27
14 23	21
14 25	1
14 26	30
14 27	42
14 29	49
14 30	11
14 31	28
14 32	13
14 34	43
14 35	6
14 36	48
14 37	32
14 38	25
14 39	10
14 40	14
14 42	31
14 43	9
14 45	35
14 46	26
14 48	2
14 49	19
15 1	46
15 2	9
15 3	25
15 5	10
15 6	26
15 7	32
15 9	27
15 10	33
15 11	17
15 12	30
15 13	49
15 14	6
15 16	5
15 17	40
15 18	44
15 21	28
15 22	1
15 23	18
15 24	14
15 25	0
15 26	22
15 27	13
15 29	7
15 31	43
15 32	38
15 34	4
15 36	23
15 37	48
15 38	36
15 39	2
15 40	31
15 42	37
15 43	47
15 44	20
15 45	12
15 46	8
15 47	15
15 48	34
15 49	21
16 0	31
16 1	3
16 3	5
16 4	12
16 5	8
16 7	2
16 8	45
16 9	9
16 10	26
16 11	1
16 12	11
16 13	16
16 14	18
16 16	21
16 17	13
16 18	29
16 19	15
16 20	19
16 21	36
16 22	20
16 24	47
16 25	39
16 26	34
16 27	35
16 29	4
16 30	27
16 31	48
16 33	38
16 34	30
16 35	41
16 38	24
16 39	40
16 40	17
16 43	14
16 44	23
16 45	22
16 46	49
16 47	7
17 0	30
17 1	41
17 2	13
17 3	0
17 4	28
17 5	17
17 7	27
17 8	38
17 9	6
17 11	5
17 12	24
17 13	44
17 14	39
17 15	14
17 16	16
17 17	36
17 18	20
17 20	40
17 21	4
17 22	10
17 23	8
17 25	46
17 26	48
17 27	2
17 29	37
17 31	25
17 32	22
17 33	43
17 34	3
17 35	45
17 37	21
17 38	9
17 39	12
17 41	31
17 42	7
17 43	15
17 44	11
17 45	23
17 46	32
17 48	1
17 49	33
18 0	13
18 1	29
18 2	36
18 3	18
18 4	25
18 5	40
18 6	32
18 7	1
18 8	34
18 9	5
18 11	9
18 12	41
18 13	31
18 14	24
18 15	3
18 16	49
18 17	22
18 18	4
18 19	38
18 20	44
18 21	37
18 23	48
18 24	20
18 25	42
18 27	19
18 29	27
18 30	23
18 31	21
18 32	17
18 33	10
18 34	28
18 35	16
18 36	6
18 37	35
18 38	47
18 39	8
18 40	43
18 41	30
18 42	33
18 44	14
18 45	7
18 46	0
18 47	46
18 48	15
18 49	2
19 0	14
19 1	16
19 2	40
19 3	7
19 4	44
19 5	34
19 6	18
19 7	12
19 8	11
19 9	4
19 10	47
19 11	26
19 12	27
19 13	13
19 14	21
19 15	17
19 16	0
19 17	37
19 19	19
19 20	48
19 21	2
19 22	30
19 24	49
19 26	8
19 27	5
19 28	15
19 29	35
19 30	38
19 31	6
19 32	20
19 34	33
19 35	31
19 36	9
19 37	1
19 38	42
19 39	23
19 40	25
19 42	41
19 43	32
19 44	22
19 45	28
19 46	36
19 47	45
19 48	3
19 49	43
20 2	38
20 3	48
20 4	29
20 5	6
20 6	0
20 7	23
20 8	19
20 9	32
20 10	44
20 11	14
20 12	35
20 13	10
20 14	25
20 15	4
20 16	34
20 17	46
20 18	17
20 21	15
20 22	47
20 23	31
20 24	28
20 25	12
20 26	33
20 27	30
20 28	42
20 30	5
20 31	37
20 32	16
20 33	26
20 34	49
20 35	20
20 36	3
20 37	22
20 38	11
20 39	9
20 40	27
20 41	13
20 43	41
20 44	43
20 45	45
20 46	18
20 47	36
20 48	7
21 0	32
21 1	25
21 3	31
21 4	10
21 5	21
21 6	5
21 7	28
21 8	23
21 9	19
21 10	1
21 11	15
21 13	6
21 14	9
21 16	26
21 17	7
21 18	47
21 19	0
21 20	34
21 21	27
21 22	45
21 23	36
21 24	30
21 25	18
21 26	20
21 28	40
21 29	2
21 31	38
21 33	4
21 35	14
21 36	39
21 39	13
21 40	46
21 41	42
21 42	49
21 44	24
21 45	48
21 46	35
21 48	43
22 1	27
22 2	45
22 3	11
22 4	24
22 5	20
22 6	33
22 10	39
22 11	40
22 12	8
22 13	0
22 14	36
22 15	46
22 16	43
22 17	9
22 18	16
22 19	32
22 20	38
22 21	12
22 23	44
22 24	31
22 27	17
22 28	28
22 29	34
22 30	48
22 31	22
22 32	41
22 33	21
22 34	19
22 35	15
22 36	47
22 37	2
22 38	10
22 39	1
22 40	37
22 41	18
22 42	3
22 43	13
22 44	49
22 45	5
22 46	4
22 47	25
22 48	6
22 49	23
23 0	47
23 1	28
23 2	2
23 3	6
23 4	46
23 5	9
23 6	23
23 7	33
23 8	36
23 10	11
23 11	3
23 12	45
23 13	7
23 14	41
23 15	31
23 16	14
23 17	21
23 18	38
23 19	16
23 20	13
23 21	32
23 23	22
23 24	29
23 25	20
23 26	15
23 27	0
23 28	27
23 29	26
23 31	8
23 33	37
23 35	30
23 36	44
23 37	19
23 38	18
23 40	48
23 41	35
23 43	24
23 44	4
23 45	49
23 46	10
23 47	42
23 48	12
23 49	5
24 0	19
24 1	2
24 2	6
24 3	20
24 4	7
24 5	1
24 6	13
24 7	30
24 8	28
24 9	42
24 10	40
24 11	38
24 12	10
24 13	12
24 15	18
24 16	44
24 19	22
24 21	16
24 22	4
24 23	23
24 24	17
24 25	5
24 27	32
24 28	3
24 29	31
24 30	14
24 31	27
24 32	0
24 33	8
24 34	37
24 35	36
24 36	34
24 37	24
24 38	35
24 41	41
24 42	11
24 43	25
24 45	9
24 46	29
24 48	48
24 49	47
25 0	20
25 1	1
25 4	31
25 5	15
25 8	40
25 9	26
25 11	13
25 12	38
25 13	22
25 15	29
25 16	47
25 17	23
25 18	11
25 19	12
25 21	48
25 22	19
25 23	7
25 24	25
25 25	9
25 26	18
25 27	39
25 28	34
25 30	4
25 31	3
25 32	21
25 33	5
25 35	35
25 36	33
25 37	49
25 38	32
25 39	17
25 40	28
25 41	27
25 42	8
25 43	37
25 44	44
25 45	36
25 46	2
25 47	0
25 48	14
25 49	24
26 0	16
26 1	42
26 2	33
26 3	14
26 4	35
26 5	41
26 7	45
26 8	27
26 10	9
26 11	24
26 13	23
26 14	8
26 15	1
26 17	47
26 18	31
26 19	48
26 20	22
26 21	49
26 22	5
26 23	25
26 24	12
26 25	21
26 26	36
26 27	6
26 28	46
26 30	34
26 31	18
26 32	4
26 33	17
26 34	7
26 37	43
26 38	13
26 40	19
26 41	26
26 42	20
26 43	44
26 45	15
26 46	3
26 47	38
26 48	10
26 49	32
27 0	23
27 2	16
27 3	43
27 4	19
27 6	47
27 7	17
27 10	14
27 11	34
27 12	21
27 13	35
27 14	12
27 15	24
27 16	20
27 18	13
27 19	5
27 22	9
27 23	11
27 24	41
27 25	15
27 27	7
27 28	45
27 29	30
27 31	36
27 33	39
27 34	22
27 35	40
27 37	46
27 38	8
27 40	4
27 41	38
27 42	27
27 44	25
27 45	6
27 47	10
27 49	42
28 1	44
28 2	26
28 3	24
28 6	6
28 7	29
28 8	13
28 9	3
28 11	46
28 13	25
28 15	48
28 17	19
28 18	21
28 19	36
28 20	20
28 21	39
28 23	49
28 24	38
28 25	28
28 26	12
28 28	16
28 29	14
28 30	47
28 31	2
28 32	11
28 33	18
28 34	8
28 35	32
28 36	10
28 38	17
28 39	30
28 40	7
28 41	0
28 42	22
28 43	45
28 44	9
28 45	41
28 46	40
28 48	5
28 49	35
29 0	12
29 2	4
29 3	22
29 4	26
29 5	33
29 6	8
29 7	44
29 8	46
29 10	17
29 12	49
29 13	30
29 14	0
29 15	10
29 17	27
29 18	37
29 19	29
29 20	47
29 21	19
29 22	32
29 23	42
29 24	9
29 25	3
29 26	28
29 27	11
29 28	35
29 29	15
29 30	16
29 31	14
29 33	2
29 34	36
29 35	34
29 36	31
29 37	45
29 38	23
29 39	21
29 40	20
29 41	5
29 42	39
29 43	6
29 44	48
29 45	1
29 46	43
29 47	24
29 49	41
30 0	18
30 1	35
30 2	24
30 3	17
30 4	1
30 5	45
30 6	44
30 7	22
30 8	37
30 9	48
30 10	8
30 12	33
30 14	3
30 16	6
30 17	31
30 18	27
30 19	7
30 20	49
30 21	25
30 23	5
30 24	2
30 25	23
30 26	19
30 27	21
30 28	39
30 29	32
30 30	30
30 31	41
30 32	10
30 36	29
30 37	14
30 38	40
30 39	26
30 41	43
30 42	36
30 44	16
30 47	47
30 48	46
30 49	28
31 0	45
31 2	25
31 3	21
31 4	15
31 5	44
31 6	41
31 7	11
31 9	10
31 10	27
31 11	22
31 12	1
31 14	13
31 15	5
31 16	24
31 17	0
31 18	12
31 19	14
31 21	43
31 22	42
31 23	9
31 28	48
31 29	46
31 30	28
31 31	19
31 32	33
31 33	49
31 34	35
31 35	37
31 36	16
31 37	36
31 38	3
31 39	20
31 40	40
31 41	17
31 42	2
31 44	39
31 46	6
31 47	30
31 48	47
31 49	38
32 0	10
32 2	28
32 3	49
32 4	34
32 5	47
32 6	16
32 7	48
32 9	24
32 10	23
32 12	22
32 18	6
32 19	33
32 20	37
32 21	7
32 23	3
32 24	39
32 25	36
32 26	41
32 28	25
32 29	17
32 30	43
32 31	26
32 32	19
32 33	42
32 37	38
32 38	15
32 39	5
32 40	44
32 41	12
32 42	46
32 43	30
32 44	8
32 46	31
32 47	20
32 49	45
33 0	17
33 1	21
33 3	4
33 4	22
33 5	46
33 6	38
33 7	41
33 8	18
33 9	2
33 10	12
33 11	44
33 13	36
33 14	35
33 15	34
33 16	28
33 19	26
33 20	24
33 21	3
33 22	48
33 23	27
33 24	37
33 25	19
33 26	47
33 27	49
33 28	23
33 29	11
33 30	42
33 33	45
33 34	13
33 35	25
33 36	40
33 37	15
33 38	1
33 39	33
33 40	16
33 42	30
33 43	20
33 44	7
33 47	29
33 48	32
33 49	14
34 0	38
34 1	43
34 2	18
34 3	16
34 5	48
34 6	37
34 7	42
34 8	49
34 9	15
34 10	20
34 11	28
34 12	4
34 13	40
34 14	26
34 15	19
34 16	29
34 17	2
34 19	9
34 21	35
34 23	45
34 24	23
34 27	8
34 28	31
34 29	10
34 30	0
34 31	30
34 32	25
34 33	41
34 34	47
34 35	33
34 36	5
34 37	6
34 38	21
34 39	3
34 41	24
34 42	34
34 44	13
34 45	46
34 46	12
34 47	1
34 49	44
35 0	22
35 1	14
35 2	8
35 3	9
35 4	27
35 5	43
35 6	49
35 7	47
35 8	25
35 9	31
35 10	28
35 13	42
35 14	46
35 15	40
35 19	30
35 20	2
35 21	0
35 22	16
35 25	7
35 27	26
35 28	36
35 30	21
35 31	34
35 32	24
35 34	45
35 35	4
35 36	12
35 37	11
35 38	5
35 40	13
35 41	29
35 42	15
35 43	17
35 44	18
35 45	44
35 46	1
35 48	23
35 49	39
36 0	7
36 1	30
36 2	34
36 3	44
36 4	42
36 5	16
36 7	21
36 8	39
36 9	18
36 10	38
36 11	48
36 12	6
36 13	3
36 14	37
36 15	47
36 16	40
36 17	26
36 18	36
36 19	11
36 21	5
36 22	8
36 23	10
36 24	19
36 25	25
36 26	4
36 27	23
36 28	1
36 29	0
36 30	32
36 31	49
36 32	45
36 33	22
36 34	2
36 36	14
36 37	28
36 39	27
36 41	9
36 42	29
36 43	31
36 45	20
36 47	33
36 48	41
36 49	13
37 0	42
37 3	46
37 4	11
37 5	0
37 6	48
37 7	36
37 8	26
37 9	40
37 10	41
37 11	49
37 12	13
37 13	29
37 14	28
37 15	6
37 16	19
37 17	34
37 19	20
37 20	10
37 21	45
37 22	14
37 23	16
37 24	3
37 27	47
37 28	21
37 29	12
37 32	18
37 35	44
37 38	2
37 39	24
37 40	39
37 41	7
37 42	17
37 43	1
37 44	5
37 45	25
37 46	27
37 47	32
38 1	38
38 2	15
38 3	27
38 4	14
38 6	45
38 8	21
38 9	29
38 10	2
38 11	4
38 12	25
38 15	26
38 16	31
38 17	12
38 18	30
38 19	18
38 20	17
38 22	43
38 23	6
38 24	7
38 25	24
38 28	49
38 29	41
38 30	8
38 31	40
38 32	28
38 33	46
38 34	42
38 35	23
38 37	44
38 38	37
38 40	32
38 41	33
38 42	47
38 44	1
38 45	16
38 46	48
38 48	19
38 49	10
39 0	37
39 1	19
39 3	10
39 5	49
39 6	20
39 7	6
39 9	25
39 10	4
39 12	42
39 13	45
39 14	31
39 15	8
39 18	2
39 19	23
39 20	0
39 21	17
39 23	1
39 24	35
39 25	41
39 26	46
39 27	44
39 28	47
39 29	36
39 31	12
39 32	48
39 33	16
39 34	9
39 35	27
39 36	28
39 38	14
39 40	24
39 41	34
39 44	33
39 45	21
39 46	7
39 47	18
39 49	30
40 1	23
40 2	27
40 3	30
40 5	24
40 6	22
40 7	26
40 9	43
40 10	21
40 11	41
40 13	17
40 15	35
40 16	12
40 17	48
40 18	45
40 22	31
40 24	44
40 25	8
40 26	6
40 27	37
40 28	9
40 29	19
40 30	49
40 31	11
40 33	32
40 34	46
40 35	38
40 36	0
40 37	13
40 38	28
40 41	15
40 42	42
40 43	36
40 45	39
40 47	16
40 48	4
40 49	18
41 0	49
41 1	5
41 2	31
41 3	1
41 4	18
41 5	25
41 6	12
41 7	43
41 8	20
41 9	7
41 11	42
41 12	29
41 13	46
41 15	0
41 16	22
41 17	10
41 21	33
41 23	39
41 24	21
41 26	44
41 27	36
41 28	41
41 29	13
41 30	26
41 31	35
41 33	40
41 34	23
41 35	3
41 36	17
41 38	30
41 39	45
41 40	38
41 41	28
41 42	32
41 43	19
41 45	11
41 46	47
41 48	37
41 49	34
42 0	26
42 1	10
42 5	5
42 6	4
42 7	15
42 8	22
42 9	35
42 11	36
42 12	23
42 13	37
42 14	14
42 15	30
42 17	17
42 18	28
42 19	49
42 21	42
42 22	6
42 23	32
42 24	43
42 25	29
42 26	21
42 27	12
42 28	11
42 29	40
42 31	13
42 33	47
42 34	31
42 36	1
42 37	20
42 38	44
42 40	33
42 41	16
42 42	48
42 43	38
42 44	3
42 45	2
42 46	34
42 47	9
42 49	7
43 0	15
43 1	8
43 2	17
43 4	13
43 5	26
43 8	43
43 9	12
43 10	25
43 11	37
43 13	32
43 14	48
43 15	33
43 16	45
43 17	30
43 18	5
43 19	28
43 20	31
43 23	4
43 24	27
43 26	49
43 27	46
43 28	14
43 30	9
43 31	44
43 32	1
43 34	39
43 36	20
43 37	41
43 38	29
43 39	36
43 40	23
43 41	47
43 42	6
43 46	19
43 47	34
43 48	11
43 49	16
44 1	36
44 2	48
44 3	13
44 4	4
44 5	27
44 6	19
44 7	39
44 8	0
44 9	17
44 10	18
44 11	2
44 14	11
44 16	15
44 17	24
44 18	40
44 19	25
44 21	46
44 22	23
44 23	43
44 24	22
44 25	26
44 27	1
44 29	8
44 30	7
44 32	14
44 33	34
44 34	44
44 35	28
44 37	47
44 38	16
44 40	30
44 41	45
44 42	10
44 44	31
44 45	37
44 46	41
44 47	35
44 48	20
44 49	49
45 0	48
45 1	45
45 2	19
45 3	12
45 4	49
45 5	38
45 6	9
45 7	5
45 8	16
45 9	37
45 10	36
45 11	8
45 12	26
45 13	41
45 14	42
45 16	17
45 17	3
45 18	39
45 19	43
45 20	29
45 21	44
45 22	28
45 23	33
45 26	2
45 27	34
45 29	25
45 32	23
45 34	32
45 35	47
45 36	27
45 38	0
45 39	35
45 43	4
45 44	6
45 45	13
45 46	11
45 47	31
45 48	30
45 49	40
46 0	6
46 1	48
46 2	3
46 5	4
46 6	11
46 7	38
46 8	42
46 9	46
46 10	49
46 11	12
46 12	14
46 14	23
46 16	7
46 17	39
46 18	10
46 19	41
46 21	34
46 22	25
46 23	35
46 24	40
46 26	17
46 27	24
46 28	19
46 29	29
46 30	31
46 31	1
46 33	28
46 34	20
46 35	13
46 36	26
46 37	5
46 38	27
46 39	15
46 40	21
46 41	44
46 43	18
46 44	32
46 46	9
46 47	37
46 48	0
46 49	22
47 0	27
47 1	47
47 2	5
47 3	38
47 4	36
47 5	29
47 6	14
47 7	37
47 8	24
47 9	33
47 12	0
47 13	15
47 14	17
47 15	44
47 16	4
47 17	28
47 18	22
47 21	30
47 22	21
47 23	26
47 24	34
47 26	13
47 27	45
47 29	43
47 30	1
47 31	31
47 32	32
47 33	6
47 34	11
47 35	39
47 36	25
47 37	42
47 38	48
47 39	18
47 40	41
47 41	23
47 42	12
47 44	35
47 46	20
47 47	49
47 48	16
47 49	9
48 0	8
48 1	15
48 3	35
48 4	6
48 6	17
48 7	3
48 9	23
48 10	31
48 11	39
48 12	32
48 13	9
48 16	41
48 17	11
48 18	24
48 20	27
48 22	36
48 23	34
48 24	10
48 25	37
48 26	16
48 27	18
48 28	43
48 29	1
48 30	19
48 32	5
48 33	25
48 34	0
48 35	42
48 36	7
48 37	30
48 38	4
48 39	44
48 40	49
48 42	38
48 43	29
48 46	13
48 48	45
48 49	48
49 0	21
49 1	26
49 2	20
49 3	29
49 5	28
49 7	9
49 9	44
49 11	7
49 12	17
49 15	39
49 16	10
49 18	19
49 19	45
49 20	14
49 21	22
49 22	33
49 23	30
49 24	8
49 25	13
49 26	25
49 29	5
49 30	35
49 31	4
49 33	15
49 34	24
49 35	12
49 36	41
49 37	23
49 40	36
49 41	32
49 42	18
49 43	3
49 44	37
49 46	46
49 48	49
49 49	27
