50
0 0	47
0 2	30
0 6	35
0 11	5
0 17	45
0 18	15
0 21	3
0 22	37
0 23	44
0 24	12
0 25	40
0 26	24
0 28	25
0 29	19
0 36	7
0 42	28
0 43	9
1 3	7
1 5	0
1 7	10
1 10	16
1 12	2
1 13	22
1 16	49
1 18	44
1 20	31
1 27	40
1 30	18
1 34	13
1 39	36
1 41	43
1 46	34
2 0	14
2 1	3
2 2	39
2 3	36
2 9	33
2 11	23
2 13	18
2 16	38
2 19	7
2 21	8
2 23	22
2 24	25
2 28	10
2 31	35
2 33	19
2 34	20
2 35	13
2 37	44
2 40	9
2 47	17
2 48	32
3 0	40
3 4	49
3 8	12
3 10	11
3 15	38
3 22	26
3 23	36
3 26	22
3 28	16
3 29	34
3 32	25
3 44	10
3 49	13
4 0	9
4 3	45
4 5	25
4 9	26
4 10	1
4 11	30
4 14	24
4 15	16
4 20	14
4 21	2
4 25	42
4 26	40
4 28	7
4 32	33
4 33	43
4 35	20
4 40	6
4 41	31
4 44	48
4 45	28
4 47	29
4 48	41
5 1	44
5 3	42
5 4	35
5 12	37
5 13	4
5 22	1
5 27	13
5 31	31
5 33	48
5 38	22
5 40	21
5 42	43
5 43	45
6 0	5
6 2	7
6 3	20
6 8	43
6 14	40
6 15	3
6 17	10
6 18	28
6 19	30
6 23	34
6 28	33
6 29	0
6 34	48
6 36	18
6 41	29
6 42	8
6 48	36
7 6	19
7 7	17
7 11	3
7 12	15
7 22	12
7 26	27
7 32	47
7 36	9
7 39	45
7 40	38
7 45	8
7 48	7
8 2	48
8 7	9
8 15	2
8 19	29
8 20	44
8 24	20
8 28	31
8 32	8
8 37	32
8 39	34
8 41	17
8 43	23
9 2	13
9 6	48
9 15	17
9 19	21
9 20	9
9 21	14
9 28	19
9 32	31
9 37	35
9 38	40
9 42	34
9 49	1
10 11	21
10 14	30
10 21	45
10 22	34
10 26	26
10 43	31
11 0	0
11 1	38
11 3	19
11 9	48
11 15	15
11 17	40
11 18	22
11 20	27
11 25	39
11 26	2
11 30	4
11 32	10
11 41	45
11 43	1
11 46	37
11 49	30
12 1	2
12 5	13
12 12	44
12 15	45
12 17	19
12 18	18
12 21	42
12 22	46
12 26	12
12 28	40
12 30	11
12 32	21
12 33	25
12 40	34
12 41	36
12 42	37
12 43	26
12 44	7
12 46	39
12 48	16
13 2	25
13 8	31
13 10	47
13 12	27
13 14	0
13 16	39
13 17	4
13 19	8
13 24	30
13 30	43
13 31	24
13 34	7
13 37	15
13 38	1
13 40	13
13 49	22
14 2	21
14 3	11
14 10	22
14 11	25
14 18	34
14 19	5
14 21	15
14 28	38
14 32	7
14 33	0
14 34	6
14 35	39
14 36	13
14 37	8
14 39	30
14 40	17
14 47	47
15 0	42
15 1	36
15 2	9
15 8	33
15 13	12
15 14	2
15 16	40
15 18	1
15 19	0
15 27	7
15 32	41
15 36	22
15 39	10
15 41	8
16 0	25
16 7	14
16 14	31
16 17	48
16 18	16
16 19	19
16 25	12
16 26	38
16 29	39
16 30	6
16 33	5
16 36	2
16 40	8
16 42	36
16 45	7
16 47	41
16 48	13
17 1	49
17 3	12
17 5	19
17 6	42
17 7	6
17 15	14
17 18	40
17 21	23
17 22	38
17 25	28
17 26	13
17 27	48
17 30	31
17 31	0
17 34	46
17 36	33
17 39	39
17 41	10
17 42	7
17 43	11
17 47	35
17 48	44
18 3	41
18 6	31
18 8	0
18 10	5
18 18	8
18 22	10
18 30	21
18 42	42
18 44	1
18 45	33
19 3	9
19 8	16
19 11	40
19 17	1
19 18	31
19 24	42
19 32	26
19 33	13
19 39	18
19 40	24
19 43	32
19 46	7
19 48	22
20 2	11
20 12	26
20 20	0
20 21	35
20 28	9
20 30	22
20 35	10
20 40	40
20 41	19
20 42	45
20 45	49
20 46	16
21 2	31
21 10	19
21 15	47
21 17	24
21 18	13
21 24	44
21 26	29
21 27	3
21 30	37
21 38	34
21 40	27
21 44	16
21 47	7
21 49	39
22 1	30
22 7	32
22 13	7
22 16	12
22 18	17
22 22	43
22 25	2
22 32	20
22 33	23
22 36	45
22 37	37
22 43	34
23 0	20
23 3	37
23 8	29
23 12	10
23 14	39
23 19	43
23 21	0
23 25	19
23 33	1
23 38	7
23 41	15
23 43	6
23 45	31
24 1	19
24 3	47
24 9	18
24 19	2
24 20	8
24 22	33
24 23	4
24 24	38
24 25	5
24 28	11
24 33	32
24 35	14
24 38	16
24 40	48
24 48	9
25 2	6
25 6	3
25 10	31
25 22	49
25 28	29
25 29	35
25 30	42
25 31	8
25 33	26
25 34	15
25 41	30
25 43	4
25 49	20
26 1	41
26 2	32
26 3	46
26 7	4
26 10	38
26 22	27
26 25	43
26 28	49
26 30	25
26 31	10
26 32	34
26 33	45
26 34	17
26 42	22
26 43	19
26 48	29
27 0	34
27 1	17
27 3	26
27 16	29
27 21	13
27 24	39
27 28	23
27 31	7
27 32	22
27 38	25
27 42	21
27 47	19
28 1	33
28 2	29
28 9	23
28 15	34
28 16	42
28 17	9
28 24	49
28 32	48
28 33	14
28 35	6
28 37	17
28 38	12
28 39	0
28 40	46
28 48	24
29 4	36
29 7	43
29 10	21
29 11	10
29 12	40
29 20	39
29 21	34
29 25	32
29 29	11
29 32	9
29 39	7
29 40	26
29 41	28
29 42	0
29 44	30
29 45	4
29 48	27
30 3	49
30 8	22
30 12	30
30 16	25
30 17	32
30 18	20
30 24	36
30 30	9
30 31	43
30 32	46
30 33	42
30 35	47
30 36	38
30 45	41
30 47	2
31 1	29
31 3	39
31 4	19
31 8	15
31 9	28
31 10	30
31 11	48
31 17	16
31 20	3
31 28	42
31 32	32
31 35	25
31 38	49
31 46	31
31 47	21
31 49	41
32 1	7
32 2	37
32 3	30
32 8	8
32 9	1
32 12	14
32 13	32
32 16	18
32 17	15
32 22	23
32 27	6
32 28	27
32 29	31
32 42	4
32 43	39
32 47	49
33 1	34
33 6	23
33 9	21
33 13	29
33 16	22
33 17	20
33 19	13
33 20	41
33 22	4
33 26	9
33 29	7
33 30	39
33 31	5
33 39	42
33 41	40
33 42	48
33 45	25
33 48	15
33 49	31
34 1	39
34 5	4
34 10	18
34 14	7
34 19	6
34 21	21
34 24	35
34 30	36
34 36	28
34 42	19
34 46	47
35 5	16
35 6	44
35 10	7
35 23	19
35 35	11
35 37	30
35 40	32
35 42	5
35 43	46
35 44	42
35 47	40
35 49	37
36 0	49
36 4	43
36 13	39
36 16	3
36 20	21
36 24	11
36 25	26
36 27	31
36 28	0
36 31	1
36 40	47
36 46	46
37 0	33
37 2	15
37 3	10
37 8	18
37 14	26
37 16	5
37 18	27
37 21	17
37 22	41
37 29	22
37 32	36
37 33	16
37 37	20
37 38	39
37 41	0
37 43	43
38 4	31
38 7	49
38 10	17
38 12	21
38 14	45
38 21	41
38 24	2
38 25	0
38 26	6
38 32	4
38 33	27
38 35	38
38 42	26
38 43	30
38 44	15
38 46	5
39 1	25
39 2	40
39 3	38
39 4	32
39 6	10
39 7	45
39 13	24
39 17	21
39 19	23
39 20	2
39 22	11
39 24	31
39 25	27
39 29	41
39 32	30
39 33	35
39 36	5
39 48	33
40 5	30
40 6	24
40 10	33
40 13	48
40 14	15
40 25	35
40 28	20
40 29	1
40 31	36
40 34	9
40 35	31
40 38	38
40 39	40
40 41	5
40 42	2
40 43	14
40 44	17
40 48	0
41 1	9
41 3	18
41 5	14
41 6	45
41 7	28
41 9	6
41 12	34
41 13	37
41 19	25
41 21	38
41 23	48
41 25	47
41 28	17
41 30	8
41 32	42
41 35	43
41 42	31
41 49	4
42 0	16
42 5	37
42 6	9
42 11	20
42 12	42
42 20	10
42 23	21
42 25	45
42 27	30
42 34	40
42 35	36
42 45	12
42 47	14
43 14	29
43 24	13
43 25	22
43 29	25
43 31	3
43 38	35
43 45	23
44 4	33
44 5	7
44 8	9
44 12	22
44 18	38
44 19	45
44 21	16
44 25	11
44 29	30
44 30	49
44 33	18
44 36	32
44 37	25
44 43	44
44 48	39
44 49	48
45 1	35
45 9	4
45 10	49
45 12	19
45 20	7
45 22	13
45 24	15
45 27	36
45 30	41
45 32	39
45 34	2
45 39	33
45 40	30
45 41	9
45 43	16
45 45	14
45 49	3
46 1	18
46 5	8
46 6	41
46 11	34
46 13	20
46 17	31
46 24	14
46 25	7
46 26	11
46 28	15
46 29	29
46 30	24
46 31	33
46 33	2
46 35	37
46 36	40
46 38	4
46 41	46
46 42	27
47 3	48
47 6	34
47 11	32
47 14	21
47 18	23
47 19	39
47 24	1
47 25	44
47 27	19
47 29	40
47 34	33
47 37	24
47 45	11
48 0	46
48 2	2
48 5	21
48 6	39
48 7	26
48 8	6
48 10	35
48 11	8
48 19	9
48 22	0
48 26	41
48 29	44
48 32	23
48 37	40
48 39	17
48 41	24
48 42	38
49 6	25
49 8	35
49 10	32
49 12	11
49 14	4
49 15	24
49 16	6
49 18	46
49 23	1
49 24	48
49 25	36
49 27	18
49 32	37
49 39	28
49 42	33
49 43	7
49 45	47
