50
0 3	13
0 5	47
0 6	8
0 9	3
0 10	37
0 11	10
0 14	2
0 20	27
0 22	26
0 23	36
0 24	25
0 25	1
0 28	5
0 29	18
0 30	23
0 34	22
0 35	28
0 39	45
0 41	19
0 46	33
0 47	39
1 4	11
1 5	12
1 9	2
1 18	16
1 21	6
1 25	28
1 35	32
1 37	21
1 39	36
1 45	45
1 46	41
1 49	18
2 2	10
2 3	23
2 9	48
2 11	22
2 19	31
2 24	42
2 28	40
2 29	32
2 32	41
2 33	1
2 38	13
2 43	21
2 49	29
3 3	44
3 6	48
3 9	28
3 10	19
3 11	17
3 13	10
3 20	31
3 21	5
3 24	12
3 25	25
3 30	27
3 32	21
3 33	32
3 36	4
3 38	33
3 41	9
3 45	14
4 1	36
4 2	1
4 3	47
4 5	31
4 8	26
4 12	7
4 13	16
4 14	6
4 15	0
4 17	18
4 18	40
4 22	32
4 24	15
4 29	21
4 32	24
4 34	12
4 45	4
4 46	5
5 2	18
5 4	6
5 10	48
5 11	3
5 21	20
5 23	7
5 24	33
5 34	16
5 35	41
5 37	2
5 40	12
5 41	35
5 43	31
5 44	42
6 5	21
6 6	40
6 13	17
6 15	32
6 17	24
6 18	41
6 20	2
6 26	48
6 28	44
6 29	45
6 30	4
6 31	9
6 36	35
6 41	20
6 43	14
6 49	15
7 1	30
7 2	12
7 4	25
7 5	9
7 7	24
7 10	21
7 11	37
7 12	0
7 15	19
7 26	35
7 27	46
7 29	39
7 36	40
7 37	20
7 38	34
7 40	48
7 41	33
7 47	44
7 49	28
8 0	3
8 24	4
8 25	42
8 29	30
8 30	29
8 31	28
8 44	21
8 45	16
8 47	48
9 1	12
9 4	3
9 6	13
9 7	39
9 9	40
9 17	10
9 19	46
9 21	33
9 26	21
9 30	28
9 34	8
9 35	31
9 37	44
9 39	22
9 40	29
9 43	18
9 47	34
9 48	11
9 49	17
10 6	35
10 9	10
10 13	23
10 16	32
10 19	19
10 22	43
10 27	9
10 30	47
10 33	29
10 36	12
10 41	36
10 42	14
11 6	27
11 11	13
11 13	33
11 16	29
11 17	32
11 18	23
11 21	35
11 24	49
11 27	15
11 38	0
11 39	25
11 41	6
11 42	12
11 48	1
11 49	44
12 5	40
12 12	15
12 13	43
12 17	33
12 19	36
12 22	13
12 23	9
12 28	45
12 31	19
12 32	49
12 35	6
12 37	5
12 41	32
12 42	7
12 46	25
13 0	18
13 3	7
13 5	8
13 7	1
13 14	40
13 23	23
13 27	36
13 29	12
13 32	19
13 42	11
14 3	2
14 4	4
14 5	24
14 8	39
14 22	29
14 25	44
14 26	47
14 36	26
14 39	35
14 41	42
14 42	15
14 46	23
14 47	33
14 48	46
15 0	42
15 1	49
15 3	18
15 4	33
15 6	5
15 8	29
15 12	9
15 19	30
15 20	12
15 24	37
15 30	1
15 32	2
15 33	13
15 46	36
15 48	3
15 49	6
16 0	19
16 8	1
16 11	2
16 13	36
16 18	7
16 20	32
16 24	14
16 27	38
16 28	21
16 30	45
16 32	5
16 34	28
16 35	42
16 37	48
16 41	46
16 42	27
16 45	12
16 46	0
16 49	4
17 2	5
17 7	47
17 9	20
17 10	12
17 13	28
17 18	11
17 19	33
17 21	7
17 22	2
17 25	0
17 29	36
17 30	34
17 31	48
17 34	32
17 36	14
17 40	8
17 41	31
17 42	42
17 43	35
17 47	13
18 3	36
18 6	11
18 7	41
18 14	5
18 20	13
18 21	44
18 30	3
18 31	7
18 32	39
18 34	27
18 37	25
18 39	19
18 44	12
18 46	45
18 49	1
19 3	25
19 9	34
19 10	16
19 12	26
19 17	36
19 18	29
19 22	19
19 27	2
19 29	3
19 33	12
19 34	1
19 36	30
19 37	42
19 42	47
19 43	24
19 45	22
19 49	10
20 1	26
20 3	12
20 7	23
20 8	33
20 10	46
20 13	5
20 14	1
20 18	0
20 23	32
20 24	6
20 27	47
20 28	48
20 34	9
20 39	20
20 41	2
20 45	27
20 48	25
20 49	7
21 0	45
21 1	48
21 3	8
21 4	17
21 5	20
21 9	46
21 11	49
21 12	14
21 13	21
21 17	6
21 18	12
21 23	25
21 24	3
21 26	28
21 29	44
21 33	34
21 35	1
21 41	7
21 42	22
21 46	35
22 12	16
22 13	2
22 14	32
22 17	49
22 26	3
22 29	47
22 31	44
22 36	0
22 38	15
22 47	20
22 49	13
23 4	12
23 8	30
23 9	18
23 18	19
23 22	6
23 24	2
23 25	48
23 28	17
23 29	35
23 32	8
23 33	5
23 35	40
23 37	9
23 45	46
23 46	21
24 0	30
24 6	1
24 7	44
24 11	6
24 12	20
24 14	43
24 15	37
24 18	45
24 19	10
24 24	16
24 26	41
24 28	25
24 41	29
24 45	17
24 49	11
25 2	17
25 3	22
25 8	32
25 14	38
25 16	19
25 17	5
25 22	31
25 23	12
25 24	28
25 32	25
25 38	44
25 40	34
25 44	2
26 0	1
26 4	0
26 5	10
26 6	14
26 9	5
26 12	44
26 20	15
26 24	30
26 29	11
26 30	31
26 31	34
26 37	16
26 43	6
26 45	39
26 46	43
27 0	27
27 8	23
27 10	45
27 20	16
27 21	42
27 25	30
27 26	36
27 27	3
27 33	25
27 34	17
27 37	46
27 38	9
27 41	49
27 42	39
27 47	4
28 13	44
28 14	16
28 15	10
28 16	24
28 17	29
28 20	43
28 24	0
28 26	4
28 34	2
28 46	47
28 47	35
28 49	22
29 0	20
29 2	37
29 5	48
29 7	3
29 10	13
29 16	11
29 18	28
29 19	14
29 21	2
29 24	10
29 33	24
29 34	19
29 41	25
29 45	0
29 47	38
30 6	7
30 12	21
30 13	46
30 15	25
30 16	40
30 18	17
30 21	32
30 23	33
30 24	24
30 27	12
30 34	26
30 37	35
30 38	48
30 40	30
30 45	2
30 46	31
31 7	30
31 9	49
31 20	8
31 23	39
31 25	34
31 32	15
31 36	17
31 41	24
31 42	48
31 43	4
31 46	20
31 47	11
32 0	4
32 3	32
32 4	21
32 17	38
32 18	5
32 19	12
32 27	16
32 28	15
32 32	30
32 33	31
32 35	7
32 42	35
33 0	43
33 3	14
33 6	20
33 8	21
33 10	38
33 19	1
33 22	40
33 23	34
33 25	9
33 29	49
33 34	41
33 36	23
33 38	6
33 42	26
33 44	47
33 45	31
34 2	19
34 8	25
34 9	0
34 10	24
34 18	3
34 19	21
34 20	7
34 23	1
34 24	5
34 25	47
34 27	17
34 30	46
34 33	11
34 34	20
34 36	39
34 43	27
35 5	36
35 7	7
35 8	19
35 10	32
35 12	25
35 15	8
35 16	34
35 17	22
35 21	48
35 22	28
35 23	11
35 25	5
35 31	13
35 35	24
35 37	38
35 38	3
35 43	0
36 14	14
36 17	34
36 19	47
36 25	18
36 26	2
36 30	25
36 35	35
36 39	16
36 41	12
36 44	30
36 47	46
36 48	5
37 3	38
37 5	39
37 14	7
37 15	2
37 23	44
37 24	13
37 28	43
37 31	26
37 37	47
37 44	23
37 46	32
37 47	30
37 49	45
38 3	6
38 7	2
38 11	35
38 14	21
38 15	5
38 20	11
38 24	38
38 30	7
38 33	40
38 34	30
38 43	45
38 47	0
38 49	43
39 2	43
39 7	33
39 8	0
39 10	15
39 13	42
39 14	20
39 18	1
39 21	25
39 28	47
39 30	35
39 33	7
39 38	26
39 40	13
39 41	22
39 42	41
39 43	34
39 44	46
39 47	31
39 49	48
40 0	10
40 3	20
40 4	38
40 8	27
40 9	36
40 10	11
40 11	5
40 12	12
40 19	8
40 23	2
40 25	14
40 30	16
40 36	21
40 40	6
40 41	48
40 44	0
40 45	30
40 47	28
41 7	49
41 8	4
41 11	33
41 12	17
41 13	48
41 15	14
41 22	16
41 23	21
41 24	47
41 25	45
41 27	1
41 30	12
41 31	8
41 33	28
41 37	43
41 43	30
41 46	34
41 47	10
42 0	7
42 1	1
42 8	2
42 9	21
42 12	48
42 19	39
42 23	13
42 30	32
42 31	35
42 32	34
42 33	36
42 34	25
42 36	43
42 42	8
42 46	11
43 3	1
43 8	20
43 22	38
43 26	16
43 29	4
43 30	48
43 31	2
43 34	46
43 42	28
43 44	19
43 46	9
44 6	28
44 9	8
44 14	0
44 26	32
44 32	42
44 37	10
44 42	36
44 43	41
44 46	18
44 47	6
45 9	27
45 11	1
45 13	47
45 14	8
45 17	12
45 19	13
45 22	37
45 29	19
45 30	42
45 31	5
45 36	45
45 39	17
45 43	26
45 46	24
46 0	48
46 1	5
46 3	33
46 4	20
46 6	31
46 9	45
46 11	26
46 13	24
46 15	16
46 16	14
46 17	11
46 20	22
46 23	38
46 27	28
46 28	18
46 31	12
46 35	3
46 40	4
46 42	1
47 1	10
47 2	20
47 6	45
47 14	41
47 23	37
47 29	9
47 40	36
47 46	1
47 49	47
48 2	15
48 3	4
48 6	47
48 7	36
48 8	12
48 9	29
48 13	37
48 17	13
48 19	17
48 20	34
48 25	2
48 26	33
48 29	42
48 36	48
48 40	39
48 43	38
48 46	22
49 1	37
49 4	26
49 6	36
49 10	17
49 11	7
49 18	21
49 25	43
49 33	4
49 34	10
49 37	29
49 41	30
49 43	13
49 45	42
