50
0 0	17
0 2	4
0 5	36
0 10	12
0 12	23
0 15	40
0 20	42
0 23	18
0 28	2
0 30	47
0 31	11
0 33	29
0 35	22
0 36	25
0 37	8
0 39	5
0 40	38
0 42	0
0 43	19
0 47	20
0 48	21
0 49	14
1 0	24
1 1	9
1 3	47
1 4	26
1 7	16
1 10	45
1 11	13
1 12	7
1 13	2
1 15	44
1 16	15
1 18	5
1 22	10
1 33	14
1 35	35
1 42	46
2 0	2
2 1	35
2 5	33
2 11	21
2 13	12
2 15	10
2 18	16
2 19	23
2 23	1
2 26	37
2 30	38
2 32	18
2 37	25
2 38	27
2 42	29
3 2	43
3 4	6
3 10	16
3 14	36
3 16	3
3 18	25
3 19	29
3 20	41
3 21	32
3 25	7
3 27	30
3 29	5
3 30	31
3 32	42
3 34	19
3 39	38
3 42	13
3 43	15
3 44	33
3 47	47
3 49	11
4 0	37
4 5	42
4 6	0
4 7	4
4 9	6
4 10	39
4 14	12
4 15	5
4 19	16
4 21	20
4 22	32
4 23	19
4 24	7
4 26	9
4 29	31
4 33	27
4 34	28
4 37	47
4 43	33
4 44	48
5 7	15
5 8	6
5 11	28
5 14	43
5 15	14
5 16	26
5 18	7
5 21	22
5 24	9
5 26	48
5 30	42
5 32	36
5 34	49
5 35	47
5 48	4
5 49	19
6 0	38
6 5	26
6 6	23
6 11	31
6 13	8
6 17	17
6 19	36
6 22	30
6 23	0
6 24	42
6 25	40
6 28	14
6 29	33
6 30	20
6 31	24
6 32	39
6 38	15
6 42	41
6 47	11
6 48	34
7 0	35
7 1	33
7 9	21
7 12	6
7 15	36
7 16	19
7 17	25
7 18	11
7 19	47
7 20	2
7 22	38
7 24	48
7 26	31
7 27	41
7 28	37
7 30	45
7 31	30
7 32	7
7 34	3
7 36	8
7 38	44
7 43	18
7 47	13
7 48	1
8 0	46
8 12	26
8 13	9
8 15	18
8 16	36
8 21	8
8 25	3
8 34	12
8 41	15
8 43	37
8 45	43
8 46	27
8 49	44
9 3	26
9 4	31
9 5	20
9 6	47
9 8	4
9 9	30
9 11	15
9 16	27
9 18	38
9 20	48
9 22	45
9 23	43
9 27	10
9 30	3
9 33	36
9 35	14
9 37	44
9 44	8
9 45	21
9 46	29
9 48	41
10 3	36
10 5	14
10 7	27
10 8	28
10 10	15
10 11	11
10 14	48
10 16	10
10 17	12
10 23	47
10 28	30
10 34	31
10 37	42
10 38	40
10 40	46
10 44	37
10 46	34
11 2	19
11 4	47
11 5	25
11 6	40
11 7	30
11 8	11
11 10	43
11 11	46
11 13	1
11 17	0
11 19	10
11 23	31
11 24	16
11 28	36
11 29	37
11 32	44
11 34	18
11 38	24
11 40	15
11 42	27
11 44	22
11 45	41
11 46	2
11 48	38
12 0	0
12 7	33
12 8	2
12 10	37
12 13	23
12 14	11
12 18	3
12 19	39
12 21	5
12 24	21
12 29	45
12 30	16
12 35	15
12 36	22
12 38	6
12 42	26
12 43	20
12 44	47
12 45	40
12 46	32
12 49	31
13 0	7
13 1	5
13 2	2
13 4	8
13 9	24
13 12	31
13 13	49
13 16	13
13 24	20
13 25	11
13 26	1
13 29	19
13 31	29
13 33	48
13 36	32
13 38	25
13 41	43
13 42	17
13 43	26
13 45	12
13 46	42
14 0	12
14 2	28
14 7	32
14 8	29
14 10	34
14 11	45
14 12	10
14 13	24
14 17	37
14 20	44
14 21	26
14 23	36
14 29	48
14 34	23
14 37	18
14 39	49
14 40	27
14 41	6
14 43	41
14 44	30
14 45	0
15 0	19
15 3	32
15 5	47
15 6	14
15 8	3
15 11	17
15 12	13
15 13	18
15 15	39
15 16	46
15 18	23
15 20	22
15 22	44
15 23	9
15 25	5
15 28	42
15 30	34
15 31	25
15 32	30
15 37	16
15 40	21
15 43	31
15 45	1
15 46	15
15 47	33
15 48	27
15 49	36
16 0	25
16 1	12
16 2	37
16 4	27
16 5	22
16 8	41
16 15	32
16 16	8
16 17	18
16 19	1
16 23	6
16 27	11
16 29	23
16 31	14
16 32	2
16 33	42
16 37	13
16 39	15
16 41	21
16 42	4
16 43	44
16 44	39
16 46	19
16 47	35
17 0	34
17 1	16
17 4	36
17 11	48
17 12	35
17 14	32
17 19	9
17 21	21
17 22	24
17 25	27
17 26	2
17 30	25
17 32	8
17 35	30
17 37	12
17 39	14
17 40	22
17 43	42
17 46	1
17 47	49
18 5	4
18 7	14
18 14	17
18 17	31
18 18	29
18 20	30
18 22	12
18 23	23
18 24	41
18 26	6
18 28	38
18 30	44
18 31	1
18 32	28
18 33	19
18 36	15
18 39	25
18 45	9
18 47	34
19 4	2
19 5	15
19 6	36
19 10	21
19 11	30
19 14	20
19 19	19
19 20	3
19 25	6
19 26	5
19 27	49
19 28	47
19 29	44
19 32	41
19 33	25
19 35	23
19 38	9
19 39	27
19 40	40
19 42	16
19 45	29
19 48	14
19 49	22
20 5	38
20 9	37
20 10	7
20 12	14
20 13	36
20 16	1
20 19	44
20 20	25
20 21	42
20 22	4
20 25	48
20 26	18
20 29	41
20 39	11
20 40	5
20 48	45
20 49	16
21 0	14
21 1	0
21 3	48
21 4	49
21 6	37
21 8	22
21 9	19
21 11	2
21 14	26
21 15	34
21 17	27
21 20	10
21 24	44
21 25	15
21 26	47
21 31	6
21 32	11
21 36	13
21 40	30
21 42	31
21 43	28
21 47	39
22 1	24
22 4	5
22 7	39
22 8	35
22 10	19
22 11	27
22 13	10
22 16	40
22 17	8
22 19	22
22 21	45
22 22	26
22 25	21
22 28	48
22 31	13
22 32	47
22 34	33
22 36	1
22 43	9
22 45	7
22 47	3
23 0	42
23 1	37
23 2	35
23 8	7
23 9	14
23 10	25
23 11	19
23 12	30
23 14	9
23 17	6
23 18	13
23 19	8
23 20	21
23 22	17
23 25	47
23 27	28
23 28	1
23 29	38
23 35	32
23 41	46
23 42	39
23 43	27
23 44	36
23 46	48
23 49	33
24 5	19
24 7	44
24 8	37
24 9	43
24 11	42
24 12	11
24 18	26
24 19	33
24 20	47
24 21	25
24 22	14
24 24	10
24 25	8
24 28	22
24 34	1
24 40	20
24 41	30
24 43	29
24 45	16
24 47	0
25 0	15
25 2	13
25 3	49
25 4	25
25 6	26
25 7	12
25 9	22
25 11	44
25 12	21
25 14	16
25 17	24
25 18	20
25 19	43
25 20	36
25 24	6
25 29	9
25 30	14
25 32	1
25 33	34
25 35	33
25 36	37
25 37	35
25 40	4
25 41	39
25 45	46
25 46	28
25 47	29
26 1	47
26 6	22
26 9	49
26 15	35
26 18	31
26 19	32
26 21	40
26 24	3
26 25	41
26 26	23
26 27	19
26 28	12
26 30	4
26 32	24
26 36	20
26 40	11
26 42	44
26 48	0
26 49	5
27 2	44
27 3	3
27 5	40
27 7	13
27 9	36
27 15	45
27 16	37
27 17	28
27 19	49
27 21	16
27 23	48
27 24	35
27 31	0
27 32	10
27 34	17
27 36	31
27 37	41
27 40	29
27 43	39
27 45	15
27 47	8
27 49	26
28 1	34
28 3	27
28 5	23
28 13	32
28 14	4
28 16	38
28 21	31
28 22	22
28 25	20
28 26	3
28 29	18
28 32	48
28 34	21
28 38	33
28 42	2
28 46	14
28 47	1
28 49	45
29 1	31
29 2	47
29 3	35
29 5	18
29 6	9
29 11	12
29 15	29
29 17	19
29 21	10
29 22	43
29 25	37
29 28	23
29 29	36
29 31	38
29 34	13
29 36	40
29 44	7
29 45	25
29 46	30
30 2	32
30 4	40
30 5	1
30 7	26
30 9	31
30 12	37
30 14	42
30 17	10
30 19	25
30 22	18
30 23	49
30 24	34
30 25	2
30 26	16
30 27	12
30 29	7
30 31	44
30 33	11
30 34	39
30 35	48
30 36	0
30 37	20
30 44	29
30 47	4
30 48	22
31 4	41
31 9	45
31 10	23
31 11	22
31 13	20
31 14	40
31 15	0
31 16	7
31 20	16
31 21	18
31 22	19
31 28	11
31 29	6
31 30	30
31 32	27
31 39	48
31 47	38
32 0	22
32 2	20
32 4	12
32 6	6
32 9	38
32 10	4
32 12	43
32 13	15
32 18	30
32 20	27
32 21	1
32 25	49
32 30	41
32 31	47
32 33	18
32 39	33
32 40	23
32 41	24
32 44	3
32 45	19
32 46	26
32 47	36
33 1	23
33 5	43
33 7	25
33 9	15
33 11	33
33 16	29
33 17	32
33 19	48
33 20	49
33 22	3
33 23	20
33 27	2
33 32	0
33 35	21
33 36	9
33 37	6
33 41	16
33 42	10
33 46	38
33 47	27
33 48	46
34 0	39
34 2	6
34 3	23
34 5	24
34 7	2
34 9	27
34 13	26
34 21	44
34 26	46
34 28	9
34 30	32
34 31	40
34 33	38
34 36	17
34 39	36
34 42	8
34 46	5
34 49	10
35 1	39
35 6	18
35 10	28
35 15	1
35 18	37
35 19	3
35 20	9
35 21	30
35 24	38
35 25	35
35 27	29
35 30	22
35 31	4
35 32	12
35 35	44
35 38	41
35 42	40
35 43	45
35 47	25
35 48	24
36 1	41
36 2	25
36 4	10
36 5	0
36 6	32
36 9	44
36 12	15
36 15	3
36 22	20
36 24	8
36 27	37
36 28	45
36 31	12
36 33	24
36 34	16
36 38	4
36 42	6
36 46	40
36 49	17
37 0	9
37 2	3
37 10	24
37 14	25
37 17	13
37 23	32
37 31	36
37 35	2
37 36	23
37 38	26
37 39	0
37 40	31
37 45	48
37 48	19
38 3	22
38 4	17
38 5	48
38 8	40
38 10	29
38 14	15
38 17	11
38 18	35
38 19	42
38 21	47
38 22	31
38 24	5
38 26	21
38 27	44
38 28	32
38 30	46
38 34	10
38 39	43
38 47	28
38 49	34
39 0	1
39 2	45
39 9	23
39 10	48
39 14	10
39 15	33
39 16	6
39 17	44
39 18	9
39 20	29
39 27	15
39 29	40
39 30	27
39 31	42
39 35	49
39 36	5
39 38	3
39 44	20
39 46	16
39 48	47
39 49	2
40 0	16
40 7	38
40 10	14
40 11	6
40 16	47
40 17	39
40 19	24
40 21	12
40 22	2
40 24	27
40 28	3
40 38	11
40 39	46
40 45	44
40 46	45
40 47	7
41 1	27
41 6	44
41 7	49
41 8	32
41 9	40
41 10	46
41 12	19
41 15	28
41 17	9
41 20	1
41 22	35
41 29	12
41 30	18
41 32	26
41 34	6
41 47	42
42 8	33
42 9	9
42 16	24
42 20	19
42 22	15
42 23	11
42 25	22
42 26	29
42 28	25
42 31	16
42 33	31
42 35	5
42 36	38
42 39	6
42 42	34
43 2	38
43 5	32
43 6	45
43 8	44
43 15	9
43 17	20
43 18	41
43 20	40
43 24	26
43 31	35
43 33	28
43 36	12
43 37	1
43 40	10
43 42	5
43 43	14
43 44	17
43 45	8
44 0	44
44 3	18
44 9	28
44 12	49
44 13	42
44 16	2
44 18	17
44 19	5
44 22	25
44 24	23
44 25	13
44 26	27
44 29	10
44 32	29
44 35	43
44 37	37
44 39	16
44 43	6
44 48	8
44 49	39
45 2	16
45 3	30
45 4	0
45 5	37
45 6	25
45 7	31
45 10	40
45 12	29
45 13	44
45 14	27
45 16	34
45 18	8
45 20	17
45 21	33
45 23	10
45 30	6
45 32	49
45 34	42
45 35	41
45 36	36
45 38	21
45 39	32
45 43	38
45 45	14
45 46	24
46 2	10
46 4	13
46 7	35
46 8	25
46 10	38
46 11	24
46 13	3
46 14	49
46 17	34
46 19	12
46 20	26
46 22	47
46 25	36
46 28	41
46 31	46
46 32	32
46 33	33
46 34	2
46 35	1
46 39	40
46 42	42
46 43	11
46 46	31
46 48	17
47 1	42
47 3	15
47 5	7
47 6	49
47 9	33
47 10	41
47 16	28
47 17	22
47 18	32
47 19	0
47 22	46
47 25	14
47 28	4
47 31	2
47 36	27
47 39	39
47 45	31
47 46	10
47 47	19
47 48	18
48 0	18
48 1	22
48 8	17
48 14	0
48 17	23
48 18	48
48 19	41
48 22	27
48 23	30
48 29	21
48 31	33
48 32	37
48 34	9
48 35	45
48 37	40
48 44	42
48 45	32
48 49	28
49 4	16
49 5	44
49 8	49
49 11	8
49 13	37
49 17	5
49 23	40
49 24	46
49 26	41
49 31	21
49 32	31
49 38	32
49 41	9
49 42	18
49 46	6
49 49	29
