50
0 6	43
0 8	48
0 11	45
0 17	18
0 18	9
0 20	7
0 23	5
0 24	10
0 37	24
0 39	22
0 41	39
0 45	2
0 46	6
0 47	34
1 3	14
1 7	23
1 8	16
1 11	48
1 12	10
1 14	11
1 15	20
1 19	29
1 21	1
1 25	39
1 26	6
1 29	19
1 31	44
1 34	26
1 36	30
1 37	42
1 43	35
1 44	8
1 45	47
1 47	12
1 48	31
2 0	10
2 3	22
2 4	27
2 6	32
2 8	45
2 10	30
2 13	36
2 14	1
2 20	3
2 22	21
2 23	2
2 26	7
2 29	6
2 32	41
2 41	47
2 42	12
2 44	5
2 46	9
3 0	48
3 4	33
3 5	39
3 8	5
3 9	14
3 18	7
3 21	32
3 24	26
3 25	23
3 30	20
3 31	36
3 36	9
3 39	37
3 43	10
3 45	6
3 47	4
4 3	24
4 4	28
4 7	3
4 9	7
4 11	41
4 23	30
4 26	45
4 30	13
4 31	17
4 32	49
4 42	15
4 49	22
5 0	0
5 2	37
5 4	16
5 9	33
5 10	35
5 11	19
5 13	44
5 17	21
5 26	20
5 27	3
5 30	9
5 32	34
5 36	27
5 38	47
5 40	38
5 42	28
5 45	46
5 46	26
5 48	41
6 0	24
6 15	19
6 18	32
6 19	6
6 24	5
6 25	17
6 28	14
6 30	0
6 31	26
6 39	43
6 45	18
7 2	34
7 12	6
7 16	20
7 19	30
7 20	14
7 22	28
7 24	8
7 26	9
7 30	37
7 31	47
7 32	29
7 36	10
7 37	16
7 39	31
7 41	11
7 42	48
7 48	3
8 1	24
8 4	6
8 8	9
8 18	1
8 21	15
8 22	41
8 29	40
8 39	42
8 41	20
9 8	25
9 9	8
9 17	46
9 19	41
9 21	18
9 25	36
9 27	16
9 29	21
9 34	24
9 38	23
9 39	33
9 40	28
9 41	22
9 44	6
9 46	14
9 48	42
10 1	8
10 5	29
10 11	23
10 12	26
10 16	11
10 17	24
10 30	35
10 31	9
10 33	43
10 34	6
10 36	22
10 38	13
10 39	36
10 41	25
10 42	20
11 0	1
11 1	37
11 8	39
11 12	31
11 13	24
11 16	14
11 17	34
11 19	18
11 22	17
11 25	7
11 26	4
11 30	19
11 33	2
11 35	32
11 37	10
11 43	45
11 46	46
11 48	43
12 0	36
12 2	14
12 12	30
12 13	17
12 16	0
12 20	31
12 21	49
12 23	20
12 28	44
12 40	4
12 44	33
12 46	28
13 2	18
13 4	17
13 5	36
13 9	48
13 10	1
13 17	10
13 20	27
13 23	44
13 25	9
13 26	40
13 28	21
13 30	42
13 32	31
13 37	11
13 38	29
13 40	14
13 47	28
13 48	25
13 49	46
14 2	26
14 4	22
14 6	14
14 17	4
14 18	39
14 19	47
14 24	35
14 25	43
14 26	18
14 27	2
14 28	5
14 31	41
14 32	20
14 35	38
14 45	42
14 46	27
15 0	27
15 2	23
15 3	20
15 9	40
15 13	25
15 14	10
15 18	37
15 22	31
15 28	2
15 35	3
15 36	6
15 39	4
15 41	13
15 42	34
15 44	36
15 46	42
16 0	6
16 1	30
16 4	44
16 5	38
16 7	45
16 8	11
16 13	14
16 14	46
16 18	23
16 20	9
16 22	34
16 23	40
16 26	39
16 32	32
16 36	26
16 41	24
16 48	21
16 49	41
17 9	6
17 10	44
17 11	0
17 13	10
17 14	30
17 23	22
17 24	23
17 33	14
17 35	37
17 43	20
17 45	16
17 46	45
17 47	40
17 48	24
17 49	49
18 0	13
18 5	27
18 6	9
18 10	10
18 13	28
18 14	6
18 17	39
18 27	25
18 31	21
18 37	8
18 39	12
18 40	37
18 45	33
19 6	31
19 13	6
19 19	36
19 20	13
19 26	33
19 27	4
19 29	22
19 30	28
19 33	5
19 37	17
19 39	26
19 45	34
19 46	20
19 49	27
20 0	43
20 3	17
20 11	3
20 16	41
20 17	19
20 20	24
20 25	8
20 27	32
20 30	40
20 40	2
20 44	13
20 46	16
21 8	6
21 15	26
21 16	49
21 26	24
21 27	36
21 32	11
21 35	5
21 37	37
21 41	41
21 43	44
21 47	0
22 0	46
22 2	43
22 6	26
22 9	30
22 13	29
22 24	45
22 25	49
22 26	21
22 28	39
22 37	12
22 46	24
22 49	5
23 2	13
23 9	20
23 11	24
23 13	39
23 14	49
23 15	22
23 19	28
23 21	48
23 22	45
23 30	46
23 31	0
23 32	5
23 33	15
23 38	38
23 39	47
23 40	32
23 44	17
23 45	31
24 4	29
24 7	38
24 10	28
24 11	1
24 16	5
24 18	3
24 21	45
24 24	31
24 25	37
24 29	49
24 32	46
24 36	15
24 39	23
24 40	10
24 42	8
24 43	9
24 44	14
24 45	25
24 46	17
24 47	6
24 48	20
24 49	13
25 0	3
25 1	20
25 8	26
25 27	34
25 29	0
25 31	33
25 33	45
25 34	40
25 35	22
25 47	44
26 3	31
26 5	7
26 6	22
26 7	13
26 14	42
26 15	2
26 21	37
26 22	36
26 25	19
26 27	8
26 30	30
26 33	12
26 36	17
26 38	32
26 41	3
26 43	1
26 44	43
26 45	15
26 46	23
27 0	32
27 1	35
27 2	47
27 5	37
27 11	8
27 14	0
27 20	40
27 21	31
27 26	22
27 27	44
27 28	6
27 29	28
27 30	34
27 32	14
27 38	36
27 39	39
27 41	9
27 43	41
27 47	16
27 49	3
28 2	25
28 3	39
28 6	1
28 12	7
28 15	24
28 18	42
28 23	45
28 26	10
28 29	38
28 32	37
28 36	31
28 37	21
28 41	0
28 49	18
29 3	0
29 4	12
29 5	23
29 8	35
29 13	8
29 20	45
29 25	18
29 27	9
29 28	16
29 30	6
29 31	49
29 32	30
29 43	32
29 44	29
29 45	40
29 47	14
30 1	32
30 3	4
30 13	20
30 15	48
30 19	8
30 23	46
30 24	9
30 25	0
30 37	25
30 42	41
30 44	23
31 0	42
31 6	8
31 15	1
31 19	11
31 25	21
31 26	28
31 34	43
31 39	38
31 40	48
31 43	31
32 3	10
32 5	25
32 6	23
32 7	33
32 8	3
32 10	13
32 18	0
32 20	47
32 21	14
32 23	4
32 26	26
32 28	29
32 29	30
32 30	45
32 31	12
32 34	41
32 35	9
32 38	2
32 42	1
32 45	36
32 48	16
32 49	34
33 0	26
33 3	41
33 5	40
33 7	11
33 11	38
33 14	9
33 17	5
33 18	13
33 21	36
33 24	28
33 26	47
33 27	20
33 31	8
33 35	33
33 43	12
34 1	25
34 3	8
34 4	4
34 6	30
34 11	9
34 15	10
34 24	13
34 26	3
34 27	47
34 30	16
34 32	27
34 33	33
34 35	49
34 42	0
35 5	30
35 6	28
35 15	16
35 16	23
35 19	12
35 20	49
35 21	13
35 29	48
35 30	39
35 31	35
35 32	10
35 33	26
35 34	34
35 40	42
35 46	41
35 48	19
36 0	20
36 4	37
36 10	9
36 14	17
36 16	25
36 17	45
36 21	5
36 26	12
36 27	28
36 31	23
36 34	13
36 41	34
36 42	26
36 46	49
36 49	40
37 3	38
37 5	1
37 9	9
37 13	33
37 18	24
37 19	25
37 23	11
37 24	16
37 27	15
37 30	27
37 31	45
37 36	13
37 42	32
37 44	28
37 48	6
37 49	35
38 4	49
38 17	3
38 18	10
38 28	25
38 38	35
38 39	8
39 1	22
39 3	27
39 4	32
39 14	20
39 19	33
39 22	42
39 24	15
39 26	46
39 28	38
39 32	19
39 34	48
39 40	25
39 41	5
39 42	6
39 44	41
39 48	36
40 0	35
40 2	40
40 13	41
40 14	31
40 21	11
40 22	12
40 28	0
40 30	32
40 32	1
40 34	25
40 35	48
40 37	49
41 12	9
41 15	35
41 17	22
41 20	16
41 22	40
41 26	34
41 31	38
41 33	3
41 36	28
41 39	44
41 40	6
41 41	36
41 45	39
41 48	8
42 1	13
42 9	27
42 13	32
42 14	29
42 16	18
42 18	38
42 23	37
42 25	46
42 28	3
42 37	20
42 44	19
43 0	23
43 3	9
43 7	8
43 10	6
43 13	26
43 17	28
43 19	49
43 20	41
43 21	46
43 23	33
43 24	2
43 31	31
43 35	13
43 38	10
43 43	48
43 44	18
43 45	43
43 49	21
44 2	5
44 5	41
44 7	2
44 14	24
44 15	0
44 16	34
44 18	28
44 26	1
44 30	10
44 31	6
44 33	49
44 38	48
44 39	25
44 40	47
44 41	27
44 42	29
44 48	35
44 49	26
45 3	35
45 7	15
45 9	26
45 14	39
45 18	36
45 19	21
45 20	12
45 21	2
45 29	46
45 37	7
45 40	44
45 41	40
45 43	23
45 45	5
45 49	10
46 1	41
46 2	21
46 14	44
46 16	17
46 28	48
46 34	30
46 36	12
46 41	10
46 42	42
46 49	23
47 1	2
47 2	11
47 3	32
47 5	6
47 9	43
47 11	14
47 15	31
47 16	33
47 17	15
47 18	16
47 22	44
47 26	5
47 28	7
47 29	20
47 30	29
47 43	4
47 48	39
48 1	46
48 8	43
48 9	32
48 11	37
48 12	29
48 17	23
48 21	9
48 23	36
48 24	12
48 30	31
48 31	11
48 34	14
48 35	40
48 38	20
48 43	47
48 48	27
48 49	8
49 0	8
49 1	1
49 3	48
49 12	13
49 20	38
49 25	14
49 26	41
49 31	15
49 35	29
49 37	5
49 40	7
49 41	43
49 47	37
49 48	46
