50
0 0	19
0 2	28
0 8	18
0 9	30
0 12	35
0 20	10
0 21	3
0 27	45
0 29	48
0 32	22
0 34	32
0 39	6
0 40	46
0 48	38
1 1	11
1 9	3
1 10	22
1 12	12
1 15	23
1 17	44
1 21	48
1 24	7
1 26	9
1 35	36
1 37	33
1 42	41
1 45	20
2 1	22
2 3	19
2 4	29
2 6	25
2 9	10
2 14	46
2 15	17
2 17	37
2 23	32
2 24	11
2 28	45
2 33	0
2 38	12
2 39	38
2 44	14
2 45	7
2 47	21
2 49	9
3 0	28
3 1	40
3 3	25
3 5	45
3 7	20
3 10	26
3 11	22
3 12	2
3 15	47
3 19	13
3 26	8
3 27	33
3 31	6
3 34	46
3 36	12
3 37	42
3 39	48
3 40	9
3 47	23
3 49	41
4 2	15
4 3	45
4 8	10
4 9	47
4 10	38
4 13	33
4 16	21
4 20	29
4 21	6
4 26	49
4 29	19
4 32	30
4 40	25
4 41	5
4 46	37
5 1	19
5 4	9
5 7	44
5 8	46
5 11	42
5 13	4
5 15	28
5 18	20
5 23	22
5 28	15
5 30	40
5 31	34
5 35	14
5 41	30
6 9	35
6 16	1
6 17	15
6 21	24
6 22	43
6 28	39
6 30	3
6 32	37
6 36	27
6 39	19
6 41	0
6 42	48
6 43	14
6 46	20
6 49	46
7 5	20
7 6	41
7 7	18
7 8	1
7 11	19
7 18	34
7 20	46
7 24	14
7 29	47
7 30	33
7 37	37
7 40	45
7 47	43
7 48	48
7 49	24
8 3	12
8 12	26
8 15	10
8 16	13
8 19	19
8 20	9
8 25	28
8 33	14
8 36	3
8 38	8
8 45	5
8 48	15
9 3	4
9 6	30
9 9	29
9 13	6
9 14	16
9 16	24
9 17	13
9 19	3
9 26	26
9 27	34
9 29	14
9 33	44
9 38	47
9 49	7
10 4	35
10 5	25
10 6	40
10 10	27
10 11	24
10 14	7
10 17	8
10 18	3
10 26	29
10 27	12
10 28	32
10 30	43
10 41	18
10 46	10
10 47	47
11 1	36
11 2	38
11 4	28
11 5	19
11 6	9
11 9	32
11 10	44
11 16	17
11 17	16
11 20	18
11 22	37
11 24	47
11 25	25
11 26	27
11 27	21
11 33	3
11 34	4
11 41	2
11 42	43
11 43	46
11 44	8
11 46	29
12 5	6
12 8	19
12 10	5
12 15	11
12 22	26
12 23	0
12 26	36
12 27	9
12 28	2
12 29	43
12 31	49
12 34	30
12 37	15
12 40	12
12 43	22
12 44	39
13 1	2
13 7	43
13 13	10
13 25	0
13 27	32
13 32	34
13 49	6
14 0	15
14 4	46
14 9	44
14 12	37
14 14	21
14 17	43
14 18	2
14 26	16
14 36	14
14 40	29
14 41	40
14 42	9
14 49	36
15 2	17
15 3	8
15 5	32
15 10	35
15 12	5
15 18	14
15 26	6
15 29	24
15 31	40
15 39	46
15 42	33
15 43	44
15 45	1
16 0	7
16 11	5
16 13	44
16 16	11
16 25	12
16 26	41
16 27	27
16 31	14
16 33	38
16 34	20
16 36	30
16 38	37
16 41	48
16 42	36
16 46	34
16 47	39
16 49	23
17 16	9
17 27	2
17 28	0
17 30	21
17 33	12
17 34	37
17 40	26
17 41	25
17 47	14
18 1	41
18 9	7
18 10	48
18 14	49
18 19	42
18 22	40
18 34	18
18 37	1
18 47	10
18 48	8
19 2	29
19 3	9
19 6	6
19 12	22
19 17	11
19 23	38
19 24	36
19 26	42
19 40	4
19 42	37
19 44	13
19 46	1
20 0	29
20 1	18
20 2	7
20 4	5
20 5	28
20 8	9
20 9	11
20 13	30
20 16	42
20 18	35
20 19	15
20 21	22
20 22	47
20 23	16
20 25	20
20 28	33
20 29	31
20 37	10
20 39	13
20 40	0
20 43	37
20 44	45
20 45	32
21 1	24
21 2	11
21 3	30
21 4	14
21 10	36
21 13	47
21 17	20
21 18	42
21 30	8
21 38	1
21 40	15
22 2	20
22 3	24
22 5	5
22 6	2
22 13	8
22 14	37
22 16	46
22 17	21
22 19	31
22 21	0
22 24	18
22 32	40
22 36	4
22 37	9
22 43	13
22 44	19
22 48	44
23 1	42
23 8	49
23 9	19
23 11	3
23 20	28
23 22	6
23 25	36
23 29	12
23 30	15
23 31	17
23 32	2
23 34	43
23 39	18
23 41	14
23 43	11
23 44	26
23 48	47
24 0	20
24 2	48
24 3	28
24 5	7
24 10	29
24 12	3
24 13	41
24 15	25
24 22	18
24 25	30
24 26	35
24 28	46
24 30	24
24 31	21
24 33	27
24 34	23
24 37	2
24 38	31
24 41	45
24 42	4
24 47	49
24 48	36
25 0	12
25 3	29
25 13	46
25 14	1
25 18	11
25 24	0
25 25	35
25 29	13
26 0	46
26 3	39
26 4	49
26 5	41
26 8	14
26 14	40
26 18	38
26 19	29
26 21	1
26 26	7
26 28	3
26 46	19
26 48	34
26 49	37
27 3	27
27 11	1
27 12	33
27 15	45
27 17	2
27 22	4
27 23	29
27 26	3
27 29	25
27 31	31
27 39	11
27 43	41
27 45	43
27 47	6
28 2	6
28 9	12
28 10	14
28 14	4
28 16	36
28 25	17
28 29	40
28 34	15
28 35	29
28 37	8
28 38	16
28 39	27
28 41	21
28 42	2
28 43	28
28 47	18
28 48	41
29 4	20
29 8	8
29 11	48
29 18	36
29 19	34
29 25	10
29 29	3
29 34	0
29 42	18
29 46	15
30 0	14
30 1	1
30 2	5
30 6	23
30 11	47
30 16	7
30 17	27
30 18	16
30 19	36
30 25	2
30 26	4
30 32	12
30 35	30
30 36	10
30 37	24
30 38	11
30 39	29
30 41	26
30 45	37
30 49	17
31 8	3
31 14	6
31 16	35
31 23	13
31 32	26
31 35	44
31 37	21
31 40	30
31 47	36
32 1	10
32 6	20
32 7	35
32 10	21
32 11	39
32 12	8
32 17	47
32 20	6
32 21	49
32 22	5
32 28	1
32 30	46
32 38	38
32 40	42
32 41	15
32 47	24
33 0	27
33 10	34
33 14	42
33 16	26
33 17	36
33 21	10
33 23	14
33 24	39
33 26	18
33 27	47
33 28	41
33 29	38
33 35	20
33 41	4
33 42	15
33 49	30
34 0	44
34 6	36
34 9	4
34 12	17
34 13	16
34 20	13
34 21	8
34 24	26
34 25	14
34 26	1
34 29	23
34 30	42
34 33	48
34 38	24
34 39	21
34 40	5
34 42	46
35 0	31
35 6	7
35 14	15
35 15	41
35 16	0
35 18	9
35 20	45
35 25	32
35 30	37
35 34	49
35 41	16
35 42	27
35 45	24
36 4	7
36 9	14
36 10	49
36 11	6
36 16	22
36 17	33
36 19	21
36 21	30
36 24	40
36 26	24
36 28	8
36 29	10
36 31	15
36 34	29
36 36	34
36 41	27
36 42	25
36 43	9
36 47	11
36 49	39
37 2	3
37 3	26
37 19	14
37 20	22
37 25	9
37 29	36
37 32	10
37 34	21
37 35	32
37 40	38
37 41	37
38 9	8
38 10	16
38 11	41
38 12	4
38 17	31
38 19	6
38 20	33
38 26	13
38 28	27
38 34	40
38 35	24
38 37	25
38 39	20
38 40	43
38 42	10
38 44	42
39 4	24
39 8	27
39 9	38
39 10	10
39 11	37
39 30	48
39 34	31
39 36	40
39 37	20
39 41	36
39 42	28
39 43	0
40 0	40
40 4	21
40 5	8
40 11	43
40 14	33
40 19	24
40 25	42
40 26	30
40 35	6
40 39	12
40 42	45
40 45	2
40 46	3
40 49	20
41 1	20
41 2	33
41 3	34
41 5	36
41 8	32
41 15	2
41 16	23
41 18	46
41 23	9
41 28	42
41 33	10
41 38	30
41 39	39
41 47	31
41 48	43
42 1	34
42 3	0
42 5	35
42 11	30
42 16	15
42 28	11
42 29	7
42 30	17
42 33	5
42 35	28
42 38	2
42 40	13
42 43	8
42 45	41
42 46	27
43 0	43
43 1	14
43 2	21
43 3	23
43 4	8
43 13	29
43 15	6
43 17	34
43 20	32
43 21	47
43 26	5
43 29	0
43 37	12
43 39	17
43 42	26
43 45	10
43 46	31
43 47	28
43 49	38
44 2	40
44 3	32
44 5	44
44 7	10
44 9	42
44 10	37
44 13	15
44 17	5
44 18	4
44 20	49
44 22	22
44 31	38
44 33	36
44 37	11
44 38	0
44 39	43
44 41	24
44 48	7
44 49	27
45 0	6
45 7	34
45 9	40
45 10	17
45 12	47
45 16	25
45 21	36
45 28	19
45 36	41
45 40	14
45 42	38
45 45	29
45 48	32
46 1	47
46 2	23
46 4	19
46 7	6
46 11	33
46 12	25
46 13	27
46 19	32
46 21	13
46 22	29
46 24	49
46 25	8
46 26	14
46 31	26
46 33	37
46 35	2
46 44	41
47 1	32
47 15	7
47 16	30
47 19	49
47 25	24
47 30	14
47 34	48
47 36	21
47 40	37
47 42	1
47 44	47
47 46	11
47 47	9
48 2	14
48 6	27
48 11	10
48 13	39
48 16	47
48 18	44
48 21	43
48 23	36
48 26	0
48 28	23
48 31	13
48 38	41
48 43	30
48 44	24
48 45	4
48 46	46
48 49	1
49 0	24
49 2	30
49 5	27
49 7	13
49 8	34
49 9	9
49 11	15
49 16	2
49 18	6
49 20	36
49 21	23
49 23	5
49 24	16
49 25	38
49 26	20
49 31	10
49 37	46
49 38	39
49 44	29
49 47	32
49 48	0
