50
0 1	46
0 4	10
0 10	35
0 13	19
0 15	36
0 18	0
0 23	33
0 24	39
0 26	4
0 28	14
0 33	34
0 36	49
0 39	31
0 40	16
0 41	23
0 43	3
0 45	2
0 48	42
1 2	41
1 5	8
1 11	36
1 14	14
1 16	13
1 19	22
1 21	19
1 22	1
1 25	29
1 29	48
1 36	47
1 40	12
1 41	37
1 42	34
1 45	26
1 46	4
1 47	15
1 48	10
2 1	9
2 8	24
2 16	27
2 20	12
2 24	4
2 26	25
2 28	13
2 29	35
2 31	36
2 32	43
2 38	32
2 42	45
2 46	47
2 47	8
3 4	44
3 7	33
3 9	40
3 12	22
3 13	6
3 14	35
3 17	7
3 18	1
3 24	26
3 28	4
3 34	46
3 35	45
3 36	15
3 37	0
3 41	43
3 42	29
4 2	6
4 6	37
4 12	42
4 13	49
4 23	15
4 24	40
4 25	20
4 27	41
4 29	8
4 32	24
4 34	18
4 40	9
4 41	12
5 0	17
5 1	26
5 4	0
5 7	34
5 11	2
5 13	37
5 19	23
5 24	6
5 25	48
5 26	38
5 27	1
5 28	19
5 30	33
5 31	46
5 32	22
5 35	7
5 38	42
5 42	5
5 43	9
5 44	36
5 48	30
6 7	10
6 8	4
6 9	34
6 12	0
6 15	23
6 24	45
6 26	46
6 28	21
6 34	37
6 37	38
6 41	41
6 48	26
7 0	42
7 1	10
7 8	19
7 9	27
7 10	11
7 11	44
7 12	25
7 13	12
7 16	9
7 17	2
7 18	26
7 19	5
7 20	16
7 21	21
7 29	33
7 30	4
7 32	38
7 37	36
7 48	1
7 49	28
8 0	36
8 4	8
8 10	41
8 12	14
8 15	3
8 16	26
8 21	22
8 25	46
8 27	47
8 30	7
8 31	37
8 45	25
8 48	28
8 49	31
9 1	28
9 3	37
9 6	4
9 9	6
9 14	46
9 15	8
9 18	38
9 19	35
9 20	27
9 21	30
9 23	36
9 24	34
9 27	22
9 34	45
9 39	24
9 40	11
9 47	5
10 12	26
10 15	35
10 20	15
10 23	49
10 37	16
10 38	6
10 41	42
10 47	44
11 2	16
11 3	0
11 5	18
11 6	39
11 9	30
11 13	28
11 22	46
11 23	29
11 26	9
11 39	37
11 42	4
11 47	1
12 5	41
12 10	34
12 13	31
12 14	33
12 18	45
12 20	0
12 21	25
12 30	13
12 32	5
12 36	36
12 48	15
13 8	15
13 16	37
13 26	29
13 31	44
13 33	0
13 34	31
13 37	5
13 38	47
13 39	13
13 40	17
13 41	25
13 45	8
13 47	38
13 49	19
14 0	6
14 2	32
14 7	31
14 8	18
14 10	46
14 16	15
14 18	42
14 21	16
14 22	37
14 29	34
14 30	2
14 36	44
14 41	48
14 44	8
14 46	36
15 0	8
15 2	35
15 3	38
15 7	25
15 9	22
15 10	3
15 13	34
15 18	21
15 19	0
15 21	28
15 25	16
15 36	31
16 3	42
16 4	13
16 12	21
16 14	9
16 17	27
16 22	33
16 23	19
16 28	45
16 29	44
16 32	46
16 38	36
16 42	3
16 43	8
17 0	3
17 1	43
17 3	13
17 7	19
17 10	37
17 15	7
17 21	40
17 22	23
17 23	26
17 27	8
17 36	5
17 37	31
17 38	12
17 44	35
18 0	43
18 3	18
18 5	28
18 6	49
18 12	10
18 14	38
18 15	2
18 17	31
18 31	39
18 35	36
18 37	32
18 42	40
18 44	1
18 48	13
18 49	15
19 11	7
19 13	8
19 17	6
19 22	2
19 26	23
19 28	46
19 32	10
19 34	43
19 42	14
19 44	5
19 45	45
20 0	15
20 1	38
20 4	22
20 11	9
20 16	19
20 18	8
20 19	10
20 25	34
20 27	36
20 29	5
20 30	24
20 31	30
20 32	7
20 37	41
20 38	46
20 40	0
20 47	47
20 49	4
21 0	39
21 4	5
21 5	4
21 7	11
21 12	15
21 15	46
21 18	40
21 22	10
21 30	35
21 33	26
21 36	12
21 47	32
22 0	19
22 5	9
22 8	33
22 12	18
22 15	30
22 19	2
22 20	46
22 25	25
22 37	49
22 40	26
22 45	40
22 48	29
23 4	41
23 6	35
23 8	42
23 12	6
23 13	27
23 15	18
23 20	17
23 22	47
23 24	19
23 26	26
23 28	44
23 36	48
23 37	24
23 38	31
23 41	7
23 47	30
23 49	38
24 0	21
24 1	30
24 8	34
24 13	32
24 15	29
24 18	35
24 24	48
24 26	40
24 27	7
24 33	31
24 35	43
24 43	10
24 47	25
25 1	36
25 11	30
25 12	43
25 15	34
25 18	19
25 19	20
25 23	3
25 24	5
25 26	41
25 30	22
25 32	33
25 35	13
25 38	1
25 41	9
25 42	25
25 43	4
25 48	32
26 0	44
26 7	46
26 8	31
26 9	18
26 10	27
26 17	9
26 18	48
26 26	32
26 27	39
26 34	19
26 37	11
26 44	34
27 1	4
27 3	32
27 6	2
27 11	33
27 13	29
27 16	48
27 19	13
27 20	24
27 21	12
27 23	44
27 25	47
27 29	7
27 30	39
27 33	40
27 38	10
27 44	0
28 4	46
28 11	25
28 17	22
28 20	4
28 22	49
28 25	44
28 27	20
28 32	37
28 38	17
28 39	5
28 44	38
28 48	8
29 2	15
29 3	7
29 4	40
29 5	17
29 6	46
29 17	19
29 20	28
29 21	41
29 22	36
29 23	27
29 24	22
29 27	2
29 30	49
29 34	25
29 38	35
29 39	33
30 6	32
30 8	41
30 9	49
30 10	26
30 17	4
30 20	3
30 21	17
30 25	11
30 26	36
30 30	28
30 31	5
30 32	21
30 36	0
30 46	30
31 6	21
31 14	22
31 15	43
31 18	10
31 21	49
31 25	15
31 28	29
31 31	48
31 33	32
31 37	4
31 38	27
31 41	46
31 44	33
31 45	9
32 2	0
32 4	14
32 5	24
32 8	16
32 9	10
32 12	30
32 15	45
32 21	37
32 30	26
32 33	9
32 35	38
32 42	39
32 43	34
32 44	15
32 45	44
33 3	6
33 6	36
33 9	16
33 13	41
33 14	37
33 17	48
33 19	11
33 21	44
33 26	13
33 27	40
33 29	32
33 33	29
33 34	21
33 36	24
33 43	12
33 44	43
33 45	19
33 48	4
33 49	25
34 0	16
34 5	0
34 7	30
34 8	11
34 9	2
34 14	44
34 15	48
34 16	38
34 23	47
34 24	23
34 28	12
34 34	17
34 39	45
34 42	15
34 43	26
34 44	29
34 48	40
35 0	38
35 3	48
35 4	16
35 5	7
35 14	17
35 22	12
35 26	0
35 28	11
35 29	28
35 33	1
35 35	4
35 36	46
35 37	40
35 48	34
36 1	11
36 2	39
36 3	44
36 4	17
36 6	24
36 8	1
36 12	41
36 13	35
36 16	7
36 17	28
36 21	6
36 24	31
36 25	4
36 27	45
36 29	25
36 39	16
36 40	2
36 47	9
37 5	14
37 11	26
37 13	48
37 19	3
37 24	15
37 28	9
37 32	29
37 36	40
38 2	17
38 4	11
38 7	49
38 11	46
38 23	13
38 25	35
38 26	44
38 27	6
38 34	34
38 36	2
38 38	20
38 40	22
38 42	8
38 45	33
38 49	9
39 0	30
39 6	3
39 8	20
39 10	38
39 11	43
39 15	27
39 17	41
39 20	33
39 34	22
39 35	14
39 43	35
39 44	4
39 48	31
39 49	11
40 0	34
40 8	21
40 17	10
40 19	49
40 21	46
40 26	48
40 30	23
40 33	25
40 38	3
40 43	36
40 44	47
40 47	24
40 49	22
41 1	34
41 7	8
41 10	1
41 11	49
41 13	2
41 17	46
41 23	39
41 32	48
41 36	35
41 37	19
41 45	31
41 47	17
41 48	37
42 1	33
42 6	17
42 8	7
42 14	5
42 15	32
42 16	39
42 25	3
42 28	34
42 29	47
42 32	14
42 34	42
42 36	41
42 41	28
42 42	35
42 43	0
42 45	49
42 49	2
43 1	40
43 2	49
43 3	36
43 4	38
43 5	42
43 15	15
43 16	14
43 22	7
43 26	31
43 28	39
43 31	35
43 33	4
43 41	27
43 42	17
43 43	19
43 44	45
44 2	20
44 5	33
44 6	44
44 7	18
44 9	35
44 12	23
44 20	11
44 22	19
44 27	42
44 31	4
44 34	9
44 35	24
44 36	7
44 40	31
44 42	48
44 43	45
44 44	37
44 45	13
44 48	43
45 2	3
45 3	24
45 4	34
45 9	20
45 13	9
45 15	19
45 19	29
45 24	10
45 27	46
45 32	32
45 37	18
45 42	21
45 43	22
45 49	40
46 2	43
46 3	5
46 4	49
46 6	41
46 8	36
46 10	25
46 11	34
46 13	40
46 15	42
46 16	46
46 17	30
46 18	32
46 19	39
46 29	4
46 30	37
46 31	19
46 32	44
46 34	13
46 35	8
46 37	1
46 40	48
46 41	16
46 43	28
46 46	15
46 49	3
47 0	25
47 1	19
47 11	35
47 16	10
47 17	40
47 21	8
47 22	21
47 23	24
47 30	36
47 31	42
47 38	38
47 40	41
47 43	27
47 45	1
47 47	22
47 49	29
48 0	14
48 1	6
48 3	8
48 5	21
48 9	36
48 10	9
48 18	3
48 21	32
48 24	43
48 26	45
48 28	48
48 31	47
48 33	39
48 36	37
48 38	28
48 39	40
48 41	10
48 45	34
49 3	17
49 4	12
49 8	37
49 10	32
49 11	38
49 13	45
49 14	28
49 15	10
49 20	44
49 23	9
49 24	49
49 25	31
49 34	15
49 36	42
49 37	34
49 38	40
49 48	5
49 49	30
