50
0 0	26
0 1	48
0 5	36
0 11	34
0 15	23
0 18	30
0 20	10
0 21	11
0 25	43
0 28	33
0 29	35
0 30	19
0 33	46
0 38	17
0 40	40
0 41	22
0 45	0
1 3	34
1 7	4
1 12	44
1 16	32
1 24	49
1 29	21
1 35	48
1 36	14
1 38	30
1 41	6
1 44	19
1 45	31
2 1	40
2 5	5
2 15	2
2 20	43
2 22	47
2 24	20
2 36	39
2 38	24
2 39	27
2 43	48
2 44	26
2 45	7
2 47	34
2 48	41
3 0	35
3 2	14
3 3	31
3 8	0
3 9	45
3 11	30
3 12	47
3 14	11
3 15	8
3 16	26
3 17	18
3 20	19
3 22	34
3 26	41
3 27	36
3 29	1
3 38	15
3 43	16
3 46	21
3 47	27
4 1	14
4 2	4
4 3	44
4 7	5
4 13	26
4 14	25
4 17	28
4 18	45
4 19	33
4 21	35
4 24	34
4 25	27
4 30	3
4 31	29
4 33	6
4 39	30
4 44	12
4 45	32
4 46	13
5 3	39
5 11	2
5 12	30
5 15	19
5 19	0
5 20	41
5 21	33
5 27	43
5 28	22
5 32	49
5 33	1
5 35	11
5 37	31
5 38	9
6 0	39
6 5	14
6 9	25
6 10	22
6 13	8
6 14	27
6 21	38
6 24	44
6 38	4
6 39	24
6 44	49
6 48	3
6 49	6
7 3	14
7 4	31
7 7	11
7 13	23
7 17	24
7 21	5
7 25	40
7 27	10
7 29	32
7 30	43
7 34	41
7 35	47
7 47	6
7 48	49
8 0	44
8 6	24
8 11	47
8 15	14
8 16	37
8 19	20
8 21	43
8 24	30
8 25	35
8 27	48
8 28	28
8 29	25
8 31	0
8 32	31
8 33	19
8 34	6
8 35	23
8 36	42
8 37	40
8 38	22
8 40	11
8 45	9
8 47	12
8 49	21
9 3	49
9 5	23
9 9	29
9 12	0
9 14	28
9 15	44
9 19	34
9 29	46
9 33	21
9 37	3
9 38	11
9 40	39
9 46	5
9 48	32
10 1	22
10 6	46
10 7	8
10 10	42
10 11	3
10 12	10
10 14	6
10 15	17
10 26	33
10 28	25
10 31	39
10 32	1
10 38	40
10 41	30
10 43	12
10 49	4
11 3	42
11 4	29
11 5	38
11 7	19
11 9	0
11 10	4
11 11	15
11 12	27
11 16	21
11 25	10
11 27	46
11 31	48
11 34	34
11 35	24
11 36	37
11 38	28
11 40	23
11 42	6
11 46	32
11 49	1
12 4	2
12 5	41
12 7	42
12 8	11
12 10	14
12 13	21
12 16	13
12 26	9
12 29	34
12 30	35
12 37	44
12 49	24
13 0	18
13 2	43
13 3	25
13 6	6
13 8	13
13 11	11
13 12	41
13 13	34
13 14	0
13 15	20
13 16	17
13 17	22
13 18	19
13 22	30
13 24	45
13 33	7
13 37	14
13 41	8
13 43	32
13 46	9
13 47	40
13 48	44
14 0	29
14 3	28
14 4	48
14 10	24
14 13	49
14 15	25
14 16	46
14 22	15
14 25	39
14 31	33
14 36	44
14 37	32
14 40	38
14 41	20
14 43	9
14 47	8
15 1	27
15 2	37
15 4	5
15 5	1
15 6	38
15 14	16
15 22	14
15 23	4
15 29	43
15 32	28
15 37	49
15 38	47
15 39	8
15 41	10
15 45	3
16 0	40
16 4	22
16 5	7
16 6	13
16 20	33
16 23	26
16 24	48
16 27	19
16 33	5
16 35	17
16 38	8
17 5	9
17 9	21
17 12	37
17 20	47
17 24	13
17 25	1
17 31	28
17 33	35
17 35	6
17 39	22
17 40	33
17 44	20
17 46	0
18 0	42
18 1	47
18 2	27
18 5	32
18 8	20
18 13	39
18 15	28
18 17	10
18 19	46
18 26	6
18 27	41
18 29	38
18 31	12
18 33	48
18 36	40
18 39	34
18 42	17
18 43	8
18 47	37
19 3	47
19 5	46
19 7	49
19 8	43
19 10	29
19 11	12
19 12	7
19 19	5
19 22	44
19 34	32
19 35	30
19 46	37
20 5	15
20 7	6
20 14	33
20 19	43
20 24	14
20 26	1
20 28	30
20 30	22
20 31	45
20 32	20
20 40	10
20 41	4
20 48	24
20 49	32
21 0	30
21 4	14
21 5	19
21 12	48
21 13	25
21 17	35
21 20	12
21 23	5
21 31	47
21 33	44
21 37	42
21 43	46
21 45	34
21 46	24
21 47	23
21 48	4
21 49	31
22 0	16
22 6	29
22 10	20
22 11	0
22 12	34
22 14	18
22 16	43
22 17	38
22 24	24
22 32	13
22 40	27
22 41	7
22 42	5
22 44	15
22 45	11
23 1	16
23 8	6
23 10	21
23 12	12
23 14	8
23 15	5
23 27	1
23 42	43
24 5	48
24 6	4
24 11	28
24 13	40
24 15	45
24 19	21
24 24	26
24 25	23
24 27	2
24 30	44
24 32	34
24 34	29
24 44	11
24 49	19
25 7	39
25 15	13
25 16	42
25 17	12
25 20	45
25 25	22
25 26	48
25 32	47
25 36	32
25 37	2
25 40	1
25 42	30
25 43	14
25 45	26
25 49	37
26 0	37
26 6	3
26 13	30
26 14	15
26 18	13
26 20	18
26 23	24
26 27	44
26 29	6
26 34	1
26 40	43
26 41	11
26 44	5
26 46	7
26 48	35
27 5	27
27 6	0
27 8	49
27 9	44
27 10	15
27 12	18
27 21	12
27 24	29
27 29	11
27 35	38
27 40	3
27 43	6
28 2	16
28 7	35
28 12	13
28 14	31
28 16	30
28 18	25
28 23	8
28 24	27
28 32	36
28 34	7
28 35	44
28 36	38
28 40	29
29 8	30
29 13	7
29 14	35
29 17	25
29 18	21
29 20	24
29 24	5
29 29	12
29 30	32
29 36	18
29 39	9
29 43	36
29 44	46
29 46	38
29 48	28
29 49	42
30 6	43
30 7	9
30 11	39
30 15	42
30 17	23
30 22	13
30 26	36
30 28	14
30 29	41
30 42	40
30 49	47
31 0	41
31 2	40
31 4	46
31 8	35
31 9	32
31 10	23
31 11	14
31 15	0
31 16	20
31 17	15
31 18	42
31 19	18
31 24	1
31 25	7
31 26	34
31 31	31
31 32	4
31 35	28
31 36	33
31 40	12
32 3	7
32 4	11
32 5	3
32 13	31
32 16	45
32 18	16
32 20	6
32 23	32
32 28	35
32 31	20
32 36	49
32 37	26
32 38	41
32 41	12
32 44	10
32 46	30
33 3	3
33 5	18
33 6	23
33 7	15
33 9	7
33 10	1
33 14	47
33 17	27
33 18	41
33 20	17
33 21	9
33 22	22
33 24	16
33 26	25
33 28	12
33 39	43
33 45	24
33 46	20
34 8	7
34 15	30
34 18	37
34 19	9
34 21	29
34 24	10
34 26	21
34 31	35
34 32	23
34 40	32
34 41	25
34 43	0
34 44	24
34 48	27
35 6	49
35 12	14
35 15	29
35 19	45
35 29	9
35 31	19
35 33	24
35 34	35
35 35	7
35 38	20
35 41	17
35 48	42
36 0	43
36 2	46
36 7	30
36 11	27
36 18	11
36 26	12
36 28	18
36 32	29
36 34	31
36 36	26
36 38	23
36 40	14
36 41	0
36 42	16
37 5	8
37 7	43
37 12	26
37 16	24
37 19	1
37 20	13
37 25	49
37 28	40
37 30	23
37 37	46
37 38	44
37 48	22
37 49	20
38 0	38
38 1	34
38 2	36
38 5	29
38 6	8
38 10	0
38 12	46
38 14	14
38 16	27
38 25	11
38 27	12
38 31	3
38 35	10
38 44	42
38 45	43
39 2	15
39 3	32
39 6	2
39 8	45
39 9	39
39 11	10
39 13	17
39 14	40
39 16	4
39 18	23
39 22	6
39 25	19
39 29	33
39 38	27
39 39	26
39 40	44
39 42	25
39 43	13
39 49	43
40 1	19
40 4	21
40 6	27
40 7	14
40 8	41
40 11	49
40 17	37
40 20	34
40 23	13
40 24	35
40 27	30
40 40	2
40 42	12
40 43	40
41 0	14
41 2	49
41 3	10
41 4	19
41 5	12
41 12	29
41 14	24
41 16	35
41 17	32
41 24	18
41 37	0
41 41	46
41 44	6
41 46	11
42 8	31
42 11	8
42 12	1
42 14	44
42 20	23
42 24	22
42 26	29
42 29	27
42 32	3
42 33	28
42 34	40
42 36	5
42 37	35
42 39	4
42 40	6
42 42	49
42 46	43
42 48	14
42 49	0
43 5	25
43 7	24
43 10	10
43 11	9
43 12	31
43 14	2
43 17	43
43 21	44
43 22	27
43 28	16
43 30	21
43 34	4
43 41	39
43 43	45
43 45	33
44 5	42
44 11	20
44 14	3
44 15	9
44 17	30
44 28	10
44 31	18
44 39	16
44 43	1
44 44	31
44 47	14
44 48	45
45 4	27
45 6	31
45 12	35
45 13	46
45 14	10
45 16	1
45 18	14
45 21	25
45 22	8
45 29	29
45 30	47
45 32	41
45 42	44
45 45	18
45 46	3
46 0	2
46 2	25
46 7	22
46 8	4
46 15	34
46 17	29
46 18	44
46 28	20
46 34	46
46 37	39
46 39	38
47 0	27
47 3	43
47 10	35
47 11	44
47 15	24
47 16	28
47 21	41
47 23	36
47 28	23
47 29	14
47 30	20
47 32	30
47 39	40
47 43	47
47 47	17
48 1	25
48 6	37
48 7	2
48 8	38
48 9	27
48 11	43
48 12	49
48 13	18
48 14	1
48 17	39
48 19	8
48 27	9
48 33	20
48 42	36
48 44	41
48 47	7
49 6	14
49 9	22
49 10	11
49 11	38
49 17	46
49 20	42
49 24	6
49 28	8
49 29	7
49 44	4
49 46	26
