50
0 5	30
0 8	32
0 18	33
0 26	26
0 34	43
0 40	11
0 41	15
0 43	25
0 48	4
1 3	26
1 5	16
1 6	13
1 9	27
1 11	35
1 12	43
1 13	42
1 14	47
1 17	3
1 19	8
1 20	41
1 28	22
1 30	2
1 35	46
1 36	19
1 37	34
1 39	18
1 45	29
1 48	40
1 49	38
2 0	23
2 3	43
2 6	42
2 13	2
2 15	20
2 16	21
2 21	13
2 23	8
2 27	24
2 28	46
2 30	19
2 32	34
2 33	14
2 37	32
2 40	38
2 41	47
2 45	15
2 47	45
2 49	40
3 0	19
3 2	1
3 4	17
3 5	27
3 9	44
3 14	46
3 15	24
3 16	35
3 19	30
3 20	3
3 23	9
3 25	41
3 34	33
3 37	31
3 41	40
3 43	42
3 46	38
3 48	29
3 49	32
4 4	41
4 7	40
4 8	33
4 10	49
4 15	37
4 17	12
4 27	46
4 28	3
4 46	20
5 1	28
5 7	32
5 9	13
5 12	44
5 14	6
5 15	43
5 16	41
5 20	23
5 22	35
5 23	0
5 24	45
5 39	34
5 43	14
6 5	12
6 8	36
6 10	40
6 11	8
6 15	15
6 17	48
6 20	37
6 21	27
6 25	11
6 31	23
6 33	33
6 35	29
6 40	10
6 41	0
6 44	26
6 48	14
7 0	37
7 1	29
7 2	4
7 3	15
7 4	44
7 7	36
7 8	20
7 11	9
7 12	22
7 13	3
7 15	28
7 16	34
7 26	32
7 29	49
7 32	39
7 41	25
7 45	8
7 46	27
7 47	13
8 4	12
8 5	4
8 6	19
8 7	7
8 10	43
8 17	2
8 21	10
8 22	45
8 25	3
8 27	20
8 34	42
8 36	17
8 37	13
8 41	39
8 42	47
8 46	0
8 48	38
9 1	22
9 2	38
9 4	29
9 8	7
9 9	6
9 15	19
9 17	37
9 25	24
9 27	31
9 28	28
9 31	30
9 33	47
9 35	34
9 37	21
9 41	45
9 42	12
9 47	46
9 49	0
10 0	0
10 2	37
10 5	49
10 8	4
10 9	38
10 12	35
10 21	34
10 23	11
10 25	26
10 32	15
10 36	14
10 38	12
10 40	18
10 41	21
10 44	41
10 46	45
10 49	17
11 2	20
11 4	14
11 5	26
11 7	44
11 12	16
11 19	46
11 20	38
11 23	40
11 27	32
11 35	13
11 37	15
11 38	37
11 40	27
11 42	18
12 2	9
12 5	15
12 10	46
12 17	49
12 21	23
12 26	11
12 27	33
12 34	7
12 35	37
12 44	20
12 45	36
13 0	36
13 1	40
13 4	19
13 8	44
13 15	41
13 16	28
13 17	0
13 20	9
13 21	48
13 25	6
13 26	35
13 28	23
13 30	27
13 34	17
13 36	29
13 39	46
13 41	7
13 49	16
14 8	16
14 10	19
14 16	3
14 19	1
14 20	34
14 22	2
14 23	29
14 26	40
14 31	13
14 35	31
14 38	41
14 49	8
15 7	41
15 8	40
15 17	21
15 25	25
15 30	45
15 40	24
16 1	45
16 7	47
16 9	30
16 13	25
16 14	31
16 16	46
16 19	39
16 23	41
16 25	19
16 26	34
16 30	14
16 31	2
16 33	5
16 35	43
16 37	8
16 38	22
16 39	9
16 45	42
16 46	15
17 1	46
17 6	18
17 11	13
17 20	12
17 24	20
17 25	34
17 28	49
17 29	22
17 31	27
17 39	42
17 40	16
17 41	19
17 45	40
17 47	29
17 48	41
18 0	10
18 1	49
18 2	47
18 5	34
18 10	36
18 15	7
18 17	41
18 18	19
18 19	35
18 26	48
18 27	0
18 33	4
18 38	46
18 40	12
18 42	8
18 48	37
19 4	2
19 14	14
19 15	48
19 17	44
19 19	17
19 23	31
19 31	40
19 35	4
19 38	43
19 39	27
19 42	36
19 47	38
19 48	7
20 5	3
20 9	37
20 14	11
20 15	22
20 17	36
20 18	17
20 21	47
20 22	31
20 25	13
20 26	42
20 32	23
20 33	32
20 35	35
20 36	33
20 37	30
20 39	4
20 40	45
20 43	21
20 45	19
21 5	38
21 7	43
21 9	41
21 11	2
21 13	21
21 14	25
21 17	6
21 23	13
21 27	17
21 30	24
21 31	29
21 33	15
21 35	39
21 36	40
21 37	42
21 39	33
21 40	8
21 43	35
21 48	48
22 0	46
22 5	29
22 6	28
22 7	38
22 9	47
22 11	11
22 12	0
22 13	4
22 15	10
22 19	44
22 22	16
22 25	23
22 27	7
22 29	45
22 31	20
22 32	6
22 34	31
22 36	30
22 39	5
22 44	14
22 48	15
23 4	35
23 5	20
23 6	46
23 9	31
23 12	11
23 18	15
23 24	24
23 25	39
23 28	43
23 30	33
23 34	22
23 45	34
23 47	9
23 48	6
24 1	48
24 2	6
24 3	40
24 5	14
24 10	45
24 14	16
24 21	43
24 22	17
24 24	10
24 25	20
24 26	1
24 27	4
24 30	46
24 31	44
24 33	34
24 37	18
24 38	29
24 42	23
25 6	49
25 8	22
25 12	41
25 14	20
25 24	40
25 25	7
25 27	11
25 32	8
25 33	35
25 34	23
25 35	9
25 36	3
26 4	25
26 7	21
26 14	35
26 15	23
26 20	24
26 21	18
26 28	19
26 29	17
26 30	34
26 31	5
26 32	32
26 34	4
26 35	6
26 39	11
26 41	30
27 5	45
27 6	38
27 7	3
27 10	11
27 11	32
27 13	34
27 15	16
27 16	22
27 21	15
27 22	40
27 26	19
27 28	6
27 40	20
27 43	47
27 47	35
27 48	12
28 1	16
28 3	49
28 11	33
28 13	22
28 14	10
28 15	26
28 22	24
28 23	46
28 26	13
28 29	9
28 34	6
28 36	12
28 37	7
28 40	44
28 41	3
28 46	35
28 47	2
28 48	47
28 49	1
29 0	41
29 4	42
29 11	48
29 12	13
29 20	15
29 25	8
29 26	5
29 32	27
29 35	47
29 41	34
29 44	10
29 48	3
30 2	19
30 5	23
30 6	0
30 9	22
30 12	9
30 14	2
30 18	42
30 24	7
30 25	33
30 26	38
30 28	4
30 30	16
30 38	1
30 39	29
30 45	35
31 7	12
31 12	1
31 13	27
31 16	13
31 21	3
31 23	21
31 29	24
31 30	22
31 38	0
31 40	32
31 44	36
32 0	18
32 3	47
32 6	23
32 11	24
32 18	16
32 23	3
32 24	34
32 27	2
32 28	1
32 30	12
32 32	33
32 35	20
32 42	39
33 0	11
33 1	43
33 4	13
33 9	19
33 11	44
33 23	35
33 28	15
33 32	40
33 36	0
33 37	39
33 40	23
33 41	31
33 46	32
34 0	42
34 1	24
34 2	23
34 8	26
34 9	45
34 15	47
34 19	28
34 25	0
34 27	13
34 28	31
34 31	38
34 36	15
34 39	44
34 41	12
34 42	11
34 48	18
35 3	13
35 5	33
35 7	35
35 25	31
35 29	37
35 38	23
35 46	41
36 0	32
36 5	46
36 7	16
36 8	45
36 9	10
36 17	25
36 18	3
36 21	14
36 25	38
36 35	30
36 39	22
36 45	2
36 46	7
36 47	36
37 2	24
37 5	18
37 6	36
37 7	14
37 8	30
37 11	28
37 12	31
37 20	44
37 26	45
37 28	42
37 32	9
37 33	8
37 39	17
37 48	34
38 0	34
38 2	39
38 3	7
38 4	23
38 6	14
38 8	19
38 10	5
38 12	10
38 14	45
38 18	26
38 21	25
38 23	48
38 31	22
38 34	11
38 39	38
38 42	9
38 43	33
38 44	43
38 47	17
39 4	36
39 8	17
39 12	29
39 13	47
39 17	31
39 18	30
39 19	11
39 24	3
39 27	19
39 30	43
39 32	16
39 34	41
39 36	6
39 37	12
39 41	2
39 42	28
39 43	9
39 44	46
39 48	44
39 49	10
40 4	21
40 10	13
40 16	11
40 20	4
40 21	46
40 22	39
40 27	10
40 28	12
40 29	18
40 34	49
40 36	23
40 45	25
40 48	9
40 49	44
41 2	3
41 3	41
41 4	38
41 5	6
41 8	13
41 12	23
41 13	16
41 15	44
41 17	47
41 18	20
41 27	42
41 30	35
41 32	11
41 37	17
41 42	7
41 43	2
42 0	27
42 11	37
42 12	7
42 14	34
42 18	46
42 24	21
42 38	2
42 40	41
42 42	31
42 44	4
42 45	1
42 49	45
43 10	28
43 11	34
43 14	36
43 18	2
43 20	32
43 21	33
43 25	46
43 28	44
43 30	38
43 38	47
43 48	5
44 4	45
44 8	46
44 10	21
44 13	30
44 20	8
44 23	14
44 29	10
44 30	11
44 31	18
44 38	38
44 39	20
44 45	7
44 47	3
45 1	41
45 13	44
45 16	19
45 20	43
45 21	4
45 23	38
45 26	14
45 31	8
45 32	12
45 33	49
45 34	34
45 36	39
45 37	47
45 39	24
45 40	33
45 42	46
45 43	1
45 45	21
46 0	13
46 6	7
46 7	9
46 11	17
46 17	38
46 19	42
46 26	43
46 30	36
46 33	44
46 34	20
46 35	10
46 36	34
46 37	27
46 44	29
46 46	8
47 1	36
47 8	2
47 10	8
47 13	0
47 15	35
47 22	12
47 27	15
47 31	24
47 32	45
47 43	23
47 49	33
48 0	20
48 2	12
48 5	42
48 9	11
48 11	38
48 12	47
48 13	29
48 21	9
48 26	36
48 27	27
48 28	30
48 31	17
48 35	45
48 36	48
48 39	8
48 40	31
48 43	24
48 44	40
48 46	3
49 0	39
49 2	30
49 9	14
49 10	48
49 12	46
49 16	37
49 25	29
49 31	31
49 33	25
49 35	18
49 38	4
49 39	26
49 43	20
49 47	8
