50
0 0	28
0 1	43
0 2	11
0 3	31
0 4	1
0 7	8
0 8	14
0 9	6
0 10	17
0 12	12
0 13	19
0 14	23
0 15	46
0 17	29
0 20	36
0 21	2
0 22	9
0 23	0
0 24	39
0 25	32
0 26	22
0 27	45
0 28	47
0 30	33
0 31	18
0 32	26
0 34	40
0 35	35
0 36	42
0 37	49
0 38	13
0 40	5
0 43	34
0 46	4
0 48	44
0 49	7
1 1	13
1 2	26
1 4	4
1 5	48
1 7	18
1 8	19
1 9	38
1 10	49
1 12	33
1 14	32
1 15	5
1 16	9
1 17	34
1 18	23
1 19	44
1 20	7
1 21	22
1 22	17
1 23	24
1 24	25
1 25	27
1 26	11
1 27	30
1 28	1
1 29	28
1 30	21
1 31	40
1 34	47
1 35	37
1 37	36
1 38	16
1 39	6
1 40	2
1 42	14
1 43	10
1 44	43
1 45	31
1 46	3
1 47	29
1 48	15
1 49	8
2 1	27
2 3	8
2 4	42
2 5	11
2 7	36
2 8	2
2 9	7
2 10	28
2 11	41
2 12	39
2 13	16
2 14	38
2 15	15
2 17	4
2 18	3
2 20	37
2 21	33
2 23	47
2 24	30
2 25	12
2 26	35
2 27	5
2 28	22
2 29	20
2 30	34
2 31	26
2 32	14
2 33	6
2 34	46
2 35	9
2 36	0
2 37	17
2 38	45
2 39	18
2 40	31
2 41	44
2 42	23
2 43	32
2 44	25
2 45	21
2 47	19
2 48	29
2 49	48
3 0	15
3 3	19
3 4	34
3 5	26
3 7	49
3 8	38
3 9	3
3 10	39
3 12	23
3 13	4
3 14	22
3 15	21
3 16	11
3 17	45
3 18	1
3 19	29
3 20	25
3 22	16
3 23	13
3 24	37
3 25	5
3 26	9
3 28	40
3 29	42
3 30	17
3 31	32
3 32	44
3 33	47
3 34	2
3 35	18
3 36	30
3 37	48
3 38	7
3 39	46
3 40	27
3 41	35
3 42	10
3 43	20
3 44	36
3 45	28
3 46	43
3 47	8
3 48	12
4 0	2
4 2	44
4 3	37
4 4	12
4 6	16
4 7	34
4 9	23
4 10	24
4 11	42
4 13	36
4 14	43
4 15	30
4 16	4
4 17	8
4 18	27
4 20	17
4 21	35
4 22	5
4 24	22
4 25	25
4 26	14
4 27	11
4 28	9
4 29	29
4 30	41
4 31	49
4 32	48
4 34	20
4 35	38
4 36	31
4 37	33
4 38	46
4 39	21
4 40	0
4 42	39
4 43	19
4 44	15
4 45	40
4 47	47
4 48	13
4 49	3
5 1	40
5 2	18
5 3	32
5 4	39
5 5	9
5 7	41
5 8	42
5 9	15
5 10	31
5 12	45
5 13	20
5 15	29
5 16	21
5 17	13
5 18	16
5 19	28
5 20	34
5 21	38
5 22	0
5 23	26
5 24	6
5 26	8
5 27	2
5 29	46
5 30	43
5 31	5
5 33	1
5 35	47
5 36	3
5 37	37
5 38	44
5 39	22
5 40	35
5 41	25
5 43	48
5 44	30
5 45	17
5 47	14
5 48	10
5 49	4
6 0	32
6 1	3
6 2	25
6 3	44
6 4	9
6 5	14
6 6	34
6 8	47
6 9	46
6 10	33
6 11	22
6 12	13
6 13	7
6 16	8
6 17	5
6 19	23
6 20	29
6 22	41
6 23	40
6 24	42
6 25	36
6 26	26
6 27	39
6 28	38
6 29	2
6 30	35
6 32	19
6 33	30
6 36	37
6 37	45
6 38	1
6 39	10
6 40	43
6 41	11
6 42	18
6 43	6
6 44	48
6 46	17
6 47	31
6 48	0
6 49	16
7 0	14
7 1	18
7 2	17
7 3	39
7 4	33
7 5	8
7 6	11
7 7	43
7 8	5
7 9	26
7 10	22
7 11	0
7 13	48
7 14	36
7 15	35
7 16	25
7 17	46
7 19	47
7 21	4
7 22	7
7 24	45
7 25	9
7 29	23
7 30	16
7 31	41
7 33	42
7 34	15
7 35	27
7 38	28
7 39	38
7 40	6
7 41	12
7 43	21
7 44	20
7 45	44
7 47	34
7 49	40
8 0	4
8 1	34
8 2	29
8 3	5
8 10	42
8 11	37
8 12	7
8 13	30
8 14	28
8 15	48
8 17	33
8 18	8
8 19	35
8 21	16
8 22	22
8 23	38
8 24	13
8 25	45
8 26	36
8 27	10
8 28	31
8 29	43
8 30	44
8 31	6
8 32	27
8 33	24
8 34	21
8 35	32
8 37	15
8 39	3
8 40	47
8 41	18
8 42	1
8 44	12
8 45	11
8 47	26
8 48	39
8 49	9
9 0	35
9 1	6
9 4	24
9 6	17
9 7	10
9 8	1
9 9	12
9 10	16
9 11	28
9 12	27
9 13	18
9 14	0
9 15	20
9 16	14
9 17	25
9 18	29
9 20	4
9 21	42
9 22	47
9 23	2
9 25	44
9 26	33
9 27	3
9 28	37
9 29	40
9 30	38
9 31	13
9 32	5
9 33	11
9 34	41
9 35	46
9 36	19
9 37	23
9 38	8
9 39	31
9 40	34
9 41	30
9 42	21
9 43	49
9 44	9
9 45	36
9 46	48
9 48	26
9 49	45
10 0	29
10 1	37
10 2	23
10 3	14
10 4	25
10 5	0
10 6	7
10 7	35
10 8	21
10 9	34
10 10	38
10 12	5
10 13	10
10 14	20
10 16	45
10 17	47
10 18	43
10 19	8
10 20	28
10 23	15
10 24	24
10 25	3
10 26	41
10 27	46
10 28	30
10 29	1
10 30	22
10 31	2
10 33	13
10 34	33
10 36	36
10 37	11
10 38	42
10 39	44
10 40	18
10 41	4
10 42	19
10 45	16
10 47	6
10 48	27
10 49	12
11 0	20
11 1	16
11 2	13
11 3	26
11 4	31
11 5	34
11 7	25
11 8	4
11 9	8
11 10	1
11 11	19
11 13	44
11 14	5
11 15	2
11 16	17
11 17	0
11 18	22
11 19	37
11 20	10
11 21	45
11 22	15
11 23	27
11 25	46
11 26	49
11 27	7
11 28	35
11 29	24
11 30	42
11 32	41
11 33	18
11 34	14
11 35	36
11 36	12
11 38	40
11 39	23
11 42	6
11 43	9
11 44	33
11 46	38
11 47	39
11 48	32
11 49	43
12 0	36
12 1	21
12 3	1
12 4	19
12 6	2
12 7	28
12 9	9
12 10	41
12 11	32
12 12	35
12 14	11
12 15	37
12 16	20
12 19	46
12 20	44
12 21	3
12 23	34
12 24	38
12 25	16
12 27	15
12 28	18
12 30	40
12 31	48
12 33	22
12 35	45
12 37	31
12 38	26
12 39	17
12 40	7
12 41	29
12 42	0
12 43	8
12 44	4
12 46	30
12 47	24
12 48	42
12 49	25
13 0	26
13 1	14
13 2	42
13 3	49
13 4	18
13 6	47
13 7	33
13 9	11
13 10	36
13 11	38
13 12	15
13 13	6
13 14	10
13 15	44
13 17	35
13 18	9
13 19	13
13 20	43
13 21	25
13 22	1
13 23	7
13 24	32
13 25	21
13 26	40
13 27	20
13 33	37
13 34	28
13 36	48
13 37	2
13 38	34
13 40	39
13 41	17
13 42	46
13 44	19
13 46	31
13 47	3
13 49	29
14 0	8
14 2	10
14 3	4
14 4	23
14 5	47
14 6	20
14 8	17
14 9	0
14 10	35
14 12	46
14 13	39
14 14	19
14 15	42
14 16	30
14 17	6
14 21	15
14 22	25
14 23	11
14 24	5
14 25	37
14 26	2
14 27	27
14 28	45
14 29	36
14 30	12
14 31	24
14 33	26
14 35	7
14 36	44
14 37	1
14 38	21
14 39	13
14 40	48
14 41	3
14 42	31
14 43	41
14 45	9
14 46	49
14 47	22
14 48	40
14 49	14
15 1	49
15 2	8
15 4	44
15 5	22
15 6	4
15 9	16
15 12	11
15 13	5
15 14	25
15 15	28
15 16	26
15 18	13
15 19	15
15 21	39
15 22	3
15 23	37
15 24	41
15 25	38
15 26	21
15 27	34
15 28	33
15 29	35
15 31	45
15 32	2
15 33	29
15 34	42
15 35	6
15 36	24
15 37	40
15 38	18
15 39	19
15 41	0
15 42	43
15 43	36
15 44	31
15 45	1
15 48	48
15 49	46
16 0	43
16 1	20
16 2	2
16 3	17
16 4	13
16 6	18
16 7	19
16 8	16
16 9	1
16 10	10
16 11	31
16 12	48
16 13	29
16 14	47
16 15	22
16 16	12
16 17	39
16 18	44
16 19	49
16 20	40
16 21	37
16 22	4
16 23	5
16 24	27
16 25	7
16 26	46
16 27	23
16 28	14
16 29	34
16 30	32
16 31	9
16 32	33
16 33	28
16 34	11
16 35	24
16 36	25
16 37	3
16 38	30
16 39	26
16 40	8
16 41	41
16 42	42
16 45	45
16 47	35
16 49	38
17 0	31
17 1	45
17 2	35
17 4	10
17 5	13
17 7	38
17 8	32
17 10	25
17 11	15
17 12	24
17 13	33
17 14	26
17 15	3
17 16	1
17 17	19
17 18	0
17 19	11
17 20	23
17 21	48
17 22	21
17 23	28
17 24	47
17 25	17
17 26	4
17 27	36
17 28	42
17 29	14
17 31	30
17 34	8
17 35	29
17 36	9
17 38	22
17 39	2
17 40	12
17 41	20
17 42	7
17 44	5
17 45	34
17 46	44
17 47	27
17 48	37
18 0	24
18 1	15
18 2	4
18 5	38
18 6	44
18 8	13
18 9	22
18 10	21
18 12	37
18 13	43
18 15	23
18 18	47
18 20	31
18 22	48
18 23	18
18 24	19
18 25	35
18 26	20
18 27	42
18 28	6
18 29	39
18 30	7
18 31	3
18 33	16
18 34	30
18 37	32
18 38	0
18 39	34
18 40	28
18 42	26
18 43	11
18 45	8
18 46	33
18 47	40
18 49	10
19 0	22
19 3	25
19 4	30
19 5	31
19 6	27
19 9	10
19 10	37
19 11	36
19 12	43
19 13	8
19 14	35
19 15	19
19 16	24
19 18	39
19 19	2
19 20	13
19 22	33
19 23	16
19 24	49
19 25	15
19 26	32
19 27	12
19 28	17
19 29	9
19 31	7
19 32	21
19 33	44
19 35	26
19 36	28
19 37	6
19 38	11
19 39	42
19 40	46
19 41	14
19 42	20
19 43	1
19 44	23
19 45	18
19 46	40
19 47	38
19 48	34
19 49	41
20 0	17
20 1	11
20 2	41
20 3	34
20 7	15
20 8	44
20 9	42
20 10	27
20 13	9
20 14	3
20 15	45
20 16	36
20 18	32
20 21	8
20 22	18
20 23	46
20 24	0
20 25	29
20 26	6
20 27	25
20 28	20
20 29	13
20 30	47
20 31	23
20 33	2
20 34	31
20 35	1
20 36	10
20 37	21
20 39	28
20 40	49
20 41	19
20 42	4
20 44	24
20 45	38
20 46	16
20 47	48
20 48	35
21 0	19
21 1	26
21 3	23
21 4	38
21 5	27
21 6	45
21 7	42
21 8	9
21 9	13
21 11	4
21 12	49
21 13	47
21 14	29
21 15	6
21 16	48
21 18	40
21 19	33
21 21	34
21 22	11
21 23	31
21 24	36
21 25	24
21 26	12
21 27	41
21 28	46
21 29	25
21 31	20
21 32	39
21 33	35
21 34	10
21 35	43
21 36	18
21 38	15
21 39	14
21 40	21
21 42	16
21 43	3
21 44	7
21 45	32
21 46	0
21 47	5
21 48	17
21 49	1
22 0	12
22 1	35
22 2	30
22 3	46
22 4	32
22 5	37
22 7	21
22 8	49
22 9	48
22 10	47
22 11	2
22 12	31
22 13	3
22 14	7
22 15	18
22 17	23
22 19	5
22 20	24
22 21	17
22 22	45
22 23	43
22 24	40
22 26	25
22 27	8
22 28	41
22 29	26
22 30	13
22 32	29
22 33	20
22 34	22
22 35	28
22 36	38
22 37	14
22 39	1
22 42	27
22 43	0
22 44	34
22 46	6
22 47	33
22 48	36
22 49	42
23 0	40
23 1	0
23 2	20
23 3	16
23 4	46
23 5	1
23 6	19
23 7	47
23 8	43
23 9	39
23 11	9
23 12	29
23 13	42
23 14	44
23 15	31
23 16	22
23 17	26
23 18	34
23 19	48
23 25	10
23 26	45
23 28	2
23 29	17
23 30	37
23 31	25
23 32	49
23 33	36
23 34	38
23 35	12
23 36	7
23 37	18
23 38	3
23 39	24
23 40	4
23 42	5
23 43	30
23 44	35
23 45	27
23 46	8
23 47	11
23 48	41
23 49	23
24 0	9
24 1	47
24 2	40
24 3	2
24 4	0
24 5	4
24 7	27
24 8	35
24 9	45
24 10	7
24 14	17
24 15	34
24 16	18
24 18	24
24 19	3
24 20	16
24 22	10
24 23	12
24 24	46
24 25	31
24 27	48
24 28	29
24 29	41
24 30	19
24 31	37
24 32	38
24 33	49
24 36	39
24 37	42
24 38	6
24 39	36
24 40	1
24 41	8
24 43	23
24 45	22
24 48	33
24 49	20
25 0	16
25 1	44
25 2	24
25 3	45
25 4	14
25 5	35
25 6	26
25 8	7
25 10	23
25 11	12
25 12	0
25 13	46
25 14	2
25 15	47
25 16	34
25 17	28
25 18	36
25 19	31
25 20	38
25 21	21
25 22	30
25 23	49
25 24	1
25 25	41
25 26	13
25 27	40
25 28	39
25 29	19
25 30	8
25 31	43
25 32	37
25 33	33
25 34	9
25 35	15
25 38	10
25 40	42
25 41	48
25 42	29
25 44	3
25 46	22
25 47	18
25 49	27
26 1	33
26 2	1
26 3	40
26 4	27
26 5	23
26 6	6
26 7	20
26 8	48
26 9	35
26 10	11
26 11	47
26 12	4
26 13	2
26 15	43
26 16	41
26 17	9
26 18	31
26 19	12
26 20	15
26 21	14
26 22	44
26 23	36
26 25	28
26 27	18
26 28	8
26 29	16
26 30	0
26 31	42
26 32	32
26 33	39
26 34	5
26 36	46
26 37	26
26 38	37
26 40	3
26 43	17
26 44	29
26 46	21
26 47	49
27 1	25
27 2	34
27 3	29
27 4	28
27 5	12
27 6	22
27 7	26
27 8	24
27 9	5
27 10	15
27 11	45
27 12	2
27 13	0
27 14	30
27 16	40
27 19	36
27 21	10
27 22	38
27 23	1
27 24	11
27 25	39
27 26	44
27 27	37
27 28	48
27 29	32
27 30	23
27 35	31
27 36	16
27 38	20
27 39	49
27 40	19
27 41	43
27 42	33
27 43	47
27 44	14
27 45	35
27 47	7
28 0	25
28 1	31
28 2	49
28 3	21
28 4	8
28 5	19
28 6	13
28 9	41
28 10	20
28 11	24
28 13	23
28 14	1
28 15	11
28 16	32
28 17	2
28 18	48
28 19	38
28 20	39
28 22	42
28 23	45
28 24	33
28 25	40
28 26	27
28 27	16
28 28	15
28 29	37
28 30	26
28 31	0
28 32	3
28 33	14
28 34	36
28 36	35
28 37	46
28 38	4
28 40	29
28 42	34
28 43	12
28 44	10
28 45	43
28 46	28
28 47	44
28 48	22
28 49	17
29 2	38
29 3	27
29 4	41
29 6	23
29 7	14
29 10	6
29 12	42
29 13	25
29 14	33
29 16	28
29 17	3
29 19	17
29 20	22
29 21	7
29 22	13
29 23	19
29 24	35
29 25	11
29 26	0
29 27	1
29 28	24
29 30	20
29 31	4
29 33	31
29 34	32
29 35	2
29 36	26
29 37	5
29 40	16
29 41	49
29 42	47
29 43	39
29 44	8
29 46	37
29 47	30
29 49	44
30 1	28
30 2	3
30 3	30
30 4	7
30 6	25
30 7	31
30 8	22
30 9	18
30 10	29
30 11	35
30 12	16
30 13	11
30 14	40
30 15	49
30 16	37
30 17	12
30 18	21
30 19	10
30 20	27
30 21	5
30 23	20
30 25	6
30 26	38
30 27	43
30 28	13
30 29	4
30 30	46
30 31	17
30 33	48
30 34	26
30 35	8
30 37	0
30 38	32
30 40	15
30 41	47
30 42	2
30 43	14
30 44	1
30 46	34
30 47	41
30 48	19
30 49	36
31 0	38
31 1	12
31 4	16
31 6	32
31 7	17
31 8	23
31 9	33
31 10	9
31 11	18
31 12	1
31 13	14
31 14	46
31 16	49
31 17	42
31 18	37
31 19	0
31 20	48
31 21	40
31 22	36
31 23	44
31 24	29
31 25	19
31 26	31
31 27	13
31 28	7
31 29	15
31 30	4
31 31	8
31 32	43
31 33	10
31 35	11
31 36	2
31 37	20
31 38	41
31 40	22
31 42	24
31 43	5
31 44	45
31 45	30
31 46	47
31 47	28
31 48	21
31 49	39
32 0	49
32 2	36
32 3	22
32 4	11
32 5	29
32 7	7
32 8	3
32 9	20
32 10	0
32 11	10
32 12	26
32 13	40
32 15	8
32 16	23
32 18	45
32 20	41
32 21	9
32 22	32
32 23	4
32 24	12
32 25	1
32 26	19
32 27	44
32 28	21
32 29	6
32 30	15
32 31	14
32 32	34
32 35	5
32 36	47
32 37	24
32 38	39
32 39	25
32 40	33
32 41	37
32 42	35
32 45	2
32 46	27
32 47	17
32 48	30
32 49	31
33 0	46
33 1	19
33 2	32
33 4	36
33 5	5
33 6	42
33 8	6
33 9	30
33 10	12
33 11	1
33 12	20
33 13	38
33 14	48
33 16	39
33 20	2
33 21	28
33 22	34
33 24	23
33 25	0
33 26	3
33 27	29
33 29	44
33 30	49
33 32	22
33 33	21
33 34	35
33 35	33
33 39	4
33 41	10
33 42	8
33 43	24
33 44	40
33 45	26
33 46	45
33 47	43
33 48	47
33 49	13
34 0	47
34 1	9
34 4	3
34 6	8
34 7	32
34 8	33
34 9	19
34 10	43
34 11	25
34 12	38
34 13	37
34 14	27
34 16	13
34 17	11
34 18	46
34 20	35
34 21	36
34 22	20
34 24	31
34 28	5
34 29	22
34 30	6
34 31	44
34 33	7
34 34	23
34 35	10
34 36	40
34 37	39
34 38	2
34 39	16
34 40	17
34 41	45
34 42	41
34 43	18
34 44	28
34 46	42
34 47	15
34 48	1
34 49	34
35 0	5
35 1	22
35 2	28
35 3	7
35 4	21
35 5	15
35 6	31
35 7	13
35 11	29
35 13	1
35 14	41
35 15	32
35 16	44
35 17	49
35 18	11
35 21	30
35 22	8
35 23	39
35 25	18
35 26	10
35 27	26
35 28	3
35 29	38
35 30	48
35 32	12
35 33	40
35 35	42
35 36	14
35 39	20
35 41	9
35 42	25
35 43	37
35 45	19
35 47	45
35 48	43
35 49	24
36 0	10
36 1	30
36 2	12
36 3	3
36 4	5
36 7	11
36 8	15
36 9	25
36 10	26
36 11	49
36 12	9
36 13	22
36 14	8
36 15	24
36 16	33
36 17	31
36 18	35
36 19	4
36 20	46
36 21	18
36 22	2
36 23	32
36 24	14
36 26	23
36 27	28
36 30	1
36 33	19
36 34	48
36 35	40
36 36	17
36 37	7
36 38	47
36 39	45
36 40	37
36 41	6
36 43	42
36 44	39
36 45	20
36 46	29
36 48	38
36 49	21
37 0	0
37 2	45
37 3	9
37 5	6
37 6	3
37 7	40
37 8	11
37 10	30
37 11	20
37 12	25
37 15	38
37 17	27
37 18	2
37 19	7
37 20	1
37 21	12
37 23	22
37 24	8
37 25	42
37 26	16
37 27	33
37 28	4
37 30	31
37 31	10
37 32	24
37 33	23
37 34	19
37 35	44
37 36	34
37 38	35
37 39	5
37 40	36
37 43	29
37 44	18
37 45	41
37 46	14
37 47	13
37 48	46
37 49	47
38 0	1
38 2	46
38 4	6
38 5	40
38 6	35
38 7	3
38 8	28
38 10	8
38 11	16
38 12	17
38 13	15
38 14	37
38 15	10
38 17	24
38 18	5
38 19	45
38 20	20
38 22	43
38 23	25
38 24	9
38 25	13
38 26	34
38 27	47
38 28	26
38 29	11
38 30	2
38 31	19
38 32	18
38 33	41
38 34	7
38 35	4
38 36	21
38 37	22
38 38	33
38 40	14
38 41	36
38 44	38
38 45	23
38 46	12
38 47	42
38 48	49
38 49	32
39 0	41
39 1	2
39 4	15
39 5	46
39 6	9
39 7	1
39 8	26
39 9	27
39 10	32
39 12	22
39 14	6
39 15	4
39 17	44
39 19	34
39 20	18
39 21	31
39 23	29
39 24	16
39 25	43
39 26	42
39 27	17
39 28	36
39 29	10
39 30	45
39 32	30
39 34	37
39 35	49
39 36	5
39 37	19
39 39	8
39 40	40
39 41	13
39 42	11
39 43	7
39 44	21
39 47	20
39 49	28
40 0	11
40 1	1
40 2	15
40 3	42
40 4	49
40 8	0
40 9	14
40 10	40
40 12	34
40 13	28
40 15	17
40 16	7
40 18	19
40 19	20
40 20	32
40 21	6
40 22	23
40 23	8
40 24	18
40 25	2
40 26	48
40 27	9
40 28	44
40 29	21
40 30	27
40 31	47
40 33	5
40 34	13
40 36	41
40 37	12
40 38	43
40 39	35
40 40	38
40 41	24
40 42	37
40 43	33
40 45	25
40 46	26
40 47	46
40 48	31
40 49	30
41 0	44
41 1	46
41 2	22
41 4	40
41 6	33
41 7	2
41 8	30
41 9	4
41 11	21
41 12	19
41 13	49
41 14	31
41 15	41
41 16	29
41 18	14
41 20	5
41 21	27
41 22	26
41 23	35
41 24	48
41 25	23
41 26	18
41 27	38
41 28	12
41 29	3
41 30	36
41 31	1
41 32	47
41 33	17
41 34	0
41 35	20
41 36	43
41 37	13
41 39	39
41 40	10
41 41	42
41 42	15
41 43	45
41 45	6
41 46	11
41 47	9
41 48	8
41 49	37
42 0	6
42 1	5
42 2	48
42 3	43
42 4	17
42 5	2
42 6	1
42 7	30
42 8	8
42 9	31
42 11	7
42 12	44
42 13	27
42 14	39
42 16	42
42 18	10
42 19	25
42 20	19
42 21	41
42 22	40
42 24	26
42 25	14
42 26	24
42 27	21
42 28	23
42 29	12
42 30	29
42 31	35
42 32	15
42 33	3
42 34	45
42 35	22
42 36	13
42 37	34
42 39	11
42 40	20
42 41	32
42 42	9
42 43	16
42 44	47
42 45	0
42 46	46
42 47	4
42 48	28
42 49	49
43 0	21
43 1	36
43 2	39
43 3	47
43 4	29
43 5	18
43 7	48
43 9	43
43 10	45
43 11	5
43 12	30
43 13	17
43 14	34
43 15	1
43 17	14
43 19	41
43 21	11
43 22	19
43 23	9
43 24	2
43 26	15
43 28	10
43 29	8
43 30	25
43 31	46
43 32	20
43 33	4
43 34	6
43 35	23
43 36	32
43 38	49
43 39	0
43 40	24
43 41	40
43 42	28
43 43	44
43 44	27
43 45	42
43 46	13
43 47	16
43 48	7
43 49	26
44 0	37
44 1	17
44 2	16
44 3	38
44 5	49
44 6	15
44 7	22
44 9	2
44 10	5
44 11	33
44 12	41
44 13	32
44 14	42
44 15	0
44 17	20
44 18	7
44 19	18
44 20	6
44 22	46
44 23	23
44 24	28
44 25	30
44 26	1
44 27	24
44 28	34
44 29	47
44 30	11
44 31	12
44 32	25
44 33	8
44 35	3
44 36	4
44 37	9
44 38	36
44 39	40
44 40	45
44 44	44
44 45	29
44 46	39
44 48	14
44 49	35
45 0	18
45 1	24
45 2	19
45 3	13
45 4	35
45 5	7
45 6	10
45 7	9
45 8	20
45 9	36
45 10	3
45 11	44
45 12	8
45 13	41
45 14	16
45 15	39
45 17	21
45 18	25
45 19	27
45 20	42
45 21	46
45 22	29
45 23	17
45 24	34
45 25	48
45 26	5
45 27	32
45 29	30
45 34	49
45 35	0
45 36	33
45 38	31
45 39	37
45 40	26
45 41	23
45 42	40
45 43	28
45 44	6
45 45	47
45 46	2
45 47	1
45 49	15
46 0	48
46 2	33
46 5	44
46 6	40
46 7	16
46 8	39
46 9	24
46 10	46
46 12	32
46 13	45
46 15	12
46 16	35
46 20	3
46 22	14
46 23	42
46 25	20
46 26	17
46 27	49
46 30	9
46 33	27
46 35	19
46 36	6
46 37	47
46 38	23
46 41	5
46 42	36
46 43	4
46 44	26
46 45	37
46 46	10
46 47	0
46 48	11
47 1	23
47 2	9
47 5	10
47 7	46
47 8	36
47 9	29
47 10	4
47 11	8
47 13	31
47 15	16
47 16	38
47 17	40
47 18	49
47 19	19
47 20	11
47 21	43
47 22	6
47 23	3
47 24	17
47 26	39
47 27	35
47 28	25
47 30	18
47 32	42
47 33	34
47 34	1
47 35	41
47 36	22
47 37	44
47 38	14
47 39	7
47 40	32
47 42	45
47 43	26
47 47	37
47 48	24
48 0	33
48 1	42
48 2	14
48 3	10
48 4	47
48 6	46
48 7	39
48 8	31
48 9	37
48 10	48
48 11	40
48 12	18
48 13	35
48 15	25
48 16	0
48 17	36
48 18	26
48 19	32
48 20	45
48 21	44
48 23	21
48 24	20
48 25	8
48 26	30
48 27	22
48 28	43
48 29	5
48 30	3
48 31	34
48 32	6
48 34	29
48 35	17
48 38	24
48 39	41
48 40	13
48 41	1
48 42	49
48 45	7
48 46	19
48 47	23
48 48	4
48 49	11
49 0	39
49 1	29
49 2	27
49 3	24
49 5	20
49 6	21
49 10	19
49 11	11
49 12	40
49 13	34
49 14	18
49 15	33
49 16	6
49 17	1
49 19	42
49 20	9
49 21	23
49 23	48
49 24	3
49 26	28
49 27	14
49 29	7
49 30	30
49 31	36
49 33	0
49 34	17
49 36	8
49 37	10
49 38	12
49 39	47
49 41	38
49 42	22
49 43	35
49 44	37
49 45	46
49 46	15
49 47	2
49 49	5
