50
0 1	37
0 3	12
0 4	1
0 5	20
0 6	26
0 7	10
0 8	31
0 9	4
0 10	34
0 11	38
0 12	48
0 15	47
0 17	46
0 18	9
0 19	24
0 20	35
0 21	44
0 22	25
0 23	40
0 24	22
0 25	13
0 27	7
0 28	30
0 29	42
0 32	17
0 33	3
0 35	21
0 36	29
0 37	14
0 39	8
0 40	19
0 41	32
0 42	18
0 43	41
0 44	36
0 45	16
0 46	23
0 47	45
0 48	39
0 49	43
1 0	12
1 1	29
1 3	5
1 5	32
1 6	1
1 7	34
1 9	39
1 10	41
1 11	46
1 12	36
1 13	9
1 15	17
1 16	21
1 17	40
1 18	27
1 19	20
1 21	45
1 24	14
1 25	3
1 26	42
1 28	44
1 29	28
1 30	4
1 31	43
1 32	24
1 33	18
1 34	26
1 35	30
1 37	10
1 39	7
1 40	22
1 42	35
1 43	49
1 45	19
1 46	15
1 47	25
1 48	38
2 2	9
2 3	21
2 4	16
2 5	7
2 6	17
2 7	30
2 8	5
2 9	32
2 10	28
2 11	42
2 12	27
2 13	14
2 14	8
2 15	24
2 16	0
2 17	18
2 19	37
2 20	40
2 21	39
2 22	44
2 23	25
2 26	45
2 27	31
2 28	12
2 30	2
2 31	11
2 32	43
2 33	35
2 35	38
2 36	33
2 38	29
2 40	47
2 41	10
2 43	46
2 44	26
2 45	23
2 46	36
2 49	41
3 2	11
3 3	34
3 6	6
3 7	5
3 8	42
3 9	2
3 10	35
3 11	23
3 12	32
3 13	8
3 14	1
3 15	25
3 17	29
3 18	43
3 20	14
3 21	28
3 22	19
3 23	45
3 24	13
3 25	44
3 26	17
3 27	15
3 29	39
3 30	38
3 31	9
3 32	33
3 33	48
3 34	37
3 35	4
3 36	46
3 37	47
3 38	3
3 39	31
3 40	18
3 41	24
3 42	41
3 43	40
3 44	16
3 46	26
3 48	30
4 0	26
4 1	43
4 4	33
4 5	1
4 7	27
4 8	45
4 9	46
4 11	2
4 12	38
4 13	32
4 14	23
4 16	48
4 17	49
4 18	19
4 19	40
4 22	14
4 23	4
4 24	28
4 25	41
4 26	29
4 28	21
4 29	10
4 30	8
4 31	15
4 32	7
4 33	0
4 35	16
4 36	39
4 37	42
4 39	30
4 40	37
4 41	13
4 42	34
4 43	12
4 45	44
4 46	6
4 47	36
4 48	9
4 49	11
5 0	39
5 1	5
5 3	24
5 4	26
5 5	35
5 8	29
5 9	14
5 10	21
5 11	44
5 12	4
5 13	43
5 17	13
5 19	16
5 20	15
5 21	22
5 22	34
5 23	8
5 24	31
5 25	12
5 26	6
5 27	48
5 28	47
5 29	33
5 30	32
5 33	38
5 34	18
5 37	46
5 38	27
5 39	20
5 41	17
5 42	19
5 43	11
5 45	42
5 46	10
5 47	1
5 48	7
6 0	42
6 1	10
6 2	48
6 3	28
6 6	46
6 7	16
6 8	22
6 9	20
6 11	12
6 12	40
6 13	21
6 14	30
6 15	27
6 16	1
6 17	37
6 18	6
6 19	11
6 20	13
6 21	29
6 23	44
6 24	36
6 25	32
6 27	0
6 28	23
6 29	38
6 30	9
6 31	18
6 34	24
6 36	17
6 38	49
6 39	33
6 41	34
6 42	25
6 43	7
6 44	45
6 45	41
6 46	19
6 47	14
6 48	4
7 0	46
7 1	12
7 3	30
7 4	36
7 5	28
7 6	21
7 7	4
7 8	10
7 9	31
7 10	23
7 11	26
7 12	41
7 13	48
7 14	9
7 15	6
7 16	3
7 17	33
7 18	2
7 19	17
7 20	29
7 21	7
7 22	43
7 23	42
7 24	40
7 25	24
7 26	32
7 27	47
7 28	18
7 29	14
7 30	39
7 31	27
7 32	20
7 33	25
7 35	37
7 36	1
7 37	0
7 39	16
7 41	45
7 42	8
7 43	44
7 44	13
7 45	22
7 46	49
7 48	15
7 49	35
8 0	16
8 2	46
8 3	43
8 4	7
8 5	10
8 6	34
8 7	28
8 8	30
8 9	6
8 10	31
8 11	13
8 12	44
8 13	4
8 14	49
8 16	24
8 17	35
8 18	1
8 19	27
8 20	33
8 21	37
8 22	17
8 23	14
8 26	38
8 28	20
8 29	3
8 30	0
8 31	45
8 32	5
8 33	12
8 34	25
8 36	8
8 37	40
8 38	42
8 39	26
8 40	23
8 42	22
8 44	18
8 45	11
8 46	32
8 47	41
8 48	29
9 0	32
9 2	1
9 3	33
9 4	38
9 5	44
9 7	35
9 8	49
9 9	12
9 10	26
9 11	19
9 12	2
9 13	23
9 14	39
9 15	43
9 16	28
9 17	3
9 18	14
9 19	45
9 20	41
9 21	47
9 22	0
9 23	10
9 24	17
9 25	22
9 27	13
9 29	4
9 30	48
9 31	7
9 32	6
9 33	8
9 34	9
9 36	15
9 38	40
9 39	46
9 41	27
9 43	5
9 44	29
9 46	31
9 47	18
9 48	21
9 49	37
10 0	14
10 1	26
10 2	19
10 3	41
10 4	49
10 5	11
10 6	13
10 7	15
10 8	18
10 9	3
10 10	2
10 11	45
10 12	39
10 13	30
10 14	28
10 18	37
10 19	32
10 21	27
10 22	23
10 23	31
10 24	24
10 25	47
10 27	16
10 28	5
10 29	44
10 30	1
10 31	20
10 34	43
10 37	9
10 39	17
10 40	36
10 41	22
10 44	35
10 45	46
10 46	48
10 47	38
10 49	34
11 1	28
11 2	33
11 3	35
11 4	5
11 5	3
11 6	7
11 7	36
11 8	19
11 10	4
11 11	47
11 12	42
11 13	39
11 14	34
11 17	9
11 18	15
11 19	12
11 20	32
11 21	0
11 22	40
11 23	17
11 24	16
11 28	38
11 29	22
11 30	43
11 31	46
11 32	18
11 33	24
11 36	31
11 37	21
11 38	23
11 39	1
11 41	37
11 42	45
11 43	48
11 45	2
11 46	41
11 47	26
11 48	11
11 49	6
12 1	17
12 2	28
12 3	11
12 5	39
12 6	8
12 7	44
12 8	6
12 10	22
12 11	25
12 13	33
12 14	43
12 17	4
12 18	26
12 19	30
12 20	48
12 21	46
12 22	45
12 23	12
12 25	10
12 26	41
12 27	42
12 28	29
12 30	34
12 32	21
12 33	32
12 34	31
12 38	7
12 39	18
12 41	40
12 43	16
12 45	27
12 46	0
12 47	23
12 48	1
12 49	38
13 1	11
13 2	27
13 3	39
13 4	37
13 5	29
13 6	15
13 7	14
13 8	35
13 9	22
13 10	48
13 11	36
13 12	0
13 13	17
13 14	2
13 17	7
13 18	18
13 19	10
13 21	24
13 22	38
13 23	47
13 24	1
13 25	4
13 26	31
13 27	40
13 29	32
13 30	20
13 31	44
13 32	49
13 33	6
13 34	23
13 36	43
13 37	8
13 39	28
13 40	9
13 41	26
13 42	30
13 43	3
13 44	12
13 45	33
13 46	21
13 47	42
13 48	5
13 49	13
14 0	40
14 1	15
14 3	10
14 4	42
14 5	24
14 6	3
14 7	47
14 9	44
14 10	43
14 11	1
14 14	37
14 15	48
14 16	33
14 19	6
14 20	18
14 21	20
14 22	9
14 23	32
14 24	38
14 25	0
14 26	7
14 27	45
14 28	25
14 29	16
14 31	22
14 33	19
14 34	27
14 35	2
14 36	36
14 38	26
14 40	11
14 42	29
14 43	34
14 44	41
14 45	31
14 46	12
14 47	8
14 48	14
15 0	30
15 2	14
15 4	46
15 5	19
15 6	41
15 7	20
15 8	12
15 10	33
15 11	37
15 12	11
15 14	29
15 16	27
15 17	6
15 18	47
15 20	8
15 21	4
15 22	32
15 23	13
15 24	2
15 25	26
15 26	22
15 28	7
15 29	17
15 31	36
15 32	28
15 33	16
15 34	42
15 35	48
15 36	45
15 38	34
15 39	25
15 41	9
15 42	23
15 44	3
15 45	24
15 47	39
15 48	31
15 49	15
16 0	17
16 1	21
16 2	2
16 3	23
16 5	22
16 6	48
16 7	46
16 8	25
16 9	27
16 11	14
16 13	29
16 14	3
16 15	36
16 16	49
16 18	45
16 19	1
16 21	26
16 23	20
16 24	43
16 25	28
16 26	33
16 27	9
16 29	30
16 30	19
16 31	35
16 33	44
16 34	38
16 35	40
16 36	34
16 37	7
16 38	18
16 39	37
16 40	32
16 41	4
16 42	10
16 43	47
16 45	39
16 46	16
16 47	31
16 48	24
16 49	5
17 0	31
17 2	26
17 3	46
17 4	22
17 6	14
17 7	29
17 9	9
17 10	0
17 11	7
17 12	5
17 13	10
17 14	20
17 15	34
17 16	11
17 17	24
17 19	4
17 20	43
17 22	13
17 23	6
17 25	33
17 27	23
17 28	28
17 29	18
17 30	15
17 31	12
17 33	42
17 34	19
17 35	45
17 36	32
17 37	49
17 38	39
17 39	36
17 41	38
17 43	37
17 44	21
17 45	35
17 46	1
17 47	2
17 48	44
18 0	2
18 2	3
18 4	14
18 5	26
18 6	20
18 7	0
18 8	21
18 10	42
18 11	31
18 12	35
18 13	40
18 14	44
18 16	9
18 17	47
18 18	32
18 20	39
18 23	33
18 25	37
18 26	5
18 27	36
18 28	24
18 29	27
18 30	16
18 31	25
18 32	48
18 33	4
18 34	41
18 35	49
18 36	7
18 37	29
18 38	13
18 39	22
18 40	6
18 41	11
18 42	46
18 43	8
18 45	30
18 46	38
18 47	12
18 48	17
18 49	18
19 0	9
19 1	34
19 2	21
19 3	17
19 4	8
19 5	41
19 7	33
19 8	27
19 9	16
19 10	13
19 11	3
19 12	49
19 14	40
19 16	7
19 17	39
19 18	25
19 19	15
19 20	24
19 21	32
19 22	22
19 24	12
19 25	14
19 26	18
19 27	4
19 29	23
19 30	6
19 32	38
19 33	26
19 34	30
19 35	19
19 36	47
19 37	37
19 38	28
19 39	11
19 41	43
19 43	36
19 44	46
19 45	29
19 47	10
19 48	20
19 49	1
20 0	23
20 2	7
20 5	40
20 7	11
20 8	17
20 9	38
20 10	29
20 11	0
20 14	31
20 15	41
20 16	36
20 18	33
20 19	44
20 22	30
20 23	28
20 26	49
20 28	15
20 30	5
20 32	45
20 33	1
20 34	13
20 35	25
20 36	4
20 37	26
20 38	32
20 39	42
20 40	46
20 41	19
20 42	39
20 43	24
20 44	6
20 46	2
20 48	34
20 49	22
21 0	29
21 1	23
21 2	40
21 4	0
21 5	17
21 7	48
21 8	28
21 9	13
21 10	10
21 11	30
21 13	47
21 15	32
21 16	4
21 17	2
21 18	22
21 19	8
21 20	44
21 21	38
21 22	11
21 23	26
21 25	43
21 26	24
21 27	34
21 28	41
21 30	7
21 31	21
21 32	1
21 33	5
21 34	46
21 35	18
21 36	19
21 37	6
21 39	45
21 40	16
21 41	12
21 42	36
21 43	15
21 44	14
21 45	37
21 46	3
21 48	42
22 0	35
22 1	8
22 2	43
22 4	34
22 5	13
22 10	36
22 11	33
22 12	29
22 13	16
22 14	46
22 15	37
22 16	19
22 17	25
22 18	23
22 19	31
22 20	6
22 21	49
22 22	24
22 23	3
22 25	9
22 26	2
22 27	21
22 28	4
22 29	7
22 30	45
22 32	0
22 33	14
22 34	28
22 35	44
22 36	30
22 37	39
22 38	15
22 39	41
22 40	20
22 41	48
22 43	42
22 44	22
22 45	38
22 46	17
22 47	11
22 48	40
22 49	47
23 0	47
23 1	27
23 2	49
23 3	3
23 4	19
23 6	33
23 7	38
23 8	4
23 9	29
23 10	12
23 11	6
23 12	46
23 13	37
23 14	14
23 15	44
23 16	26
23 17	48
23 18	34
23 19	13
23 20	16
23 22	10
23 23	35
23 24	18
23 25	42
23 26	36
23 27	39
23 28	31
23 29	0
23 30	23
23 31	41
23 33	20
23 34	32
23 35	24
23 36	40
23 37	1
23 38	30
23 39	43
23 41	15
23 42	5
23 43	22
23 44	11
23 45	9
23 46	7
23 47	28
23 48	45
23 49	17
24 0	10
24 1	3
24 2	41
24 3	25
24 4	44
24 5	12
24 6	42
24 7	24
24 8	39
24 9	40
24 10	37
24 11	17
24 13	46
24 14	33
24 15	15
24 16	18
24 17	5
24 18	35
24 19	19
24 20	4
24 22	29
24 23	49
24 24	27
24 26	1
24 27	11
24 29	31
24 30	26
24 31	38
24 33	22
24 35	13
24 38	45
24 39	34
24 40	2
24 41	0
24 42	21
24 43	9
24 44	23
24 45	7
24 46	20
24 47	43
24 48	47
24 49	8
25 0	0
25 1	35
25 2	22
25 4	32
25 5	47
25 6	49
25 7	1
25 8	33
25 10	40
25 11	20
25 12	18
25 15	13
25 16	34
25 17	27
25 18	42
25 20	36
25 21	14
25 22	46
25 23	29
25 24	37
25 25	15
25 26	21
25 27	12
25 28	45
25 29	9
25 31	39
25 32	41
25 33	30
25 35	23
25 36	2
25 37	5
25 38	4
25 40	26
25 41	6
25 42	3
25 44	19
25 45	8
25 47	44
25 48	10
25 49	24
26 0	18
26 1	33
26 2	15
26 3	37
26 4	4
26 5	0
26 6	16
26 7	41
26 12	19
26 13	45
26 16	46
26 17	44
26 18	7
26 20	5
26 21	36
26 22	26
26 25	11
26 27	17
26 28	2
26 30	40
26 31	23
26 35	27
26 36	10
26 38	48
26 39	39
26 40	25
26 42	9
26 43	1
26 44	47
26 46	13
26 47	30
26 49	42
27 2	17
27 3	9
27 7	12
27 8	11
27 9	33
27 10	39
27 11	16
27 12	1
27 13	36
27 14	7
27 16	37
27 17	15
27 18	21
27 19	41
27 20	28
27 21	30
27 22	47
27 23	48
27 24	49
27 25	25
27 26	23
27 27	44
27 28	8
27 29	20
27 30	29
27 31	40
27 32	46
27 33	43
27 34	14
27 35	34
27 36	13
27 38	38
27 39	10
27 40	42
27 41	18
27 42	32
27 43	26
27 44	5
27 45	4
27 46	35
27 47	24
27 48	6
27 49	27
28 0	6
28 1	48
28 3	20
28 4	39
28 6	29
28 7	37
28 9	45
28 10	7
28 12	15
28 13	12
28 15	8
28 16	38
28 20	23
28 21	10
28 22	42
28 25	36
28 26	27
28 28	0
28 29	25
28 31	5
28 32	47
28 33	40
28 34	21
28 35	11
28 36	26
28 37	31
28 38	14
28 39	49
28 40	1
28 41	30
28 42	24
28 43	35
28 44	4
28 45	28
28 46	18
28 47	19
28 48	2
28 49	44
29 0	13
29 1	42
29 3	27
29 4	25
29 5	30
29 7	2
29 9	41
29 10	8
29 12	17
29 13	38
29 14	36
29 16	35
29 17	19
29 18	0
29 19	26
29 20	31
29 21	15
29 22	33
29 24	48
29 25	46
29 26	43
29 27	32
29 28	6
29 29	24
29 30	18
29 31	34
29 32	16
29 33	10
29 35	7
29 36	22
29 37	45
29 38	1
29 41	5
29 42	4
29 43	28
29 45	49
29 47	47
29 48	12
29 49	20
30 0	7
30 1	18
30 2	37
30 3	44
30 4	3
30 5	16
30 6	19
30 7	6
30 8	46
30 9	28
30 11	11
30 13	2
30 14	41
30 15	4
30 16	32
30 17	43
30 18	31
30 19	14
30 20	45
30 21	5
30 22	27
30 23	22
30 24	8
30 25	34
30 26	47
30 27	1
30 28	39
30 29	13
30 30	30
30 32	36
30 33	23
30 34	40
30 36	48
30 37	17
30 38	33
30 39	21
30 40	0
30 42	12
30 43	38
30 46	9
30 47	15
30 48	35
30 49	29
31 0	8
31 1	49
31 2	42
31 3	2
31 7	25
31 8	1
31 9	23
31 10	16
31 11	5
31 13	15
31 14	48
31 15	11
31 16	13
31 17	31
31 19	9
31 20	19
31 21	41
31 22	4
31 23	46
31 24	29
31 25	38
31 26	26
31 28	10
31 29	43
31 30	24
31 31	37
31 33	36
31 34	47
31 36	6
31 37	20
31 39	3
31 40	33
31 41	7
31 42	14
31 43	17
31 44	0
31 45	32
31 46	30
31 47	21
31 48	18
31 49	40
32 0	4
32 1	40
32 2	39
32 3	32
32 4	24
32 5	14
32 6	43
32 7	13
32 8	47
32 9	11
32 10	44
32 12	7
32 13	3
32 15	10
32 16	42
32 18	38
32 19	49
32 20	30
32 21	17
32 22	37
32 23	18
32 24	41
32 25	23
32 26	8
32 27	28
32 28	9
32 29	36
32 30	21
32 31	2
32 32	15
32 33	29
32 34	35
32 35	31
32 37	27
32 38	5
32 39	19
32 41	1
32 42	0
32 43	20
32 44	25
32 45	26
32 48	33
33 0	38
33 1	31
33 3	19
33 5	46
33 6	40
33 8	34
33 10	17
33 11	39
33 12	6
33 13	44
33 15	29
33 16	47
33 17	28
33 18	48
33 19	2
33 21	13
33 22	36
33 23	7
33 24	3
33 25	5
33 26	16
33 27	26
33 30	41
33 31	0
33 32	23
33 33	49
33 34	45
33 36	25
33 37	15
33 38	22
33 41	21
33 42	11
33 43	14
33 44	1
33 45	12
33 46	4
33 49	32
34 2	8
34 3	48
34 5	38
34 6	30
34 7	26
34 8	7
34 9	0
34 10	15
34 11	10
34 12	43
34 13	28
34 15	9
34 16	5
34 17	45
34 18	49
34 19	33
34 20	12
34 21	34
34 22	35
34 23	36
34 24	21
34 25	18
34 26	19
34 27	25
34 28	37
34 29	29
34 31	16
34 32	22
34 33	11
34 34	2
34 36	20
34 39	6
34 43	23
34 44	39
34 45	40
34 46	46
34 47	32
34 48	3
34 49	31
35 0	48
35 1	13
35 2	20
35 3	4
35 4	6
35 5	42
35 6	28
35 7	7
35 8	8
35 9	17
35 10	27
35 11	49
35 12	45
35 13	11
35 14	15
35 15	30
35 16	10
35 17	22
35 18	24
35 19	38
35 20	26
35 21	40
35 22	21
35 23	9
35 24	33
35 25	31
35 26	44
35 27	41
35 28	19
35 29	1
35 30	37
35 31	14
35 33	47
35 35	12
35 36	18
35 37	35
35 38	43
35 39	2
35 41	39
35 42	16
35 43	25
35 44	32
35 45	3
35 46	5
35 47	0
35 48	46
35 49	23
36 0	28
36 1	38
36 2	30
36 3	16
36 4	15
36 5	6
36 6	37
36 7	22
36 9	48
36 10	11
36 11	8
36 13	18
36 14	12
36 15	0
36 16	44
36 22	7
36 23	1
36 24	4
36 26	14
36 27	20
36 28	3
36 29	46
36 30	33
36 31	29
36 33	34
36 34	5
36 35	26
36 36	35
36 37	43
36 38	17
36 39	47
36 41	23
36 44	42
36 45	10
36 46	27
36 47	40
36 48	49
36 49	45
37 0	20
37 1	14
37 2	36
37 3	42
37 5	31
37 6	5
37 7	3
37 8	43
37 10	32
37 11	9
37 12	37
37 13	1
37 14	26
37 15	35
37 16	25
37 17	23
37 18	8
37 19	39
37 21	2
37 22	16
37 23	11
37 24	10
37 25	45
37 26	34
37 27	22
37 28	17
37 31	30
37 32	40
37 33	46
37 34	12
37 35	0
37 37	18
37 38	44
37 39	24
37 40	48
37 42	6
37 43	19
37 44	7
37 46	47
37 47	4
37 48	27
37 49	33
38 0	45
38 1	24
38 2	29
38 3	18
38 4	30
38 6	10
38 7	19
38 8	15
38 9	37
38 10	14
38 13	41
38 14	32
38 15	40
38 17	1
38 18	16
38 19	42
38 20	3
38 21	48
38 22	12
38 24	0
38 25	7
38 26	4
38 27	2
38 28	34
38 29	11
38 31	6
38 32	9
38 33	13
38 34	8
38 35	22
38 36	38
38 37	25
38 38	46
38 41	28
38 42	47
38 43	31
38 44	44
38 45	20
38 48	26
38 49	49
39 2	38
39 3	36
39 4	35
39 6	4
39 7	45
39 8	37
39 9	19
39 11	41
39 12	14
39 13	34
39 14	0
39 16	23
39 17	10
39 18	29
39 19	48
39 20	2
39 22	5
39 23	15
39 24	9
39 25	8
39 26	3
39 27	30
39 28	33
39 29	6
39 30	31
39 31	17
39 33	27
39 34	44
39 35	39
39 36	24
39 37	12
39 39	32
39 42	40
39 43	21
39 44	43
39 45	47
39 46	28
39 47	7
39 48	22
39 49	25
40 0	36
40 2	13
40 3	7
40 4	28
40 6	38
40 7	23
40 8	48
40 9	47
40 10	18
40 12	10
40 13	19
40 14	5
40 15	31
40 16	40
40 17	16
40 18	44
40 19	34
40 20	27
40 23	0
40 24	11
40 25	30
40 27	3
40 28	1
40 29	2
40 30	42
40 31	24
40 32	29
40 33	15
40 34	22
40 35	17
40 36	21
40 37	41
40 38	35
40 39	14
40 40	49
40 41	25
40 42	26
40 46	37
40 47	33
40 48	43
40 49	12
41 0	22
41 1	2
41 2	45
41 3	8
41 4	11
41 5	15
41 6	27
41 8	26
41 10	47
41 11	18
41 12	31
41 13	13
41 14	19
41 16	17
41 18	12
41 20	1
41 21	23
41 22	3
41 23	24
41 24	39
41 25	6
41 26	20
41 27	37
41 28	40
41 30	25
41 31	4
41 32	44
41 33	7
41 34	29
41 36	16
41 39	0
41 40	30
41 41	41
41 42	28
41 44	48
41 45	5
41 46	42
41 47	35
41 48	36
41 49	14
42 0	44
42 1	0
42 2	6
42 3	29
42 4	43
42 5	4
42 6	32
42 7	39
42 8	38
42 9	8
42 10	25
42 13	22
42 14	45
42 15	16
42 16	15
42 17	21
42 23	30
42 24	19
42 26	37
42 27	14
42 28	27
42 29	26
42 31	48
42 32	11
42 33	17
42 34	7
42 39	5
42 40	28
42 42	20
42 44	31
42 45	13
42 47	9
42 49	3
43 0	11
43 1	6
43 2	12
43 4	40
43 5	48
43 6	39
43 7	49
43 8	3
43 10	9
43 11	27
43 12	25
43 14	38
43 17	30
43 19	18
43 20	20
43 22	1
43 24	44
43 25	17
43 26	0
43 27	5
43 28	22
43 29	47
43 30	14
43 31	13
43 32	10
43 33	2
43 34	33
43 35	32
43 36	37
43 37	23
43 38	8
43 39	35
43 40	7
43 45	43
43 46	24
43 47	29
43 49	4
44 0	24
44 1	7
44 2	35
44 3	40
44 4	29
44 5	21
44 6	2
44 7	17
44 8	36
44 9	18
44 10	5
44 11	15
44 12	20
44 13	25
44 14	13
44 16	22
44 17	12
44 18	4
44 19	23
44 20	49
44 21	11
44 22	48
44 23	27
44 24	34
44 26	46
44 27	43
44 28	26
44 30	47
44 32	32
44 33	28
44 35	41
44 36	42
44 37	38
44 38	6
44 40	31
44 41	14
44 42	33
44 43	10
44 44	9
44 45	45
44 46	39
44 47	3
44 48	0
44 49	30
45 0	43
45 2	18
45 3	13
45 4	23
45 5	8
45 6	22
45 7	31
45 8	14
45 9	5
45 10	46
45 11	34
45 12	3
45 13	24
45 14	10
45 15	7
45 17	11
45 18	28
45 19	0
45 20	47
45 21	12
45 22	39
45 23	19
45 25	35
45 26	9
45 27	29
45 28	49
45 29	45
45 31	26
45 32	4
45 34	1
45 36	27
45 37	48
45 39	40
45 40	15
45 41	16
45 42	38
45 43	30
45 44	20
45 45	21
45 46	44
45 47	6
45 48	25
45 49	2
46 0	34
46 1	30
46 2	4
46 5	43
46 6	11
46 8	40
46 11	22
46 12	12
46 13	49
46 14	35
46 15	39
46 16	6
46 17	26
46 18	36
46 19	25
46 20	7
46 21	18
46 22	31
46 24	20
46 25	2
46 26	10
46 27	46
46 30	28
46 32	3
46 33	9
46 34	15
46 35	42
46 36	44
46 37	16
46 38	21
46 42	37
46 43	29
46 44	27
46 45	17
46 46	8
46 47	13
46 48	48
47 0	5
47 1	25
47 2	31
47 3	45
47 4	2
47 5	36
47 6	24
47 7	42
47 8	44
47 9	15
47 10	19
47 11	21
47 12	34
47 14	22
47 16	8
47 17	14
47 18	30
47 19	35
47 20	17
47 21	33
47 22	6
47 24	23
47 25	29
47 26	28
47 27	49
47 28	46
47 29	40
47 30	10
47 31	32
47 33	37
47 34	0
47 35	9
47 36	41
47 37	11
47 38	47
47 39	12
47 40	4
47 41	3
47 42	1
47 43	13
47 44	38
47 45	18
47 47	48
47 48	16
48 0	15
48 1	44
48 2	47
48 3	22
48 4	48
48 5	37
48 6	31
48 7	40
48 8	23
48 9	24
48 10	30
48 11	28
48 12	13
48 13	7
48 15	45
48 16	39
48 17	36
48 18	17
48 19	29
48 20	9
48 22	49
48 23	16
48 24	26
48 25	27
48 26	11
48 27	18
48 28	42
48 29	19
48 30	3
48 31	33
48 32	8
48 33	41
48 35	35
48 36	5
48 37	34
48 39	38
48 40	12
48 41	20
48 42	43
48 43	6
48 44	2
48 45	1
48 46	14
48 47	46
48 49	0
49 0	41
49 1	39
49 2	10
49 3	6
49 4	17
49 6	36
49 7	8
49 8	2
49 9	42
49 10	38
49 11	32
49 12	47
49 13	26
49 14	4
49 15	12
49 16	31
49 17	20
49 19	5
49 20	0
49 21	35
49 22	18
49 23	37
49 24	7
49 25	21
49 26	25
49 27	24
49 28	43
49 29	48
49 31	1
49 32	19
49 33	45
49 34	34
49 35	15
49 36	9
49 37	30
49 39	13
49 40	3
49 42	49
49 43	27
49 45	14
49 48	23
49 49	28
