50
0 0	6
0 1	32
0 4	18
0 9	43
0 12	49
0 15	3
0 16	10
0 17	37
0 18	39
0 20	0
0 21	23
0 24	9
0 26	48
0 31	13
0 40	28
0 44	14
0 46	4
0 47	44
0 48	11
1 3	17
1 5	15
1 16	34
1 18	13
1 31	5
1 33	43
1 34	29
1 35	10
1 37	26
1 46	31
2 2	26
2 6	47
2 8	41
2 10	16
2 15	32
2 19	24
2 22	34
2 23	18
2 35	28
2 38	33
2 40	48
2 41	35
3 1	0
3 2	19
3 4	44
3 15	45
3 16	46
3 22	33
3 30	2
3 34	24
3 35	35
3 37	31
3 39	26
3 44	40
3 45	43
3 48	23
4 3	12
4 4	36
4 8	47
4 12	23
4 13	10
4 24	44
4 32	35
4 33	42
4 34	19
4 35	34
4 42	41
4 44	5
4 47	32
4 48	49
5 2	47
5 4	12
5 8	39
5 10	33
5 15	13
5 16	19
5 21	40
5 23	3
5 24	6
5 26	11
5 27	9
5 29	20
5 30	22
5 32	32
5 41	37
5 43	38
5 49	0
6 0	45
6 5	6
6 9	49
6 18	30
6 27	17
6 31	28
6 32	36
6 33	2
6 41	0
6 45	18
6 49	22
7 3	39
7 4	10
7 5	5
7 9	38
7 10	22
7 12	9
7 15	30
7 16	28
7 20	44
7 22	27
7 23	21
7 31	40
7 35	20
7 38	8
7 42	42
7 45	45
8 4	37
8 5	28
8 7	9
8 14	24
8 15	18
8 17	49
8 18	35
8 21	19
8 22	16
8 27	26
8 32	38
8 33	7
8 36	5
8 37	23
8 38	41
8 42	21
8 46	42
8 47	3
8 48	29
8 49	32
9 1	28
9 9	7
9 11	17
9 17	38
9 21	34
9 26	25
9 27	44
9 30	42
9 31	49
9 32	23
9 35	12
9 39	27
9 40	10
10 1	24
10 4	14
10 12	25
10 14	30
10 16	45
10 19	3
10 22	8
10 23	35
10 24	12
10 25	23
10 31	38
10 32	41
10 35	49
10 38	26
10 40	40
10 46	32
11 1	25
11 2	46
11 5	13
11 7	42
11 12	0
11 15	31
11 18	15
11 25	41
11 26	9
11 33	35
11 34	17
11 35	24
11 43	44
11 45	49
11 46	43
11 48	27
11 49	3
12 2	24
12 4	16
12 9	28
12 10	14
12 14	13
12 15	40
12 16	43
12 21	29
12 25	38
12 29	44
12 32	18
12 34	0
12 36	6
12 37	17
12 39	22
12 45	12
13 3	3
13 4	0
13 12	8
13 19	12
13 24	33
13 27	46
13 31	1
13 32	19
13 35	38
13 44	22
13 45	37
13 46	36
14 1	48
14 7	23
14 9	47
14 15	38
14 16	7
14 26	35
14 30	46
14 31	29
14 37	0
14 38	49
14 41	45
14 42	39
14 46	44
14 47	25
15 0	28
15 1	19
15 2	42
15 6	0
15 8	30
15 14	32
15 15	46
15 17	29
15 22	43
15 23	14
15 24	38
15 25	22
15 32	9
15 33	4
15 34	11
15 35	33
15 36	39
15 47	5
15 49	41
16 9	25
16 11	37
16 14	49
16 17	35
16 18	22
16 22	11
16 24	17
16 30	10
16 36	38
16 40	23
16 44	6
16 49	20
17 0	5
17 7	46
17 10	48
17 17	13
17 18	9
17 20	3
17 23	4
17 24	19
17 26	30
17 27	27
17 31	8
17 32	15
17 33	28
17 35	1
17 38	24
17 43	29
17 44	7
18 0	21
18 2	1
18 5	18
18 6	40
18 10	30
18 13	4
18 27	48
18 31	2
18 32	39
18 33	15
18 35	32
18 38	34
18 39	11
18 40	7
18 43	10
18 47	46
18 49	37
19 1	39
19 4	38
19 11	5
19 12	45
19 15	36
19 16	8
19 17	24
19 22	13
19 29	42
19 31	22
19 34	1
19 35	46
19 40	6
19 47	35
20 1	13
20 7	43
20 9	14
20 10	26
20 11	41
20 14	22
20 18	11
20 19	9
20 21	4
20 22	17
20 27	15
20 36	31
20 37	30
20 39	47
20 40	25
20 41	36
20 45	35
20 46	8
20 48	1
21 3	33
21 4	29
21 5	47
21 11	25
21 13	2
21 14	6
21 18	16
21 25	1
21 32	45
21 37	34
21 44	0
21 46	23
21 47	11
21 48	5
22 1	34
22 7	13
22 18	12
22 19	10
22 25	31
22 26	18
22 27	6
22 29	1
22 33	37
22 38	27
22 45	26
23 3	35
23 5	19
23 6	25
23 12	4
23 13	9
23 16	1
23 18	33
23 19	30
23 21	24
23 27	36
23 33	5
23 34	27
23 35	31
23 40	2
23 44	38
23 45	17
24 6	17
24 8	45
24 15	19
24 16	30
24 19	22
24 21	11
24 23	31
24 24	18
24 29	41
24 31	25
24 34	39
24 49	35
25 3	14
25 4	31
25 5	48
25 11	26
25 12	30
25 16	41
25 17	10
25 21	38
25 25	17
25 33	36
25 44	21
26 2	5
26 18	42
26 20	34
26 22	38
26 25	24
26 27	45
26 28	3
26 37	44
26 39	28
26 40	4
26 43	0
26 44	48
26 47	47
27 0	20
27 1	2
27 2	35
27 4	32
27 8	28
27 10	42
27 13	17
27 14	39
27 22	21
27 28	19
27 32	6
27 33	12
27 37	13
27 39	24
28 0	49
28 1	17
28 3	31
28 7	19
28 8	38
28 12	46
28 17	11
28 28	28
28 36	29
28 39	23
28 43	35
28 47	10
29 3	22
29 8	1
29 13	16
29 17	17
29 21	41
29 24	42
29 29	8
29 33	9
29 34	21
29 35	19
29 39	32
30 0	26
30 4	11
30 7	21
30 9	2
30 14	45
30 15	22
30 26	39
30 27	1
30 28	16
30 30	20
30 36	7
30 38	18
30 39	4
30 47	38
30 48	28
31 1	18
31 6	14
31 7	35
31 14	26
31 16	24
31 19	41
31 21	12
31 23	40
31 29	23
31 30	37
31 36	13
31 37	7
31 38	44
31 42	15
31 43	20
31 45	1
31 46	9
32 5	34
32 8	8
32 12	29
32 16	17
32 23	19
32 26	3
32 28	11
32 30	41
32 32	49
32 34	7
32 36	46
32 37	2
32 48	15
33 6	32
33 8	24
33 10	49
33 13	26
33 14	36
33 15	10
33 17	30
33 18	37
33 21	42
33 22	0
33 23	23
33 26	13
33 30	35
33 33	6
33 34	41
33 35	15
33 38	7
33 40	12
33 41	14
33 44	39
33 47	17
33 49	45
34 3	5
34 8	27
34 10	25
34 11	24
34 13	18
34 18	47
34 23	29
34 25	14
34 29	21
34 31	41
34 35	23
34 37	1
34 39	40
34 45	48
34 48	3
34 49	46
35 3	38
35 5	26
35 6	8
35 12	40
35 13	46
35 15	5
35 17	14
35 24	23
35 26	24
35 27	22
35 29	32
35 32	42
35 35	25
35 39	34
35 49	31
36 0	39
36 1	5
36 4	35
36 7	34
36 11	10
36 13	31
36 16	12
36 29	30
36 31	0
36 39	21
36 40	44
36 41	8
36 42	22
36 43	23
36 48	48
37 3	7
37 6	43
37 7	33
37 12	1
37 16	31
37 23	15
37 35	3
37 37	38
37 47	16
37 49	17
38 0	42
38 3	20
38 7	17
38 8	11
38 14	16
38 17	6
38 26	29
38 28	41
38 29	22
38 35	7
38 38	23
38 39	12
38 41	5
38 44	25
38 45	24
38 46	15
38 48	43
39 0	24
39 1	8
39 2	31
39 6	49
39 12	27
39 15	15
39 16	21
39 17	36
39 19	39
39 24	1
39 25	42
39 29	48
39 34	35
39 36	37
39 43	25
39 48	26
39 49	28
40 0	4
40 1	43
40 5	42
40 6	18
40 8	31
40 10	0
40 11	46
40 14	35
40 15	41
40 16	32
40 18	28
40 28	7
40 33	16
40 34	2
40 36	49
40 42	47
40 43	3
40 46	40
40 49	15
41 0	25
41 1	45
41 11	42
41 12	43
41 13	35
41 16	23
41 19	6
41 23	30
41 25	19
41 35	22
41 37	8
41 38	47
41 39	20
42 0	1
42 2	11
42 3	6
42 5	41
42 8	46
42 9	36
42 13	45
42 14	42
42 18	31
42 22	19
42 24	34
42 27	8
42 29	4
42 32	13
42 35	26
42 38	15
42 40	9
42 41	21
42 43	16
43 0	46
43 4	24
43 5	25
43 11	49
43 15	48
43 17	47
43 20	4
43 30	9
43 31	33
43 32	3
43 33	11
43 35	30
43 37	40
43 44	10
43 48	17
43 49	26
44 4	7
44 5	22
44 9	42
44 13	39
44 15	16
44 17	20
44 18	0
44 20	49
44 21	6
44 22	30
44 26	46
44 28	43
44 29	15
44 31	11
44 33	10
44 35	47
44 38	21
44 42	18
44 43	45
45 1	7
45 4	45
45 6	46
45 8	48
45 16	22
45 17	19
45 18	1
45 19	23
45 20	13
45 26	15
45 30	6
45 38	20
45 41	28
45 47	8
46 0	9
46 3	46
46 6	27
46 8	22
46 17	5
46 19	29
46 22	40
46 26	6
46 27	14
46 31	32
46 32	7
46 37	24
46 38	25
46 39	36
46 40	17
46 45	10
46 49	33
47 3	36
47 10	2
47 11	31
47 13	49
47 18	4
47 28	47
47 29	38
47 32	46
47 33	23
47 35	21
47 42	25
47 43	14
47 44	32
47 48	40
48 0	30
48 3	43
48 4	49
48 5	38
48 7	26
48 8	3
48 10	9
48 11	33
48 14	2
48 18	23
48 20	11
48 22	20
48 23	22
48 25	35
48 26	4
48 30	36
48 37	14
48 38	32
48 41	39
48 47	12
49 2	33
49 6	9
49 8	35
49 13	30
49 28	25
49 30	18
49 36	34
49 37	42
49 48	0
