50
0 2	33
0 5	3
0 6	16
0 13	1
0 19	40
0 21	32
0 22	11
0 24	2
0 29	0
0 31	10
0 32	27
0 33	5
0 35	35
0 36	25
0 38	38
0 40	15
0 42	7
0 44	46
0 46	14
0 48	19
0 49	47
1 2	29
1 3	33
1 4	5
1 9	44
1 12	15
1 17	12
1 19	39
1 20	35
1 21	0
1 24	24
1 26	40
1 28	30
1 29	38
1 30	23
1 32	34
1 35	20
1 36	47
1 38	42
1 41	2
1 42	6
1 43	25
1 46	32
2 5	36
2 6	45
2 10	7
2 13	37
2 16	42
2 20	19
2 22	25
2 24	47
2 27	3
2 28	27
2 33	23
2 35	41
2 36	32
2 41	9
2 42	12
2 44	17
2 45	16
2 48	39
3 0	31
3 1	41
3 2	9
3 4	46
3 6	5
3 8	19
3 15	14
3 16	12
3 22	4
3 24	6
3 27	1
3 29	8
3 30	2
3 31	18
3 32	38
3 33	40
3 38	7
3 41	21
3 45	28
4 0	47
4 1	39
4 2	18
4 3	2
4 5	25
4 7	17
4 9	36
4 11	30
4 12	14
4 13	40
4 14	24
4 15	43
4 17	7
4 18	20
4 19	44
4 21	19
4 25	15
4 26	0
4 28	42
4 32	46
4 33	9
4 37	41
4 39	5
4 41	8
4 43	1
4 46	34
4 48	35
5 1	28
5 2	46
5 6	21
5 8	33
5 11	44
5 12	20
5 13	41
5 14	7
5 18	39
5 26	25
5 27	16
5 28	43
5 30	19
5 32	32
5 33	2
5 35	14
5 37	36
5 42	34
5 48	27
5 49	1
6 0	26
6 2	7
6 3	27
6 8	28
6 9	20
6 10	45
6 11	5
6 13	2
6 14	31
6 25	43
6 26	42
6 27	36
6 32	37
6 33	15
6 34	34
6 35	12
6 38	4
6 41	44
6 45	10
6 46	30
6 49	33
7 1	43
7 9	12
7 11	38
7 20	46
7 23	1
7 25	20
7 29	42
7 35	3
7 36	16
7 45	49
7 48	36
7 49	24
8 1	17
8 2	49
8 3	15
8 6	47
8 9	5
8 10	28
8 11	4
8 12	1
8 14	36
8 19	11
8 21	48
8 27	0
8 30	26
8 32	9
8 35	2
8 36	34
8 41	22
8 42	27
8 44	6
9 3	26
9 4	45
9 12	46
9 13	47
9 19	15
9 23	28
9 27	37
9 30	20
9 31	11
9 32	5
9 34	40
9 37	17
9 38	6
9 46	36
9 48	23
10 0	29
10 1	31
10 2	11
10 4	25
10 5	7
10 6	41
10 10	18
10 12	23
10 15	10
10 16	8
10 17	0
10 24	21
10 25	17
10 30	14
10 33	24
10 37	13
10 40	35
10 41	37
10 42	43
10 43	9
10 47	47
11 8	31
11 10	35
11 11	2
11 14	17
11 16	28
11 18	46
11 19	9
11 21	14
11 22	15
11 25	5
11 26	21
11 29	22
11 30	42
11 31	44
11 34	39
11 37	6
11 38	49
11 44	20
11 45	25
12 1	12
12 2	10
12 4	17
12 6	46
12 9	23
12 10	44
12 11	29
12 12	22
12 13	8
12 16	14
12 25	30
12 27	27
12 29	7
12 30	49
12 31	41
12 32	25
12 34	42
12 35	15
12 38	40
12 43	28
12 44	5
12 45	35
12 47	37
12 48	31
13 0	42
13 5	40
13 6	4
13 8	49
13 9	0
13 10	10
13 12	11
13 14	44
13 21	37
13 23	14
13 24	35
13 29	21
13 32	1
13 33	47
13 37	30
13 39	41
13 41	27
13 43	45
13 46	8
14 2	35
14 3	45
14 4	18
14 6	43
14 8	2
14 10	46
14 12	5
14 13	30
14 22	29
14 23	15
14 30	25
14 37	21
14 40	42
14 41	41
14 45	0
14 46	23
14 49	26
15 0	27
15 2	43
15 6	11
15 11	12
15 13	26
15 14	28
15 19	22
15 30	48
15 36	38
15 37	49
15 39	46
15 46	33
15 48	17
15 49	16
16 1	7
16 5	2
16 11	3
16 12	13
16 13	9
16 16	30
16 22	45
16 23	26
16 24	4
16 25	27
16 26	37
16 27	48
16 29	15
16 31	5
16 32	44
16 33	21
16 35	34
16 36	0
16 40	31
16 42	17
16 43	11
16 44	47
16 46	24
16 47	39
17 0	43
17 2	36
17 5	21
17 8	13
17 9	16
17 11	28
17 15	46
17 17	5
17 25	49
17 26	4
17 31	20
17 33	27
17 35	42
17 39	47
17 40	41
17 46	45
17 48	8
18 4	21
18 6	17
18 7	42
18 9	30
18 12	4
18 13	48
18 17	24
18 19	38
18 20	49
18 25	12
18 33	45
18 34	7
18 35	36
18 36	13
18 39	35
18 43	5
18 44	31
18 45	39
18 46	46
18 47	41
18 48	34
19 4	29
19 9	17
19 10	39
19 12	35
19 14	42
19 15	16
19 16	48
19 21	12
19 24	1
19 25	31
19 33	44
19 35	5
19 36	33
19 39	19
19 41	34
19 43	7
19 44	36
19 47	43
19 48	10
20 1	32
20 4	22
20 5	15
20 6	3
20 7	19
20 9	10
20 12	26
20 15	29
20 17	31
20 19	7
20 22	48
20 23	47
20 24	0
20 25	46
20 27	41
20 30	37
20 35	13
20 38	30
20 39	42
20 41	38
20 42	49
20 47	36
21 0	1
21 2	12
21 7	29
21 11	46
21 12	43
21 13	16
21 15	8
21 17	44
21 18	35
21 21	31
21 22	33
21 23	2
21 26	38
21 28	6
21 29	14
21 30	24
21 32	30
21 34	36
21 39	45
21 42	3
21 43	32
21 44	41
21 45	11
21 48	21
22 0	22
22 8	5
22 9	46
22 10	31
22 15	41
22 16	15
22 17	20
22 20	2
22 23	27
22 29	26
22 32	47
22 34	12
22 37	18
22 41	33
22 47	10
22 48	43
23 3	10
23 4	3
23 5	31
23 7	49
23 11	33
23 15	6
23 20	42
23 21	41
23 22	44
23 24	20
23 27	47
23 28	25
23 31	0
23 32	13
23 36	4
23 38	37
23 39	14
23 40	22
23 43	18
24 0	33
24 4	31
24 7	41
24 8	32
24 13	5
24 14	39
24 15	40
24 16	11
24 17	18
24 18	29
24 19	48
24 22	30
24 25	4
24 28	37
24 30	10
24 31	38
24 35	16
24 39	15
24 41	24
24 42	36
24 45	2
24 46	44
24 47	1
25 4	12
25 5	4
25 9	7
25 17	2
25 19	46
25 20	10
25 21	18
25 23	0
25 26	11
25 30	13
25 31	8
25 33	48
25 34	27
25 37	14
25 39	28
25 42	38
25 43	41
25 44	22
25 48	9
26 1	46
26 4	30
26 5	11
26 6	23
26 10	32
26 13	4
26 14	1
26 15	22
26 16	38
26 20	12
26 27	43
26 32	7
26 34	6
26 36	20
26 39	10
26 40	48
26 49	28
27 0	46
27 2	44
27 3	13
27 5	48
27 7	20
27 9	14
27 15	31
27 21	9
27 26	8
27 27	2
27 29	5
27 30	17
27 33	12
27 37	38
27 40	0
27 41	3
27 46	40
27 48	24
27 49	21
28 0	19
28 1	40
28 3	35
28 7	13
28 8	42
28 13	46
28 14	3
28 17	49
28 21	15
28 23	4
28 27	38
28 29	25
28 30	7
28 31	47
28 36	17
28 41	16
28 42	10
28 43	22
28 44	33
28 46	26
28 47	21
29 1	26
29 2	17
29 4	38
29 8	3
29 10	33
29 11	20
29 12	21
29 15	36
29 17	9
29 21	6
29 22	24
29 28	46
29 33	43
29 36	22
29 38	1
29 44	29
29 45	15
29 47	25
29 49	13
30 1	8
30 3	30
30 5	41
30 12	31
30 13	11
30 14	21
30 16	9
30 20	6
30 21	5
30 27	23
30 32	3
30 36	29
30 40	40
30 46	47
30 47	20
30 48	22
31 0	40
31 1	25
31 4	48
31 5	8
31 6	33
31 7	26
31 8	16
31 11	36
31 16	0
31 25	35
31 27	11
31 29	10
31 30	44
31 36	49
31 42	21
31 43	24
31 47	38
32 4	44
32 6	37
32 13	38
32 17	4
32 18	0
32 20	16
32 21	7
32 23	25
32 25	39
32 29	34
32 35	24
32 36	3
32 38	43
32 39	40
32 40	2
32 41	15
32 42	35
32 43	33
32 44	28
32 47	29
32 49	17
33 0	0
33 2	31
33 4	9
33 8	1
33 9	38
33 13	27
33 14	34
33 18	19
33 19	12
33 20	28
33 21	11
33 22	47
33 24	43
33 27	45
33 28	36
33 29	13
33 31	4
33 35	10
33 36	26
33 41	29
33 42	48
33 43	49
33 45	44
33 49	35
34 0	9
34 1	30
34 2	4
34 3	25
34 6	29
34 9	49
34 10	1
34 11	17
34 14	11
34 15	44
34 16	2
34 17	21
34 21	16
34 22	22
34 26	15
34 28	19
34 34	38
34 35	40
34 41	23
34 42	33
34 44	24
34 46	12
34 49	10
35 0	41
35 1	24
35 4	4
35 6	20
35 7	2
35 8	29
35 12	7
35 13	43
35 16	44
35 27	18
35 28	38
35 31	28
35 32	39
35 34	48
35 35	33
35 38	47
35 40	21
35 41	35
35 42	30
35 44	15
35 46	42
36 1	38
36 3	40
36 12	10
36 16	20
36 18	14
36 19	42
36 21	33
36 22	36
36 23	31
36 24	7
36 26	28
36 27	9
36 28	26
36 29	2
36 30	21
36 32	22
36 37	4
36 38	17
36 39	29
36 42	41
36 47	6
37 5	22
37 7	6
37 17	3
37 18	12
37 19	31
37 20	40
37 22	18
37 27	24
37 28	34
37 29	27
37 35	30
37 36	36
37 37	23
37 43	38
37 45	47
37 49	29
38 2	47
38 4	36
38 9	45
38 11	10
38 15	21
38 17	23
38 18	41
38 19	20
38 20	22
38 22	49
38 25	19
38 27	15
38 33	31
38 35	27
38 37	33
38 38	0
38 42	42
38 43	3
38 45	8
38 48	7
39 0	20
39 2	3
39 8	17
39 11	47
39 12	38
39 14	27
39 16	35
39 18	7
39 19	33
39 21	10
39 26	41
39 27	34
39 31	22
39 37	1
39 38	19
39 40	36
39 43	26
39 44	13
39 45	24
40 1	16
40 2	42
40 4	27
40 6	25
40 7	24
40 9	35
40 12	28
40 15	18
40 16	29
40 18	38
40 20	13
40 22	5
40 24	48
40 27	26
40 34	8
40 36	45
40 40	11
40 41	36
40 42	9
40 44	43
40 45	17
40 46	7
41 1	9
41 2	30
41 3	12
41 5	23
41 10	27
41 13	39
41 15	45
41 16	46
41 18	11
41 21	24
41 25	22
41 27	25
41 31	2
41 32	18
41 33	16
41 36	7
41 38	31
41 45	32
42 1	3
42 3	11
42 15	0
42 16	13
42 18	32
42 35	47
42 36	46
42 38	16
42 40	9
42 41	10
42 44	14
42 45	23
42 46	39
42 47	5
42 48	30
43 0	30
43 1	47
43 3	20
43 7	5
43 10	26
43 12	41
43 13	12
43 14	19
43 18	8
43 27	17
43 29	24
43 30	0
43 32	15
43 33	42
43 34	2
43 36	37
43 38	28
43 39	43
43 47	14
43 48	18
44 0	24
44 12	6
44 14	8
44 15	20
44 17	22
44 20	0
44 21	21
44 23	38
44 25	13
44 26	23
44 27	33
44 36	5
44 37	37
44 39	32
44 43	15
44 45	14
44 47	40
44 49	4
45 1	44
45 2	34
45 5	6
45 12	2
45 13	14
45 19	17
45 21	20
45 23	37
45 25	25
45 28	22
45 29	36
45 34	4
45 36	12
45 38	35
45 40	38
45 41	30
45 43	23
45 49	7
46 1	37
46 2	0
46 3	21
46 8	23
46 9	32
46 10	15
46 11	31
46 13	25
46 14	22
46 16	33
46 17	6
46 18	4
46 19	43
46 24	28
46 27	42
46 29	1
46 30	38
46 35	19
46 38	34
46 39	44
46 40	12
46 41	40
46 42	24
46 43	30
46 46	49
46 48	46
47 2	25
47 3	48
47 7	3
47 8	8
47 9	22
47 11	35
47 13	34
47 16	45
47 17	14
47 18	5
47 19	47
47 20	1
47 21	46
47 24	44
47 26	17
47 33	0
47 35	43
47 36	28
47 38	10
47 39	2
47 41	6
47 42	11
47 43	12
47 45	26
47 46	4
47 47	33
47 49	37
48 0	11
48 1	19
48 6	10
48 7	14
48 11	39
48 12	37
48 13	42
48 15	23
48 16	17
48 17	30
48 19	3
48 21	45
48 24	12
48 25	36
48 26	16
48 27	46
48 28	49
48 31	43
48 33	7
48 34	47
48 37	25
48 40	29
48 41	48
48 43	2
48 45	22
48 46	35
48 49	5
49 1	34
49 3	8
49 4	43
49 5	1
49 6	7
49 10	2
49 11	0
49 12	33
49 15	13
49 16	19
49 23	10
49 24	32
49 26	3
49 27	28
49 28	48
49 33	49
49 34	35
49 37	12
49 38	21
49 40	26
49 42	15
49 44	16
49 48	38
