50
0 0	35
0 1	17
0 2	18
0 3	32
0 5	44
0 7	20
0 9	46
0 11	40
0 12	6
0 13	11
0 14	16
0 15	0
0 16	12
0 17	19
0 18	4
0 19	38
0 20	25
0 21	1
0 22	30
0 23	22
0 24	39
0 25	10
0 26	49
0 27	47
0 28	29
0 29	7
0 30	15
0 32	28
0 34	31
0 35	27
0 36	43
0 38	23
0 39	21
0 40	8
0 41	48
0 42	13
0 43	3
0 44	37
0 47	24
0 48	45
0 49	33
1 0	1
1 1	23
1 2	35
1 3	6
1 4	36
1 5	19
1 7	11
1 8	44
1 9	13
1 10	2
1 11	0
1 12	8
1 14	27
1 16	43
1 17	42
1 18	15
1 19	48
1 20	18
1 21	17
1 26	4
1 27	45
1 28	21
1 29	30
1 30	33
1 31	31
1 32	46
1 33	22
1 34	5
1 35	32
1 37	39
1 39	49
1 40	16
1 41	12
1 42	14
1 43	7
1 44	40
1 45	41
1 47	10
1 48	26
1 49	24
2 0	47
2 1	30
2 2	44
2 4	17
2 5	45
2 6	8
2 8	15
2 9	42
2 12	41
2 13	20
2 14	29
2 15	3
2 16	46
2 17	36
2 18	39
2 19	25
2 21	23
2 22	5
2 23	21
2 24	26
2 25	35
2 26	16
2 27	7
2 28	1
2 29	37
2 30	27
2 31	22
2 32	10
2 33	43
2 35	49
2 36	12
2 37	9
2 38	13
2 39	24
2 40	14
2 41	2
2 42	32
2 43	40
2 44	31
2 45	48
2 46	33
2 47	19
2 48	0
2 49	4
3 4	23
3 5	18
3 7	12
3 8	33
3 9	1
3 13	19
3 14	46
3 15	8
3 16	7
3 17	30
3 18	24
3 19	11
3 20	42
3 21	27
3 22	26
3 23	14
3 24	20
3 25	45
3 26	43
3 27	2
3 28	17
3 29	9
3 30	6
3 31	32
3 33	41
3 34	13
3 36	0
3 37	16
3 38	25
3 39	4
3 40	47
3 41	21
3 44	35
3 45	40
3 46	22
3 47	31
3 48	39
3 49	3
4 0	43
4 1	44
4 2	38
4 3	10
4 4	22
4 5	6
4 7	40
4 8	41
4 9	29
4 11	33
4 13	31
4 14	13
4 15	36
4 16	16
4 17	28
4 19	20
4 20	32
4 21	34
4 22	4
4 23	12
4 24	21
4 25	18
4 26	37
4 27	26
4 28	35
4 29	8
4 31	23
4 34	30
4 35	9
4 36	24
4 37	27
4 38	47
4 39	25
4 40	19
4 41	7
4 43	17
4 44	5
4 45	42
4 46	48
4 47	49
4 49	15
5 1	5
5 2	45
5 3	17
5 4	19
5 5	24
5 6	27
5 8	10
5 9	30
5 10	34
5 12	20
5 13	35
5 14	44
5 15	11
5 17	4
5 18	12
5 19	23
5 20	26
5 21	15
5 23	32
5 24	47
5 26	48
5 27	31
5 28	14
5 29	28
5 31	6
5 33	18
5 34	25
5 35	0
5 36	38
5 37	49
5 38	21
5 39	2
5 40	41
5 41	33
5 42	36
5 44	9
5 45	16
5 46	43
5 47	7
5 48	40
6 0	28
6 1	16
6 2	37
6 3	25
6 4	15
6 5	47
6 6	30
6 7	39
6 8	20
6 9	33
6 10	35
6 11	32
6 12	26
6 13	45
6 14	49
6 15	13
6 16	5
6 17	10
6 19	6
6 20	14
6 21	48
6 22	3
6 23	17
6 24	0
6 25	4
6 26	7
6 28	43
6 29	18
6 31	21
6 32	42
6 33	11
6 34	40
6 35	24
6 36	1
6 37	41
6 38	34
6 39	31
6 40	27
6 41	19
6 42	44
6 43	8
6 44	38
6 45	23
6 46	29
6 47	12
6 49	46
7 0	32
7 2	49
7 3	47
7 7	31
7 8	8
7 9	44
7 10	19
7 11	7
7 12	27
7 13	5
7 14	40
7 15	48
7 17	34
7 18	43
7 19	12
7 20	0
7 21	36
7 22	23
7 24	38
7 26	13
7 27	24
7 28	2
7 29	45
7 30	37
7 31	29
7 33	42
7 35	35
7 36	39
7 38	1
7 39	11
7 40	30
7 42	25
7 43	18
7 44	14
7 46	17
7 47	16
7 48	21
7 49	20
8 1	22
8 2	21
8 3	28
8 4	2
8 5	12
8 6	24
8 7	33
8 8	7
8 9	11
8 11	42
8 12	45
8 13	10
8 14	9
8 15	46
8 16	34
8 17	3
8 18	25
8 19	35
8 20	43
8 21	0
8 23	18
8 24	8
8 26	38
8 27	39
8 28	41
8 29	40
8 30	16
8 31	30
8 32	36
8 33	14
8 34	44
8 35	26
8 36	4
8 37	15
8 38	17
8 41	13
8 42	6
8 43	23
8 44	49
8 45	32
8 46	31
8 47	27
8 48	48
9 1	36
9 2	13
9 3	14
9 4	46
9 6	5
9 8	11
9 11	28
9 16	33
9 17	22
9 18	8
9 19	47
9 20	27
9 21	31
9 23	23
9 24	44
9 25	34
9 27	17
9 28	30
9 30	7
9 31	43
9 34	2
9 35	25
9 36	21
9 37	40
9 38	45
9 39	12
9 40	38
9 41	18
9 44	19
9 45	24
9 46	3
9 47	39
9 48	37
9 49	41
10 0	44
10 2	6
10 3	15
10 5	39
10 6	46
10 8	28
10 9	48
10 10	18
10 11	49
10 12	40
10 13	38
10 14	23
10 15	45
10 16	25
10 18	26
10 19	19
10 20	33
10 21	35
10 22	1
10 23	24
10 24	14
10 25	7
10 26	12
10 28	16
10 30	0
10 31	20
10 33	30
10 34	3
10 35	37
10 36	31
10 37	13
10 38	29
10 40	17
10 41	5
10 42	21
10 44	2
10 45	27
10 46	41
10 47	47
10 48	43
10 49	32
11 0	15
11 2	10
11 3	19
11 4	6
11 5	21
11 7	44
11 8	4
11 9	25
11 10	17
11 11	9
11 12	37
11 13	12
11 15	30
11 16	48
11 19	41
11 20	23
11 21	16
11 22	49
11 23	20
11 24	22
11 26	18
11 27	3
11 30	38
11 32	47
11 33	39
11 35	40
11 36	33
11 37	35
11 38	26
11 40	11
11 41	14
11 42	7
11 43	2
11 44	46
11 45	28
11 46	1
11 47	5
11 48	42
12 0	41
12 1	12
12 2	24
12 4	38
12 5	49
12 6	7
12 7	36
12 8	37
12 10	45
12 11	1
12 12	3
12 13	17
12 15	32
12 16	31
12 17	0
12 18	40
12 19	42
12 20	2
12 21	43
12 22	9
12 23	27
12 24	5
12 25	46
12 27	33
12 30	18
12 31	14
12 32	4
12 34	26
12 35	20
12 36	25
12 37	22
12 38	16
12 39	34
12 40	28
12 41	35
12 43	29
12 44	47
12 46	11
12 47	13
12 48	30
13 1	43
13 2	4
13 3	12
13 4	5
13 5	35
13 7	29
13 8	38
13 11	16
13 12	18
13 14	20
13 16	37
13 17	39
13 18	36
13 20	45
13 21	44
13 22	8
13 23	33
13 24	10
13 26	30
13 27	48
13 28	32
13 31	0
13 32	6
13 33	28
13 34	1
13 35	23
13 36	42
13 37	47
13 38	15
13 39	17
13 40	22
13 43	24
13 45	31
13 46	19
13 47	40
13 48	9
13 49	26
14 0	12
14 1	39
14 2	27
14 4	47
14 6	17
14 7	19
14 8	26
14 9	5
14 10	25
14 11	31
14 12	49
14 13	41
14 14	15
14 15	18
14 16	38
14 17	21
14 18	28
14 19	36
14 21	14
14 22	24
14 24	34
14 25	29
14 26	32
14 27	6
14 28	37
14 29	16
14 30	4
14 31	7
14 33	10
14 34	35
14 35	45
14 37	44
14 38	3
14 39	33
14 40	43
14 41	9
14 43	13
14 44	0
14 45	20
14 47	11
14 49	30
15 1	41
15 2	46
15 4	20
15 5	8
15 6	25
15 7	14
15 8	13
15 9	28
15 10	27
15 11	48
15 12	0
15 13	1
15 15	26
15 19	22
15 20	21
15 21	30
15 24	40
15 26	3
15 27	5
15 28	10
15 29	43
15 30	12
15 31	19
15 32	38
15 33	15
15 34	33
15 35	4
15 36	47
15 37	17
15 38	6
15 39	29
15 40	36
15 41	24
15 42	37
15 43	16
15 45	35
15 47	34
15 48	32
15 49	7
16 2	15
16 3	22
16 6	47
16 7	10
16 8	3
16 9	18
16 12	43
16 13	42
16 14	24
16 15	49
16 16	26
16 17	33
16 18	17
16 19	4
16 20	8
16 21	12
16 22	36
16 23	11
16 24	16
16 25	40
16 27	38
16 28	23
16 30	5
16 31	35
16 32	19
16 33	13
16 34	41
16 37	20
16 39	27
16 40	48
16 42	28
16 43	21
16 44	32
16 45	39
16 46	0
16 47	1
16 48	7
17 1	47
17 2	26
17 3	36
17 4	27
17 5	30
17 6	43
17 7	4
17 8	16
17 9	37
17 10	12
17 11	5
17 12	24
17 13	0
17 14	28
17 17	38
17 18	23
17 19	40
17 20	19
17 21	39
17 22	44
17 25	11
17 27	46
17 29	34
17 30	49
17 31	42
17 32	1
17 33	48
17 34	18
17 35	29
17 36	13
17 37	25
17 39	20
17 40	35
17 41	22
17 42	2
17 43	6
17 45	45
17 46	10
17 48	15
17 49	14
18 0	30
18 1	46
18 2	31
18 5	38
18 6	1
18 7	32
18 8	25
18 9	15
18 11	26
18 12	11
18 15	17
18 16	2
18 17	7
18 20	41
18 21	21
18 22	35
18 23	44
18 25	49
18 26	0
18 28	20
18 29	12
18 30	47
18 31	27
18 32	34
18 34	28
18 35	19
18 37	29
18 39	22
18 41	6
18 42	18
18 44	24
18 45	14
18 46	39
18 48	16
18 49	5
19 0	10
19 1	42
19 2	43
19 4	3
19 5	28
19 6	35
19 8	2
19 10	39
19 11	14
19 12	12
19 13	37
19 15	38
19 16	18
19 17	32
19 18	47
19 19	29
19 20	1
19 21	40
19 22	17
19 23	4
19 25	8
19 26	20
19 27	27
19 28	7
19 29	44
19 31	36
19 32	48
19 34	15
19 36	45
19 37	33
19 38	22
19 39	0
19 40	49
19 42	31
19 43	19
19 45	5
19 46	16
19 47	23
19 48	41
19 49	21
20 0	40
20 1	0
20 2	48
20 3	29
20 5	20
20 6	4
20 8	47
20 10	5
20 12	34
20 14	3
20 15	42
20 16	14
20 18	7
20 20	17
20 21	8
20 22	12
20 23	35
20 24	33
20 25	27
20 26	22
20 27	37
20 28	26
20 31	46
20 32	44
20 33	36
20 34	21
20 35	13
20 36	2
20 38	30
20 39	18
20 40	15
20 41	38
20 42	39
20 43	9
20 45	11
20 47	41
20 48	28
21 0	20
21 1	33
21 2	19
21 3	1
21 4	30
21 5	31
21 6	0
21 7	2
21 9	23
21 10	14
21 11	34
21 12	10
21 13	36
21 14	38
21 15	22
21 17	15
21 19	5
21 20	40
21 21	4
21 23	37
21 24	17
21 25	28
21 26	35
21 27	11
21 29	21
21 30	25
21 31	41
21 32	7
21 33	46
21 34	47
21 35	39
21 36	26
21 37	24
21 38	49
21 39	48
21 40	3
21 41	16
21 42	12
21 43	27
21 44	29
21 45	44
21 46	32
21 47	45
21 48	6
21 49	18
22 0	4
22 1	20
22 2	33
22 3	38
22 4	12
22 5	14
22 6	26
22 7	16
22 9	0
22 10	24
22 11	29
22 12	7
22 13	39
22 14	21
22 16	1
22 18	32
22 20	48
22 22	2
22 24	30
22 25	19
22 26	5
22 27	43
22 28	46
22 30	40
22 31	45
22 32	17
22 33	34
22 34	27
22 35	42
22 36	8
22 37	18
22 38	9
22 39	13
22 40	6
22 41	23
22 42	15
22 44	3
22 46	28
22 47	37
22 49	22
23 0	0
23 1	9
23 3	44
23 4	8
23 5	32
23 6	40
23 7	15
23 8	17
23 9	31
23 10	1
23 11	43
23 12	35
23 13	33
23 15	23
23 16	22
23 17	20
23 18	18
23 19	28
23 23	45
23 24	24
23 25	37
23 26	29
23 28	39
23 30	10
23 31	4
23 32	21
23 33	6
23 35	41
23 36	30
23 39	14
23 41	27
23 42	5
23 43	25
23 45	3
23 46	2
23 47	46
23 48	13
23 49	11
24 0	46
24 1	35
24 4	26
24 5	15
24 6	21
24 7	27
24 8	18
24 9	9
24 10	31
24 11	41
24 12	17
24 14	22
24 15	5
24 16	23
24 17	14
24 18	3
24 19	33
24 20	12
24 21	49
24 22	40
24 23	42
24 24	19
24 25	0
24 26	25
24 27	28
24 28	4
24 30	13
24 32	30
24 33	8
24 34	10
24 36	34
24 38	11
24 39	44
24 40	29
24 41	39
24 43	38
24 46	6
24 47	36
24 48	1
24 49	43
25 3	49
25 6	19
25 10	42
25 11	20
25 12	29
25 13	13
25 14	14
25 15	4
25 16	0
25 18	41
25 21	6
25 22	22
25 24	25
25 27	21
25 28	47
25 29	3
25 30	35
25 31	5
25 32	15
25 33	44
25 36	46
25 37	32
25 38	12
25 40	2
25 41	43
25 43	33
25 44	28
25 46	37
25 47	30
25 48	11
25 49	27
26 0	31
26 1	4
26 2	7
26 3	40
26 4	43
26 5	26
26 7	18
26 8	49
26 9	22
26 10	3
26 12	5
26 15	35
26 16	20
26 17	29
26 18	19
26 19	30
26 22	38
26 23	6
26 25	25
26 30	44
26 31	24
26 33	27
26 34	48
26 35	36
26 39	41
26 40	45
26 41	8
26 44	34
26 46	15
26 47	2
26 48	12
26 49	37
27 1	27
27 2	30
27 3	33
27 4	16
27 5	48
27 7	3
27 8	0
27 9	39
27 10	36
27 11	2
27 12	38
27 13	40
27 14	8
27 15	20
27 17	37
27 18	49
27 19	43
27 20	9
27 21	45
27 22	47
27 23	28
27 24	35
27 26	14
27 27	15
27 28	34
27 31	10
27 33	12
27 35	22
27 36	11
27 37	7
27 39	19
27 41	29
27 42	24
27 43	32
27 44	17
27 45	46
27 46	4
27 47	21
27 49	25
28 0	8
28 1	14
28 2	17
28 3	16
28 4	28
28 5	11
28 6	6
28 7	45
28 8	21
28 9	4
28 10	26
28 11	15
28 13	29
28 15	27
28 16	9
28 17	35
28 18	20
28 19	39
28 20	37
28 21	32
28 22	33
28 23	10
28 24	48
28 25	2
28 26	24
28 27	22
28 29	38
28 31	47
28 32	25
28 34	19
28 35	1
28 36	3
28 38	43
28 39	46
28 41	31
28 42	40
28 43	41
28 44	44
28 45	30
28 46	13
28 47	18
28 48	34
28 49	0
29 0	38
29 1	49
29 2	0
29 3	2
29 4	35
29 5	46
29 6	11
29 7	5
29 9	24
29 10	28
29 11	8
29 12	47
29 13	7
29 14	45
29 15	14
29 17	6
29 18	30
29 19	31
29 20	4
29 21	29
29 22	21
29 23	39
29 24	9
29 25	33
29 26	41
29 27	18
29 28	3
29 29	10
29 31	44
29 35	17
29 36	16
29 37	36
29 38	37
29 39	15
29 40	23
29 41	40
29 42	26
29 44	25
29 45	19
29 46	12
29 47	42
29 48	20
29 49	48
30 0	16
30 1	40
30 2	2
30 3	26
30 4	34
30 5	0
30 6	44
30 7	21
30 8	31
30 9	8
30 10	15
30 11	35
30 12	23
30 14	41
30 15	1
30 16	24
30 17	45
30 18	10
30 19	46
30 20	39
30 21	20
30 22	29
30 23	49
30 24	43
30 26	6
30 27	4
30 28	42
30 29	22
30 30	17
30 31	37
30 32	5
30 33	33
30 34	32
30 35	11
30 36	18
30 37	48
30 38	19
30 39	9
30 40	12
30 41	30
30 43	47
30 44	27
30 46	7
30 47	28
30 48	14
30 49	36
31 1	21
31 2	3
31 3	4
31 4	10
31 5	23
31 6	12
31 7	38
31 9	41
31 11	36
31 12	39
31 14	31
31 15	16
31 17	26
31 18	48
31 20	47
31 21	11
31 22	15
31 23	9
31 24	7
31 25	20
31 26	33
31 27	25
31 28	18
31 29	13
31 31	1
31 32	27
31 34	22
31 35	44
31 36	49
31 37	34
31 38	24
31 39	37
31 40	5
31 41	0
31 42	43
31 43	28
31 45	2
31 46	40
31 47	35
31 48	29
31 49	6
32 0	18
32 1	48
32 2	11
32 3	41
32 4	25
32 5	7
32 6	36
32 8	24
32 10	8
32 11	22
32 12	32
32 13	15
32 14	10
32 15	47
32 16	44
32 17	2
32 18	16
32 19	1
32 22	45
32 25	5
32 27	40
32 29	23
32 32	49
32 33	38
32 34	14
32 36	17
32 37	19
32 38	42
32 39	28
32 40	33
32 41	26
32 42	20
32 43	30
32 44	12
32 45	0
32 46	21
32 47	6
32 48	27
32 49	13
33 0	6
33 1	18
33 2	8
33 3	46
33 4	14
33 5	5
33 6	41
33 8	27
33 9	40
33 10	37
33 12	25
33 15	33
33 16	19
33 17	17
33 18	45
33 19	24
33 20	13
33 21	42
33 22	34
33 23	16
33 24	2
33 25	26
33 26	47
33 28	11
33 30	22
33 31	3
33 32	39
33 33	35
33 34	4
33 35	15
33 37	30
33 39	10
33 41	20
33 42	9
33 44	7
33 46	38
33 47	32
33 48	49
33 49	1
34 0	39
34 1	6
34 2	20
34 3	23
34 4	21
34 5	13
34 6	16
34 7	26
34 8	9
34 9	32
34 10	49
34 11	3
34 12	31
34 14	37
34 15	44
34 16	45
34 17	48
34 18	34
34 19	27
34 20	46
34 21	28
34 22	10
34 23	41
34 24	11
34 26	19
34 27	1
34 28	25
34 29	29
34 30	2
34 32	8
34 33	40
34 35	47
34 36	35
34 37	14
34 39	7
34 40	24
34 42	38
34 43	22
34 45	4
34 46	42
34 47	43
34 49	12
35 1	38
35 2	29
35 4	9
35 5	36
35 6	49
35 7	25
35 8	46
35 10	44
35 11	27
35 12	16
35 13	21
35 14	47
35 15	12
35 16	10
35 17	5
35 18	1
35 19	34
35 20	6
35 21	18
35 22	32
35 23	0
35 24	13
35 25	41
35 26	11
35 27	23
35 28	19
35 30	31
35 31	28
35 32	24
35 33	37
35 36	7
35 37	43
35 38	8
35 39	30
35 40	40
35 41	15
35 42	4
35 44	20
35 45	22
35 46	26
35 47	48
35 48	17
35 49	2
36 0	21
36 1	25
36 2	34
36 3	18
36 4	11
36 5	4
36 6	33
36 7	48
36 8	23
36 9	19
36 11	46
36 12	22
36 13	16
36 14	7
36 15	40
36 16	6
36 19	15
36 20	28
36 21	3
36 23	38
36 24	1
36 25	30
36 26	27
36 27	44
36 30	32
36 31	26
36 32	45
36 33	47
36 34	39
36 35	43
36 36	36
36 39	42
36 40	9
36 41	49
36 42	17
36 43	20
36 46	35
36 47	0
36 48	24
37 0	2
37 1	8
37 2	40
37 3	35
37 4	49
37 5	25
37 6	45
37 7	13
37 9	36
37 11	11
37 12	48
37 13	9
37 14	39
37 15	7
37 16	15
37 17	24
37 18	33
37 19	37
37 20	34
37 22	27
37 23	47
37 24	3
37 25	14
37 26	28
37 27	41
37 28	22
37 29	6
37 31	18
37 32	32
37 33	0
37 35	16
37 36	20
37 37	31
37 38	46
37 39	43
37 40	21
37 41	44
37 43	26
37 45	1
37 49	19
38 0	22
38 2	14
38 3	11
38 4	1
38 5	34
38 7	17
38 8	35
38 9	47
38 10	7
38 13	26
38 16	40
38 17	43
38 19	32
38 21	24
38 22	37
38 23	13
38 24	45
38 25	39
38 26	10
38 27	9
38 28	49
38 29	27
38 32	41
38 33	31
38 34	42
38 35	38
38 36	5
38 37	46
38 38	18
38 39	23
38 41	4
38 42	16
38 43	12
38 45	21
38 47	8
38 48	3
38 49	44
39 0	23
39 1	7
39 2	5
39 3	3
39 4	39
39 5	9
39 6	37
39 7	42
39 9	17
39 10	33
39 11	44
39 13	43
39 14	32
39 16	4
39 17	16
39 18	46
39 20	36
39 21	26
39 23	30
39 26	40
39 28	28
39 29	14
39 30	11
39 31	34
39 32	2
39 34	24
39 35	21
39 36	6
39 37	10
39 38	48
39 40	18
39 41	1
39 42	41
39 43	15
39 44	22
39 45	29
39 46	8
39 47	20
39 48	47
39 49	49
40 0	37
40 1	26
40 2	22
40 3	20
40 4	40
40 5	10
40 6	31
40 9	45
40 11	24
40 12	36
40 13	2
40 14	43
40 15	15
40 16	17
40 17	41
40 18	21
40 19	8
40 20	3
40 21	9
40 22	14
40 23	34
40 24	32
40 25	12
40 26	39
40 28	13
40 30	48
40 31	11
40 32	23
40 33	29
40 34	38
40 36	19
40 37	0
40 38	4
40 40	25
40 41	28
40 42	27
40 45	18
40 46	49
40 47	44
40 48	35
40 49	16
41 2	42
41 3	37
41 4	7
41 5	16
41 6	38
41 7	47
41 8	19
41 9	14
41 10	13
41 11	17
41 12	28
41 14	1
41 16	11
41 17	12
41 18	29
41 19	45
41 20	24
41 21	25
41 22	43
41 23	40
41 24	18
41 25	23
41 26	15
41 27	49
41 29	46
41 30	21
41 31	33
41 32	9
41 33	2
41 34	20
41 35	48
41 36	41
41 37	4
41 38	35
41 39	3
41 42	30
41 43	0
41 44	36
41 47	22
41 48	10
42 0	7
42 1	19
42 2	41
42 3	0
42 4	24
42 6	23
42 7	37
42 8	1
42 9	3
42 10	29
42 11	12
42 12	4
42 13	44
42 16	21
42 17	11
42 18	27
42 19	14
42 21	22
42 22	6
42 23	36
42 25	32
42 27	30
42 28	48
42 29	15
42 30	20
42 31	13
42 32	35
42 33	25
42 34	17
42 35	31
42 36	10
42 37	2
42 38	33
42 39	45
42 41	47
42 42	46
42 43	43
42 44	16
42 45	38
42 46	18
42 47	9
42 48	8
42 49	39
43 0	36
43 1	15
43 2	28
43 3	7
43 5	2
43 6	18
43 9	27
43 10	4
43 11	23
43 13	6
43 14	30
43 15	34
43 16	3
43 19	49
43 20	31
43 21	38
43 23	5
43 24	41
43 25	21
43 26	42
43 27	10
43 28	9
43 30	45
43 31	17
43 32	11
43 33	24
43 34	16
43 35	46
43 36	22
43 38	20
43 39	35
43 40	13
43 41	32
43 42	33
43 43	39
43 45	12
43 46	47
43 48	19
44 0	27
44 2	16
44 3	8
44 4	18
44 6	14
44 8	30
44 9	10
44 10	22
44 11	4
44 12	21
44 13	3
44 14	33
44 15	37
44 16	47
44 17	46
44 18	38
44 19	0
44 20	15
44 22	20
44 23	1
44 24	49
44 26	31
44 27	19
44 28	44
44 29	32
44 30	34
44 33	5
44 34	7
44 36	9
44 37	28
44 38	2
44 39	39
44 40	42
44 41	36
44 42	11
44 43	48
44 44	43
44 45	6
44 46	24
45 1	29
45 2	9
45 3	21
45 4	33
45 5	43
45 6	39
45 7	49
45 8	48
45 9	12
45 10	40
45 11	47
45 12	13
45 13	24
45 14	26
45 15	2
45 16	28
45 18	31
45 19	18
45 21	19
45 22	7
45 23	46
45 24	37
45 25	44
45 26	1
45 27	14
45 28	27
45 29	4
45 30	8
45 31	25
45 33	16
45 34	36
45 35	5
45 36	15
45 38	41
45 39	6
45 40	32
45 42	42
45 43	45
45 44	11
45 45	34
45 47	38
45 49	35
46 3	30
46 6	32
46 7	22
46 9	49
46 10	47
46 11	13
46 12	9
46 13	4
46 14	42
46 15	43
46 17	31
46 18	35
46 19	2
46 20	16
46 21	10
46 22	11
46 23	7
46 24	12
46 25	48
46 26	23
46 27	20
46 28	40
46 29	41
46 30	19
46 32	29
46 33	17
46 34	34
46 35	8
46 36	27
46 37	21
46 38	39
46 39	26
46 41	45
46 42	0
46 43	14
46 44	6
46 46	44
46 47	15
46 49	28
47 0	33
47 1	1
47 3	27
47 5	37
47 6	22
47 8	40
47 10	11
47 12	46
47 13	14
47 14	18
47 15	6
47 16	30
47 18	13
47 19	3
47 20	44
47 21	7
47 22	48
47 23	43
47 24	15
47 25	24
47 26	26
47 27	32
47 28	36
47 29	19
47 30	23
47 31	49
47 32	12
47 33	21
47 34	9
47 35	10
47 36	28
47 38	0
47 39	16
47 40	20
47 41	42
47 42	35
47 43	31
47 44	39
47 45	17
47 46	34
47 47	4
47 48	5
47 49	38
48 0	19
48 2	23
48 4	48
48 5	27
48 6	28
48 7	34
48 8	39
48 9	20
48 10	16
48 11	10
48 12	1
48 13	30
48 14	0
48 15	24
48 16	49
48 17	18
48 19	44
48 20	5
48 21	33
48 22	46
48 23	15
48 24	6
48 25	13
48 27	29
48 29	17
48 30	26
48 31	9
48 32	31
48 33	7
48 36	40
48 37	12
48 38	32
48 39	8
48 41	41
48 42	22
48 43	35
48 45	47
48 46	14
48 47	25
48 48	36
48 49	42
49 0	42
49 2	25
49 3	31
49 4	45
49 5	3
49 6	48
49 7	23
49 8	32
49 9	38
49 10	21
49 11	6
49 12	30
49 13	22
49 14	34
49 15	10
49 16	35
49 17	40
49 18	5
49 19	7
49 20	29
49 21	2
49 22	41
49 23	19
49 24	28
49 25	16
49 26	8
49 27	0
49 28	24
49 29	1
49 31	12
49 32	43
49 33	20
49 34	11
49 35	33
49 36	44
49 37	26
49 38	27
49 39	47
49 40	39
49 41	37
49 42	49
49 43	36
49 44	18
49 45	15
49 47	14
49 48	4
49 49	17
