50
0 1	11
0 6	3
0 11	14
0 14	46
0 17	9
0 20	36
0 21	45
0 23	0
0 29	1
0 33	41
0 36	30
0 37	47
0 45	43
1 5	46
1 6	32
1 7	6
1 14	28
1 17	2
1 18	27
1 23	45
1 25	8
1 27	11
1 29	44
1 31	14
1 34	13
1 36	24
1 37	7
1 46	3
2 6	16
2 9	10
2 12	29
2 21	38
2 30	37
2 34	21
2 35	32
2 38	0
2 39	27
2 44	15
2 49	44
3 2	46
3 3	27
3 9	7
3 14	45
3 20	49
3 33	10
3 38	38
3 46	32
3 48	9
3 49	20
4 0	29
4 3	47
4 7	23
4 12	20
4 17	11
4 25	12
4 29	16
4 31	44
4 33	7
4 34	4
4 35	35
4 37	48
4 38	6
4 41	9
4 43	13
4 45	37
4 49	49
5 2	0
5 12	17
5 18	6
5 20	1
5 22	22
5 27	29
5 30	16
5 33	11
5 34	8
5 35	2
5 37	28
5 39	24
5 41	31
5 42	36
5 47	43
6 0	37
6 1	41
6 13	29
6 16	23
6 21	24
6 25	0
6 28	25
6 29	21
6 32	47
6 35	44
6 43	46
7 4	49
7 5	16
7 6	39
7 8	8
7 12	6
7 17	19
7 22	13
7 23	32
7 26	44
7 28	10
7 36	1
7 41	47
7 45	3
7 46	17
7 47	38
8 1	29
8 6	23
8 10	39
8 12	37
8 20	40
8 21	48
8 23	9
8 24	15
8 26	5
8 27	22
8 28	2
8 32	49
8 34	47
8 37	31
8 43	12
8 45	36
8 47	32
8 48	44
8 49	13
9 0	17
9 1	15
9 2	35
9 7	11
9 9	5
9 10	22
9 12	40
9 14	21
9 15	34
9 17	12
9 19	36
9 31	6
9 41	49
9 49	32
10 3	24
10 5	32
10 7	45
10 9	41
10 10	37
10 13	2
10 23	18
10 24	23
10 32	1
10 38	34
10 40	4
10 47	12
10 49	14
11 0	33
11 4	36
11 16	47
11 17	1
11 20	39
11 22	20
11 28	17
11 38	3
11 44	2
11 46	45
11 47	25
12 0	36
12 1	21
12 2	34
12 3	13
12 8	28
12 12	0
12 13	30
12 14	9
12 18	47
12 24	1
12 29	20
12 32	19
12 33	37
12 38	17
12 46	25
12 47	26
13 4	7
13 11	2
13 16	41
13 20	46
13 22	45
13 23	21
13 26	43
13 30	29
13 32	8
13 33	16
13 34	10
13 36	3
13 37	44
13 38	15
13 49	0
14 6	0
14 9	32
14 25	40
14 27	47
14 28	13
14 29	4
14 31	35
14 34	49
14 35	33
14 38	36
14 41	11
14 47	16
15 7	49
15 8	15
15 9	14
15 20	34
15 21	28
15 26	48
15 28	5
15 34	11
15 38	21
15 39	42
15 43	1
15 44	38
15 47	8
15 48	17
16 0	24
16 1	38
16 4	10
16 10	26
16 12	19
16 14	8
16 22	44
16 38	29
16 45	42
16 46	12
16 48	4
16 49	25
17 11	16
17 13	14
17 16	37
17 18	25
17 19	10
17 22	39
17 23	31
17 26	6
17 29	15
17 34	19
17 35	36
17 36	2
17 38	47
17 42	20
17 49	18
18 0	43
18 1	32
18 2	40
18 11	26
18 15	24
18 18	2
18 19	14
18 21	46
18 22	21
18 23	11
18 28	37
18 29	5
18 35	47
18 37	13
18 38	42
18 39	48
18 41	39
18 42	23
18 43	4
18 49	35
19 3	32
19 4	44
19 9	38
19 22	23
19 25	26
19 26	37
19 27	14
19 31	27
19 33	18
19 40	30
19 44	19
19 47	28
19 48	10
19 49	48
20 4	35
20 7	31
20 13	19
20 15	44
20 19	11
20 20	32
20 22	12
20 24	25
20 25	20
20 26	15
20 28	42
20 29	23
20 36	33
20 39	30
20 44	43
20 46	13
20 48	48
20 49	36
21 3	3
21 9	0
21 13	26
21 19	7
21 23	16
21 26	34
21 27	9
21 29	29
21 30	25
21 32	22
21 33	46
21 35	41
21 36	14
21 37	11
21 41	45
22 0	27
22 4	2
22 7	40
22 8	12
22 14	7
22 16	28
22 20	24
22 27	10
22 28	21
22 31	17
22 32	9
22 34	16
22 36	15
22 44	46
22 45	44
22 46	18
22 47	14
23 4	34
23 5	17
23 6	47
23 7	21
23 8	25
23 9	22
23 10	18
23 14	14
23 17	33
23 26	36
23 27	38
23 32	46
23 33	32
23 35	45
23 37	10
23 44	12
23 46	24
23 47	0
23 48	31
24 0	46
24 3	44
24 5	3
24 14	30
24 15	42
24 22	38
24 23	10
24 27	48
24 29	13
24 33	6
24 37	21
24 39	15
24 40	5
24 42	0
24 46	19
25 0	22
25 1	1
25 2	49
25 3	9
25 5	13
25 8	16
25 14	40
25 18	26
25 24	28
25 26	30
25 27	25
25 29	3
25 30	10
25 32	14
25 46	29
25 47	31
25 48	21
26 1	13
26 2	2
26 3	40
26 4	41
26 5	35
26 6	18
26 15	29
26 16	11
26 19	42
26 21	39
26 22	15
26 24	10
26 26	22
26 29	24
26 36	19
26 37	30
26 38	20
26 41	33
26 45	21
26 46	26
26 48	25
27 1	43
27 6	37
27 9	26
27 11	20
27 15	13
27 18	48
27 20	45
27 21	11
27 23	8
27 24	29
27 28	46
27 30	3
27 36	40
27 42	16
27 43	34
27 49	15
28 5	39
28 6	12
28 7	15
28 16	13
28 17	37
28 20	35
28 29	8
28 32	10
28 33	48
28 34	46
28 35	7
28 39	34
28 40	1
28 41	19
28 44	31
28 45	24
29 1	6
29 12	41
29 14	0
29 15	28
29 19	9
29 22	46
29 27	2
29 32	29
29 33	19
29 34	34
29 39	11
29 41	43
29 42	31
29 43	17
30 3	11
30 4	25
30 6	33
30 7	43
30 8	31
30 18	38
30 20	20
30 24	24
30 28	19
30 36	18
30 39	47
30 41	29
30 43	32
30 47	40
30 48	22
31 2	47
31 4	11
31 9	46
31 14	12
31 17	16
31 18	15
31 19	6
31 20	2
31 21	26
31 24	39
31 26	13
31 27	7
31 29	9
31 31	38
31 32	5
31 34	28
31 35	43
31 37	14
31 39	22
31 41	4
31 45	27
32 7	29
32 11	17
32 19	15
32 32	21
32 34	20
32 40	39
32 46	48
33 6	38
33 9	13
33 11	27
33 13	7
33 14	49
33 15	35
33 16	6
33 20	33
33 22	8
33 26	31
33 33	42
33 34	44
33 37	15
33 39	16
33 40	29
33 44	28
33 46	43
33 47	36
34 3	2
34 9	42
34 11	34
34 13	39
34 18	35
34 20	30
34 22	33
34 23	36
34 27	37
34 28	31
34 29	25
34 34	0
34 35	38
34 36	7
34 40	9
34 41	21
34 49	11
35 0	25
35 3	18
35 4	40
35 5	10
35 6	43
35 9	31
35 12	45
35 13	1
35 15	12
35 17	22
35 18	9
35 22	24
35 24	35
35 25	19
35 26	8
35 28	7
35 44	26
35 47	34
35 48	11
35 49	16
36 5	23
36 7	36
36 12	46
36 17	32
36 20	22
36 21	30
36 22	49
36 29	31
36 30	28
36 33	13
36 38	2
36 46	47
36 47	10
36 48	41
37 5	11
37 8	13
37 16	32
37 20	38
37 21	21
37 25	29
37 28	30
37 34	35
37 36	49
37 40	42
37 41	48
37 42	43
37 45	2
37 48	37
37 49	8
38 9	30
38 12	2
38 14	5
38 18	11
38 25	27
38 33	36
38 34	33
38 35	20
38 42	42
38 48	29
39 0	19
39 12	27
39 14	24
39 19	46
39 21	6
39 32	28
39 35	39
39 36	31
39 37	35
39 48	1
40 0	15
40 1	0
40 2	36
40 7	34
40 9	8
40 13	5
40 17	21
40 18	31
40 19	18
40 25	7
40 29	12
40 31	41
40 40	33
40 41	24
40 43	9
40 44	20
40 46	27
40 47	49
40 48	14
41 1	46
41 3	21
41 4	47
41 5	7
41 7	8
41 12	11
41 14	27
41 17	5
41 18	42
41 20	31
41 22	17
41 23	24
41 25	30
41 40	0
41 42	32
41 44	45
41 48	18
41 49	34
42 0	35
42 1	14
42 2	24
42 3	7
42 7	1
42 9	36
42 10	46
42 12	31
42 18	23
42 19	45
42 20	16
42 21	22
42 23	38
42 24	13
42 30	39
42 33	30
42 38	28
42 39	41
42 40	17
42 41	37
42 46	5
43 1	49
43 11	6
43 15	26
43 17	29
43 22	42
43 26	21
43 37	24
43 38	19
43 41	35
43 43	40
44 6	9
44 11	45
44 15	8
44 16	25
44 19	20
44 20	11
44 22	34
44 24	48
44 28	15
44 30	0
44 36	13
44 44	36
44 47	22
45 3	20
45 13	42
45 17	46
45 18	41
45 19	49
45 20	27
45 24	34
45 25	28
45 28	3
45 29	45
45 30	35
45 34	22
45 36	48
45 38	39
45 40	21
45 43	43
45 45	13
45 46	8
46 0	13
46 2	37
46 4	29
46 10	32
46 17	6
46 22	11
46 23	15
46 25	34
46 28	24
46 32	31
46 33	22
46 36	4
46 42	17
46 45	0
47 0	16
47 3	45
47 4	15
47 10	40
47 12	23
47 20	3
47 22	26
47 25	6
47 28	41
47 33	12
47 35	29
47 43	44
47 44	47
47 45	25
47 46	49
47 48	46
48 0	41
48 16	10
48 17	24
48 21	13
48 37	20
48 38	43
48 39	29
48 40	48
48 41	38
48 46	35
49 3	22
49 12	26
49 13	31
49 16	3
49 17	14
49 18	33
49 23	37
49 28	8
49 30	46
49 35	48
49 36	38
49 37	4
49 44	0
49 48	15
