50
0 1	21
0 2	10
0 4	14
0 5	38
0 12	24
0 18	32
0 20	40
0 24	34
0 25	8
0 28	47
0 30	43
0 36	11
0 38	19
0 41	39
0 45	28
0 47	6
0 48	5
1 0	11
1 6	9
1 7	0
1 8	25
1 9	46
1 12	4
1 13	39
1 14	48
1 15	47
1 16	21
1 18	7
1 19	40
1 22	29
1 27	44
1 28	35
1 30	14
1 31	34
1 32	49
1 35	42
1 37	30
1 38	24
1 39	22
1 41	28
1 42	15
1 43	41
1 48	2
1 49	17
2 0	23
2 1	37
2 2	43
2 6	1
2 7	44
2 8	29
2 9	27
2 13	12
2 14	22
2 15	8
2 16	48
2 18	16
2 19	14
2 20	36
2 21	24
2 22	0
2 23	7
2 25	4
2 26	30
2 28	2
2 29	6
2 31	46
2 32	45
2 33	25
2 36	26
2 39	35
2 43	49
2 44	20
2 47	47
3 1	15
3 4	26
3 5	20
3 7	48
3 9	6
3 11	18
3 13	19
3 14	12
3 15	41
3 16	44
3 19	4
3 23	47
3 27	1
3 30	9
3 31	33
3 32	5
3 33	49
3 34	23
3 35	21
3 37	16
3 38	2
3 39	14
3 40	38
3 46	11
3 48	0
3 49	45
4 2	4
4 3	41
4 7	6
4 9	42
4 10	26
4 15	38
4 16	7
4 17	9
4 18	35
4 22	21
4 25	11
4 28	39
4 33	15
4 37	22
4 38	36
4 42	48
4 43	46
4 44	14
4 47	16
4 49	3
5 1	25
5 2	3
5 3	12
5 4	38
5 7	32
5 8	36
5 15	2
5 17	19
5 19	7
5 21	41
5 23	31
5 24	23
5 25	48
5 27	16
5 28	9
5 30	15
5 31	10
5 32	17
5 38	28
5 39	11
5 40	33
5 41	5
5 43	20
5 44	35
5 45	43
5 46	26
5 47	8
5 49	49
6 0	31
6 2	37
6 6	5
6 7	34
6 8	32
6 10	35
6 13	14
6 14	2
6 16	8
6 22	49
6 24	28
6 27	19
6 30	25
6 32	41
6 33	47
6 36	23
6 38	6
6 40	7
6 41	20
6 45	39
6 46	36
6 47	11
6 48	3
7 1	38
7 3	39
7 6	24
7 7	45
7 8	7
7 9	34
7 12	6
7 13	46
7 16	32
7 17	42
7 19	47
7 22	2
7 23	18
7 27	14
7 31	22
7 36	10
7 37	37
7 38	26
7 39	27
7 42	19
7 44	16
7 45	40
7 46	33
7 47	20
7 48	15
8 3	45
8 7	10
8 9	4
8 10	28
8 11	13
8 13	7
8 14	43
8 15	18
8 19	49
8 20	31
8 22	24
8 23	19
8 25	40
8 26	2
8 29	0
8 30	42
8 31	15
8 32	37
8 33	16
8 38	47
8 40	17
8 41	25
8 45	5
8 47	29
8 49	30
9 0	0
9 6	36
9 7	5
9 8	13
9 11	32
9 12	25
9 19	21
9 21	29
9 22	17
9 23	15
9 24	24
9 26	22
9 27	38
9 28	28
9 29	11
9 30	45
9 32	39
9 33	33
9 38	12
9 40	6
9 44	41
9 47	7
9 49	14
10 1	14
10 3	36
10 4	21
10 5	4
10 6	40
10 7	2
10 8	30
10 11	48
10 12	11
10 13	26
10 14	6
10 18	24
10 19	10
10 20	37
10 21	17
10 22	28
10 25	15
10 27	25
10 30	0
10 31	9
10 33	1
10 35	12
10 36	7
10 38	34
10 41	29
10 42	33
10 43	47
10 44	5
10 45	8
10 46	41
10 47	49
11 1	18
11 2	33
11 4	41
11 5	5
11 7	9
11 8	38
11 12	26
11 13	45
11 15	10
11 17	40
11 21	0
11 22	42
11 23	12
11 24	1
11 25	44
11 26	20
11 28	14
11 29	4
11 30	22
11 32	23
11 33	13
11 35	48
11 38	27
11 39	37
11 40	16
11 42	24
11 43	43
11 44	8
11 45	3
12 2	14
12 3	28
12 5	48
12 6	16
12 8	34
12 10	21
12 13	8
12 14	18
12 16	22
12 17	41
12 19	36
12 20	25
12 22	7
12 25	24
12 28	32
12 29	39
12 31	0
12 33	40
12 34	30
12 35	5
12 36	43
12 37	44
12 38	20
12 39	4
12 40	19
12 41	31
12 44	47
12 46	9
12 47	10
12 48	49
13 0	3
13 2	7
13 3	29
13 6	10
13 9	32
13 11	15
13 14	8
13 15	33
13 18	12
13 19	1
13 22	30
13 23	27
13 24	42
13 26	28
13 29	36
13 30	23
13 31	31
13 33	39
13 34	37
13 35	14
13 36	25
13 37	17
13 39	6
13 44	4
13 47	35
14 1	44
14 2	49
14 3	33
14 4	25
14 5	28
14 6	30
14 8	47
14 9	20
14 14	35
14 15	37
14 18	3
14 21	22
14 23	42
14 26	32
14 27	21
14 28	40
14 29	34
14 32	14
14 33	17
14 35	10
14 38	7
14 41	36
14 43	26
14 44	24
14 47	43
14 48	18
15 0	46
15 1	13
15 2	26
15 5	35
15 8	11
15 9	24
15 13	38
15 19	17
15 20	49
15 22	43
15 24	39
15 25	33
15 29	3
15 33	7
15 36	1
15 37	32
15 38	9
15 39	30
15 40	25
15 44	37
15 45	16
15 47	19
15 49	34
16 0	12
16 1	34
16 6	8
16 7	24
16 9	1
16 13	35
16 15	31
16 17	3
16 18	48
16 19	13
16 22	18
16 24	37
16 26	15
16 28	45
16 31	47
16 34	28
16 37	4
16 38	43
16 39	40
16 43	9
16 45	49
16 47	27
16 48	42
17 0	5
17 5	32
17 7	22
17 9	21
17 10	18
17 13	10
17 14	26
17 15	35
17 16	12
17 18	13
17 20	33
17 21	30
17 22	6
17 23	41
17 24	19
17 25	25
17 26	0
17 27	47
17 28	8
17 29	48
17 30	17
17 32	34
17 34	20
17 38	4
17 40	1
17 43	15
17 48	7
17 49	39
18 1	45
18 5	17
18 7	28
18 8	9
18 10	19
18 11	30
18 12	38
18 14	3
18 16	1
18 17	22
18 19	41
18 20	34
18 21	33
18 22	5
18 26	11
18 29	46
18 31	21
18 35	13
18 38	8
18 40	14
18 41	49
18 42	32
18 44	42
18 49	43
19 1	27
19 2	39
19 3	48
19 4	0
19 8	37
19 10	16
19 16	5
19 17	29
19 18	30
19 19	32
19 21	45
19 24	47
19 27	49
19 28	33
19 29	13
19 30	6
19 33	20
19 34	2
19 36	41
19 37	38
19 39	8
19 41	42
19 42	7
19 44	40
19 46	24
19 48	46
20 1	16
20 3	5
20 5	39
20 6	20
20 8	10
20 11	23
20 12	29
20 13	32
20 14	28
20 16	3
20 17	2
20 19	11
20 23	14
20 24	33
20 25	19
20 26	35
20 29	37
20 30	38
20 32	44
20 34	7
20 35	25
20 37	46
20 38	17
20 39	21
20 41	8
20 43	4
20 44	26
20 45	31
21 0	39
21 1	35
21 3	7
21 4	16
21 5	10
21 6	41
21 7	17
21 11	8
21 12	40
21 13	44
21 16	15
21 17	28
21 19	23
21 21	37
21 22	32
21 23	49
21 24	2
21 25	3
21 27	18
21 32	9
21 34	33
21 38	29
21 39	20
21 44	19
22 0	28
22 2	2
22 3	34
22 7	25
22 8	49
22 9	16
22 11	47
22 13	23
22 16	20
22 18	44
22 19	8
22 21	7
22 22	9
22 23	30
22 24	45
22 25	6
22 27	33
22 30	21
22 34	11
22 40	31
22 43	10
22 44	29
22 47	14
23 0	33
23 3	2
23 6	47
23 8	26
23 9	10
23 11	24
23 13	11
23 14	46
23 17	13
23 18	29
23 20	23
23 21	39
23 23	32
23 24	18
23 27	8
23 30	48
23 35	9
23 37	27
23 39	41
23 42	40
23 43	3
23 45	14
23 49	5
24 1	47
24 2	18
24 10	38
24 14	44
24 18	4
24 19	24
24 21	1
24 22	8
24 24	49
24 27	7
24 30	11
24 31	42
24 32	22
24 33	12
24 35	41
24 36	28
24 38	25
24 39	19
24 43	2
24 44	6
24 45	23
24 46	40
24 47	17
24 48	48
24 49	33
25 0	47
25 1	32
25 2	36
25 3	35
25 6	31
25 8	24
25 9	3
25 10	20
25 13	22
25 14	39
25 15	1
25 16	40
25 17	7
25 18	49
25 19	42
25 21	21
25 22	41
25 28	10
25 32	6
25 33	44
25 36	38
25 37	12
25 40	8
25 41	34
25 42	11
25 44	33
25 45	4
25 47	30
25 49	16
26 1	29
26 4	15
26 7	43
26 10	40
26 11	27
26 16	36
26 19	16
26 20	42
26 22	26
26 23	33
26 24	30
26 25	37
26 26	10
26 29	21
26 30	7
26 31	32
26 39	47
26 43	24
26 44	18
26 45	17
26 46	28
26 47	45
26 48	9
27 1	26
27 3	14
27 4	6
27 5	9
27 6	15
27 7	16
27 9	12
27 11	7
27 13	17
27 16	19
27 19	45
27 20	2
27 22	25
27 23	44
27 25	43
27 26	13
27 28	4
27 29	31
27 30	10
27 31	23
27 32	1
27 34	22
27 39	46
27 40	32
27 41	38
27 42	49
27 48	28
28 0	35
28 1	20
28 4	45
28 8	48
28 10	11
28 11	22
28 22	12
28 23	21
28 24	5
28 28	16
28 29	15
28 30	41
28 33	9
28 35	44
28 36	19
28 38	40
28 41	33
28 44	43
28 45	13
28 48	10
28 49	1
29 2	9
29 4	47
29 5	14
29 6	35
29 10	45
29 12	31
29 14	25
29 15	27
29 17	37
29 20	4
29 21	43
29 24	36
29 28	6
29 29	5
29 31	29
29 32	19
29 34	46
29 35	0
29 37	13
29 38	10
29 40	48
29 42	44
29 44	23
29 45	20
29 47	28
30 0	22
30 2	1
30 3	24
30 5	12
30 8	14
30 10	30
30 11	26
30 13	28
30 19	44
30 21	38
30 22	16
30 23	6
30 26	31
30 29	47
30 33	37
30 35	11
30 40	21
30 44	7
30 46	4
30 47	5
30 49	40
31 2	27
31 4	12
31 6	2
31 7	20
31 9	9
31 11	11
31 12	36
31 14	41
31 17	16
31 19	18
31 20	10
31 21	42
31 25	26
31 26	6
31 27	30
31 28	21
31 29	19
31 31	4
31 33	8
31 34	45
31 35	39
31 36	13
31 38	32
31 41	23
31 42	31
31 43	44
31 47	46
32 2	41
32 3	32
32 5	44
32 6	33
32 7	46
32 13	3
32 16	2
32 17	0
32 18	38
32 19	15
32 20	8
32 23	45
32 25	20
32 27	13
32 28	18
32 29	27
32 32	42
32 33	48
32 34	34
32 35	29
32 36	9
32 37	10
32 39	12
32 40	40
32 41	19
32 42	5
32 43	11
32 46	6
32 47	24
32 48	21
32 49	25
33 0	43
33 3	30
33 5	21
33 7	7
33 9	40
33 12	14
33 13	13
33 14	15
33 16	27
33 17	36
33 18	37
33 19	0
33 20	11
33 22	19
33 27	41
33 28	34
33 29	22
33 30	29
33 35	47
33 37	6
33 38	35
33 39	9
33 40	18
33 42	20
33 43	28
33 47	2
33 48	16
34 1	23
34 4	5
34 5	49
34 6	42
34 10	14
34 11	16
34 13	48
34 16	17
34 17	24
34 20	26
34 24	12
34 25	39
34 26	37
34 29	25
34 31	6
34 38	30
34 40	47
34 43	34
34 46	35
34 47	33
34 49	11
35 0	9
35 4	40
35 5	29
35 6	21
35 8	5
35 9	33
35 11	2
35 12	32
35 13	16
35 18	17
35 20	44
35 21	4
35 22	45
35 23	34
35 24	14
35 27	12
35 28	19
35 31	41
35 34	8
35 38	46
35 41	3
35 48	26
36 1	22
36 5	46
36 10	36
36 13	0
36 14	49
36 16	42
36 17	27
36 20	39
36 23	4
36 25	30
36 27	29
36 28	37
36 29	38
36 30	44
36 33	5
36 35	6
36 38	14
36 39	7
36 40	13
36 41	12
36 43	16
36 46	21
36 47	15
36 48	45
37 2	17
37 6	18
37 10	34
37 17	26
37 20	12
37 26	24
37 30	37
37 33	21
37 34	31
37 35	28
37 37	19
37 39	5
37 40	36
37 42	10
37 47	44
37 49	35
38 0	17
38 1	41
38 5	40
38 6	34
38 7	11
38 11	19
38 14	33
38 15	30
38 19	2
38 20	45
38 22	38
38 23	23
38 29	7
38 30	8
38 31	49
38 32	47
38 35	4
38 36	16
38 41	6
38 42	36
38 44	44
38 45	12
38 46	13
39 0	25
39 1	6
39 2	34
39 6	43
39 9	30
39 10	4
39 11	3
39 12	7
39 13	41
39 14	1
39 15	15
39 18	26
39 19	28
39 21	27
39 23	8
39 24	31
39 27	5
39 29	2
39 30	46
39 32	24
39 36	14
39 37	42
39 38	33
39 39	49
39 42	16
39 43	36
39 44	48
39 45	19
39 47	18
39 48	12
40 1	9
40 2	42
40 5	6
40 7	4
40 10	33
40 14	24
40 15	20
40 16	25
40 19	35
40 20	0
40 21	47
40 22	14
40 24	15
40 30	16
40 34	41
40 35	7
40 37	40
40 38	3
40 39	10
40 40	2
40 41	30
40 42	26
40 43	8
40 44	34
40 46	43
40 47	22
40 48	19
41 2	0
41 4	24
41 5	23
41 6	39
41 7	41
41 8	12
41 10	17
41 11	40
41 12	47
41 13	27
41 17	32
41 21	8
41 23	22
41 24	6
41 25	42
41 26	5
41 28	48
41 30	33
41 34	9
41 35	31
41 37	25
41 41	21
41 42	18
41 44	36
41 45	10
41 46	16
41 47	3
41 48	38
41 49	4
42 1	19
42 2	13
42 5	7
42 6	4
42 8	35
42 9	36
42 10	8
42 19	25
42 21	11
42 22	33
42 23	1
42 24	43
42 25	46
42 26	18
42 29	42
42 30	39
42 33	23
42 35	49
42 37	5
42 41	15
42 44	12
42 48	29
43 0	49
43 1	28
43 5	22
43 6	46
43 9	5
43 10	9
43 11	1
43 12	21
43 13	37
43 16	34
43 20	19
43 23	10
43 28	42
43 29	44
43 31	12
43 32	8
43 33	2
43 35	33
43 36	47
43 42	30
43 43	7
43 44	27
43 47	32
44 2	12
44 4	33
44 6	7
44 7	39
44 8	45
44 9	49
44 10	48
44 11	29
44 13	34
44 15	5
44 18	11
44 21	6
44 25	13
44 26	16
44 28	41
44 29	24
44 30	47
44 31	36
44 32	21
44 37	1
44 38	42
44 39	31
44 43	30
44 44	2
44 45	35
44 47	4
45 5	18
45 6	49
45 7	40
45 9	7
45 11	33
45 16	14
45 17	47
45 18	5
45 19	31
45 21	48
45 23	25
45 24	0
45 26	26
45 28	30
45 30	34
45 44	3
45 46	1
45 47	13
45 48	4
46 0	42
46 1	30
46 3	43
46 5	1
46 6	38
46 7	19
46 8	39
46 9	23
46 10	10
46 12	2
46 15	14
46 17	18
46 18	31
46 19	29
46 22	4
46 24	44
46 26	47
46 27	6
46 29	49
46 33	45
46 34	35
46 36	17
46 38	21
46 41	40
46 43	22
46 44	46
46 45	41
46 46	34
46 47	36
46 49	26
47 0	7
47 1	33
47 4	35
47 5	11
47 9	2
47 10	22
47 13	25
47 14	45
47 16	43
47 19	9
47 20	29
47 21	49
47 22	40
47 23	24
47 26	8
47 27	4
47 29	32
47 30	27
47 31	38
47 35	3
47 38	41
47 43	19
47 44	10
47 48	39
47 49	21
48 3	38
48 4	23
48 5	26
48 7	29
48 8	15
48 15	21
48 17	10
48 19	6
48 20	41
48 21	14
48 22	34
48 23	3
48 24	46
48 25	35
48 26	1
48 31	18
48 36	8
48 37	0
48 39	45
48 41	24
48 42	42
48 43	31
48 45	48
48 47	12
48 48	44
48 49	27
49 0	10
49 1	42
49 3	37
49 4	13
49 6	0
49 14	29
49 15	25
49 17	1
49 20	9
49 21	19
49 22	20
49 24	7
49 25	5
49 26	33
49 28	44
49 32	26
49 36	21
49 37	36
49 40	23
49 42	12
49 43	39
49 45	6
49 46	46
49 47	38
49 49	41
