50
0 2	49
0 3	25
0 5	44
0 7	12
0 8	42
0 9	5
0 13	2
0 14	48
0 19	43
0 20	10
0 23	47
0 27	31
0 30	32
0 33	11
0 34	30
0 40	9
0 42	17
0 45	36
0 46	38
1 7	39
1 8	30
1 9	12
1 11	49
1 13	42
1 16	36
1 17	37
1 18	19
1 25	21
1 33	38
1 36	2
1 39	23
1 41	10
1 44	46
1 49	26
2 0	38
2 3	40
2 11	13
2 13	9
2 16	30
2 17	21
2 21	29
2 23	4
2 24	19
2 25	14
2 26	18
2 31	16
2 36	26
2 38	37
2 45	25
2 47	46
3 4	23
3 12	31
3 13	26
3 18	30
3 25	12
3 26	21
3 31	18
3 34	15
3 36	6
3 38	13
3 44	24
3 47	36
3 49	39
4 1	20
4 4	46
4 5	43
4 7	27
4 10	33
4 12	14
4 14	23
4 16	13
4 22	5
4 23	49
4 25	9
4 29	37
4 30	36
4 34	34
4 35	16
4 48	11
5 1	27
5 7	22
5 9	44
5 10	49
5 14	25
5 20	1
5 23	5
5 25	37
5 26	24
5 28	46
5 30	20
5 33	42
5 37	4
5 41	41
5 42	19
5 46	0
5 47	21
6 1	29
6 4	12
6 9	31
6 11	46
6 12	27
6 14	2
6 16	48
6 22	41
6 31	4
6 35	1
6 39	22
6 42	44
6 44	7
6 46	40
7 1	45
7 5	5
7 7	29
7 9	49
7 14	3
7 15	11
7 18	27
7 21	2
7 26	40
7 29	1
7 40	30
7 46	9
8 1	36
8 2	41
8 4	44
8 8	46
8 11	19
8 12	35
8 13	14
8 19	24
8 20	12
8 21	15
8 23	40
8 28	16
8 29	49
8 30	2
8 31	7
8 32	28
8 39	39
8 42	42
9 0	27
9 3	46
9 4	24
9 5	2
9 9	21
9 13	47
9 17	42
9 20	22
9 22	34
9 24	9
9 27	6
9 28	3
9 29	25
9 30	8
9 34	49
9 45	44
9 46	23
9 48	30
10 1	15
10 4	36
10 10	32
10 17	16
10 18	23
10 20	2
10 21	4
10 29	35
10 31	29
10 34	3
10 35	47
10 36	8
10 42	24
10 43	49
10 47	33
11 14	19
11 16	37
11 18	20
11 23	16
11 31	46
11 33	48
11 34	28
11 37	10
11 38	4
11 42	21
11 44	26
11 46	7
11 47	15
11 48	27
12 2	37
12 3	36
12 4	7
12 5	22
12 8	35
12 10	12
12 15	44
12 17	27
12 24	40
12 27	19
12 28	38
12 30	47
12 32	29
12 35	4
12 36	18
12 42	15
12 44	20
12 46	14
12 47	11
13 1	49
13 5	29
13 8	15
13 14	14
13 15	48
13 19	3
13 20	46
13 23	8
13 26	7
13 27	30
13 29	21
13 30	28
13 31	44
13 32	39
13 34	10
13 35	9
13 36	12
13 37	25
13 38	43
13 41	2
13 46	17
13 49	4
14 0	17
14 2	47
14 3	8
14 4	4
14 7	42
14 12	21
14 13	20
14 21	5
14 22	30
14 24	35
14 30	45
14 32	46
14 36	25
14 40	41
14 44	11
14 45	32
14 46	3
14 47	7
14 48	9
14 49	49
15 2	31
15 5	3
15 10	45
15 17	5
15 18	14
15 19	35
15 21	16
15 27	4
15 28	32
15 31	49
15 33	8
15 37	48
15 39	30
15 40	33
15 43	19
16 1	44
16 5	23
16 8	24
16 15	0
16 21	14
16 30	42
16 33	17
16 35	8
16 37	6
16 38	11
16 41	35
16 43	39
16 46	43
16 47	12
16 48	32
17 1	48
17 2	46
17 5	30
17 9	14
17 11	3
17 15	12
17 17	11
17 18	35
17 29	5
17 33	34
17 35	23
17 37	20
17 41	38
17 43	13
17 47	42
17 48	2
18 9	47
18 12	28
18 22	12
18 23	22
18 25	2
18 26	15
18 27	14
18 35	7
18 39	48
18 42	32
18 44	13
18 45	34
18 46	10
19 1	38
19 6	42
19 9	18
19 16	39
19 18	7
19 20	49
19 21	34
19 24	14
19 25	48
19 27	40
19 31	6
19 32	43
19 35	20
19 40	28
19 44	9
19 48	23
20 1	46
20 2	27
20 8	14
20 10	19
20 12	40
20 14	10
20 21	24
20 23	32
20 26	9
20 28	34
20 34	17
20 35	25
20 37	11
20 38	48
20 41	20
20 45	16
20 48	26
21 1	23
21 2	1
21 4	38
21 8	5
21 9	34
21 22	45
21 31	43
21 35	49
21 36	4
22 2	14
22 5	13
22 9	0
22 11	9
22 13	3
22 14	32
22 18	1
22 19	23
22 20	36
22 29	45
22 31	21
22 32	8
22 34	48
22 35	35
22 40	2
22 42	30
22 46	22
23 2	39
23 6	13
23 7	25
23 9	35
23 10	29
23 12	22
23 13	4
23 18	38
23 19	36
23 23	11
23 26	34
23 27	24
23 28	0
23 32	49
23 39	14
23 43	48
23 44	30
23 46	15
24 0	26
24 2	44
24 15	18
24 20	35
24 28	45
24 29	2
24 30	29
24 31	40
24 34	16
24 36	24
24 39	37
24 46	48
24 47	5
25 10	37
25 11	17
25 14	7
25 15	15
25 17	39
25 20	5
25 24	33
25 31	2
25 34	38
25 39	24
25 40	10
25 45	31
25 46	12
26 10	2
26 11	47
26 12	8
26 13	45
26 14	31
26 15	24
26 16	32
26 18	12
26 26	49
26 31	25
26 36	20
26 40	0
26 43	21
26 44	38
27 3	45
27 6	41
27 9	46
27 12	13
27 13	7
27 14	16
27 16	0
27 21	23
27 23	38
27 24	48
27 25	49
27 28	4
27 29	39
27 31	30
27 32	5
27 35	43
27 40	25
27 41	47
27 45	10
28 7	47
28 9	6
28 10	5
28 11	15
28 13	34
28 14	4
28 17	9
28 21	43
28 23	36
28 25	35
28 29	29
28 32	11
28 37	40
28 40	3
28 42	22
28 45	37
28 46	28
29 1	18
29 4	5
29 8	31
29 9	39
29 10	8
29 11	44
29 23	48
29 38	0
29 40	4
29 42	13
29 43	17
29 44	21
30 3	6
30 4	17
30 6	23
30 8	33
30 12	20
30 14	42
30 16	5
30 21	25
30 22	0
30 25	27
30 26	1
30 27	35
30 29	30
30 31	14
30 32	9
30 33	21
30 34	29
30 36	28
30 37	19
30 46	18
30 47	49
30 49	36
31 0	13
31 3	17
31 4	14
31 5	8
31 7	35
31 8	6
31 14	18
31 17	38
31 27	29
31 30	0
31 41	15
31 44	25
31 49	28
32 3	0
32 12	38
32 14	12
32 15	42
32 20	19
32 22	4
32 24	7
32 26	22
32 29	13
32 30	27
32 31	28
32 33	44
32 46	49
32 47	31
32 49	3
33 7	21
33 14	22
33 15	40
33 20	30
33 30	33
33 37	37
33 42	18
33 44	49
33 45	0
33 49	8
34 12	39
34 18	45
34 19	9
34 22	3
34 25	0
34 30	14
34 33	28
34 35	40
34 39	47
34 40	38
34 46	30
35 2	48
35 3	26
35 6	45
35 10	43
35 11	2
35 12	9
35 15	29
35 20	14
35 23	21
35 28	24
35 38	42
35 39	0
35 41	34
35 43	44
35 45	22
35 46	19
36 2	15
36 5	34
36 11	33
36 13	30
36 15	27
36 21	39
36 22	13
36 29	31
36 33	22
36 34	43
36 35	28
36 40	32
36 44	18
36 47	29
36 49	5
37 1	39
37 3	35
37 9	17
37 15	23
37 17	8
37 23	19
37 27	0
37 31	33
37 35	45
37 37	43
37 43	25
38 19	25
38 25	38
38 28	47
38 31	35
38 36	32
38 39	31
38 43	40
38 44	5
38 47	14
39 16	21
39 18	16
39 20	43
39 23	18
39 27	26
39 31	5
39 33	40
39 35	27
39 37	44
39 47	8
39 48	48
40 0	43
40 1	5
40 5	10
40 10	39
40 11	27
40 23	46
40 25	42
40 26	13
40 29	15
40 35	32
40 38	26
40 39	28
40 40	17
40 44	35
40 47	44
40 48	33
41 1	32
41 4	43
41 10	24
41 12	5
41 13	15
41 21	28
41 24	16
41 26	33
41 31	47
41 35	19
41 42	26
41 44	48
41 46	25
41 48	34
41 49	1
42 1	0
42 2	16
42 3	23
42 4	31
42 11	6
42 13	25
42 14	29
42 16	14
42 19	2
42 24	47
42 25	18
42 26	39
42 34	27
42 35	3
42 40	8
43 2	0
43 3	15
43 8	45
43 9	36
43 16	44
43 17	2
43 18	47
43 20	11
43 32	34
43 41	19
43 44	4
43 46	21
43 49	35
44 0	41
44 5	21
44 6	19
44 8	40
44 12	37
44 13	35
44 19	38
44 21	0
44 23	23
44 25	4
44 26	27
44 28	25
44 29	12
44 31	32
44 32	48
44 44	31
45 4	6
45 5	0
45 10	1
45 13	11
45 14	44
45 16	31
45 21	21
45 24	49
45 27	38
45 30	26
45 33	35
45 34	5
45 35	30
45 36	14
45 38	3
45 39	9
45 40	18
45 44	22
45 45	12
46 2	18
46 4	39
46 6	17
46 15	7
46 17	22
46 20	34
46 21	10
46 22	15
46 27	23
46 31	38
46 43	30
46 44	2
46 45	20
46 49	48
47 1	13
47 9	38
47 12	29
47 14	47
47 15	9
47 16	15
47 17	30
47 21	27
47 24	23
47 29	36
47 33	45
47 34	22
47 36	33
47 37	35
47 44	0
48 6	39
48 9	9
48 10	23
48 16	10
48 21	19
48 23	31
48 35	38
48 37	24
48 41	16
48 42	1
48 43	0
48 44	8
49 11	24
49 12	17
49 16	43
49 19	21
49 20	4
49 22	32
49 33	14
49 40	46
49 43	23
49 45	8
