50
0 1	37
0 3	12
0 19	24
0 21	44
0 24	22
0 25	13
0 29	42
0 36	29
0 37	14
0 39	8
0 40	19
0 42	18
0 45	16
0 47	45
0 48	39
1 1	29
1 5	32
1 6	1
1 7	34
1 11	46
1 12	36
1 13	9
1 15	17
1 16	21
1 17	40
1 21	45
1 25	3
1 28	44
1 30	4
1 32	24
1 33	18
1 34	26
1 35	30
1 39	7
1 46	15
2 2	9
2 6	17
2 10	28
2 12	27
2 14	8
2 15	24
2 16	0
2 17	18
2 19	37
2 21	39
2 23	25
2 30	2
2 31	11
2 33	35
2 35	38
2 38	29
2 44	26
2 45	23
2 49	41
3 6	6
3 7	5
3 12	32
3 13	8
3 17	29
3 20	14
3 22	19
3 24	13
3 30	38
3 31	9
3 37	47
3 38	3
3 40	18
3 41	24
3 42	41
3 44	16
3 48	30
4 0	26
4 4	33
4 5	1
4 7	27
4 8	45
4 12	38
4 13	32
4 16	48
4 17	49
4 18	19
4 26	29
4 28	21
4 30	8
4 31	15
4 37	42
4 43	12
4 45	44
4 46	6
4 48	9
4 49	11
5 1	5
5 4	26
5 5	35
5 10	21
5 11	44
5 21	22
5 23	8
5 24	31
5 25	12
5 27	48
5 30	32
5 33	38
5 34	18
5 39	20
5 42	19
5 45	42
5 46	10
6 1	10
6 2	48
6 3	28
6 8	22
6 9	20
6 12	40
6 15	27
6 16	1
6 17	37
6 18	6
6 20	13
6 24	36
6 25	32
6 29	38
6 31	18
6 34	24
6 36	17
6 38	49
6 39	33
6 41	34
6 42	25
6 44	45
6 45	41
6 47	14
6 48	4
7 1	12
7 3	30
7 7	4
7 8	10
7 10	23
7 11	26
7 14	9
7 15	6
7 16	3
7 18	2
7 19	17
7 21	7
7 22	43
7 23	42
7 24	40
7 28	18
7 29	14
7 30	39
7 36	1
7 42	8
7 43	44
7 44	13
7 45	22
7 46	49
7 48	15
7 49	35
8 0	16
8 5	10
8 6	34
8 7	28
8 10	31
8 11	13
8 12	44
8 14	49
8 16	24
8 19	27
8 21	37
8 23	14
8 26	38
8 28	20
8 29	3
8 30	0
8 31	45
8 34	25
8 36	8
8 39	26
8 40	23
8 42	22
8 45	11
9 0	32
9 4	38
9 8	49
9 9	12
9 10	26
9 11	19
9 12	2
9 13	23
9 15	43
9 16	28
9 20	41
9 23	10
9 25	22
9 27	13
9 31	7
9 33	8
9 36	15
9 38	40
9 39	46
9 41	27
9 44	29
9 46	31
9 47	18
10 2	19
10 3	41
10 5	11
10 6	13
10 10	2
10 11	45
10 13	30
10 18	37
10 19	32
10 22	23
10 23	31
10 25	47
10 27	16
10 30	1
10 34	43
10 39	17
10 41	22
10 44	35
10 46	48
10 47	38
10 49	34
11 1	28
11 2	33
11 3	35
11 5	3
11 6	7
11 7	36
11 8	19
11 10	4
11 11	47
11 12	42
11 13	39
11 24	16
11 28	38
11 29	22
11 30	43
11 37	21
11 41	37
11 45	2
11 47	26
12 1	17
12 6	8
12 10	22
12 18	26
12 20	48
12 21	46
12 22	45
12 23	12
12 25	10
12 27	42
12 30	34
12 33	32
12 39	18
12 43	16
12 45	27
12 46	0
12 49	38
13 1	11
13 2	27
13 7	14
13 10	48
13 12	0
13 13	17
13 19	10
13 21	24
13 24	1
13 25	4
13 26	31
13 27	40
13 29	32
13 32	49
13 33	6
13 36	43
13 39	28
13 42	30
13 43	3
13 44	12
13 45	33
13 46	21
13 48	5
13 49	13
14 0	40
14 1	15
14 3	10
14 4	42
14 9	44
14 10	43
14 19	6
14 20	18
14 23	32
14 27	45
14 29	16
14 34	27
14 35	2
14 46	12
14 47	8
14 48	14
15 0	30
15 4	46
15 5	19
15 6	41
15 10	33
15 14	29
15 16	27
15 22	32
15 25	26
15 26	22
15 28	7
15 29	17
15 31	36
15 33	16
15 35	48
15 36	45
15 38	34
15 39	25
15 42	23
15 44	3
15 45	24
15 47	39
16 2	2
16 3	23
16 6	48
16 7	46
16 9	27
16 11	14
16 13	29
16 14	3
16 18	45
16 21	26
16 26	33
16 27	9
16 30	19
16 31	35
16 33	44
16 35	40
16 40	32
16 42	10
16 43	47
16 45	39
16 46	16
16 47	31
17 4	22
17 9	9
17 12	5
17 13	10
17 16	11
17 17	24
17 19	4
17 20	43
17 22	13
17 23	6
17 25	33
17 28	28
17 29	18
17 30	15
17 31	12
17 33	42
17 34	19
17 35	45
17 43	37
17 44	21
17 46	1
17 47	2
17 48	44
18 6	20
18 8	21
18 10	42
18 14	44
18 16	9
18 17	47
18 20	39
18 23	33
18 25	37
18 32	48
18 33	4
18 34	41
18 35	49
18 38	13
18 40	6
18 41	11
18 42	46
18 45	30
18 48	17
19 2	21
19 3	17
19 4	8
19 5	41
19 11	3
19 14	40
19 17	39
19 19	15
19 21	32
19 22	22
19 29	23
19 33	26
19 35	19
19 36	47
19 44	46
19 48	20
20 0	23
20 2	7
20 7	11
20 9	38
20 11	0
20 23	28
20 30	5
20 32	45
20 33	1
20 38	32
20 39	42
20 40	46
20 43	24
20 46	2
20 48	34
21 0	29
21 1	23
21 4	0
21 5	17
21 7	48
21 11	30
21 19	8
21 20	44
21 25	43
21 27	34
21 32	1
21 36	19
21 43	15
21 44	14
22 1	8
22 2	43
22 10	36
22 11	33
22 18	23
22 20	6
22 21	49
22 22	24
22 27	21
22 28	4
22 29	7
22 33	14
22 34	28
22 35	44
22 36	30
22 38	15
22 48	40
23 2	49
23 4	19
23 6	33
23 7	38
23 8	4
23 10	12
23 11	6
23 13	37
23 18	34
23 22	10
23 23	35
23 24	18
23 25	42
23 26	36
23 29	0
23 30	23
23 31	41
23 34	32
23 43	22
23 45	9
23 47	28
23 48	45
23 49	17
24 1	3
24 5	12
24 6	42
24 9	40
24 10	37
24 13	46
24 15	15
24 24	27
24 29	31
24 31	38
24 35	13
24 38	45
24 39	34
24 42	21
24 43	9
24 44	23
24 46	20
24 47	43
24 48	47
24 49	8
25 0	0
25 4	32
25 5	47
25 6	49
25 8	33
25 10	40
25 11	20
25 15	13
25 16	34
25 18	42
25 20	36
25 21	14
25 22	46
25 24	37
25 26	21
25 29	9
25 32	41
25 35	23
25 36	2
25 37	5
25 38	4
25 40	26
25 41	6
25 42	3
25 44	19
25 49	24
26 0	18
26 2	15
26 3	37
26 4	4
26 5	0
26 12	19
26 13	45
26 16	46
26 17	44
26 22	26
26 38	48
26 40	25
26 42	9
26 43	1
26 44	47
26 46	13
26 47	30
27 2	17
27 3	9
27 9	33
27 11	16
27 14	7
27 22	47
27 23	48
27 25	25
27 27	44
27 28	8
27 32	46
27 34	14
27 35	34
27 36	13
27 39	10
27 42	32
27 44	5
27 45	4
27 48	6
28 1	48
28 3	20
28 10	7
28 13	12
28 16	38
28 20	23
28 22	42
28 25	36
28 34	21
28 36	26
28 37	31
28 38	14
28 39	49
28 44	4
28 48	2
28 49	44
29 0	13
29 3	27
29 4	25
29 9	41
29 10	8
29 17	19
29 20	31
29 21	15
29 24	48
29 25	46
29 26	43
29 30	18
29 32	16
29 35	7
29 37	45
29 43	28
29 45	49
29 47	47
29 49	20
30 1	18
30 5	16
30 7	6
30 13	2
30 14	41
30 16	32
30 18	31
30 19	14
30 20	45
30 21	5
30 22	27
30 23	22
30 24	8
30 25	34
30 28	39
30 29	13
30 33	23
30 37	17
30 38	33
30 43	38
30 48	35
31 9	23
31 10	16
31 16	13
31 17	31
31 23	46
31 24	29
31 25	38
31 29	43
31 30	24
31 34	47
31 36	6
31 39	3
31 41	7
31 42	14
31 43	17
31 44	0
31 45	32
31 47	21
31 48	18
32 5	14
32 7	13
32 15	10
32 16	42
32 19	49
32 22	37
32 23	18
32 25	23
32 28	9
32 29	36
32 30	21
32 31	2
32 33	29
32 35	31
32 37	27
32 38	5
32 41	1
32 42	0
32 43	20
32 44	25
32 45	26
33 1	31
33 5	46
33 13	44
33 17	28
33 19	2
33 21	13
33 22	36
33 26	16
33 27	26
33 30	41
33 31	0
33 34	45
33 41	21
33 42	11
33 45	12
33 46	4
33 49	32
34 2	8
34 11	10
34 12	43
34 13	28
34 15	9
34 17	45
34 18	49
34 22	35
34 31	16
34 36	20
35 0	48
35 3	4
35 4	6
35 5	42
35 8	8
35 9	17
35 11	49
35 13	11
35 14	15
35 15	30
35 18	24
35 20	26
35 22	21
35 26	44
35 33	47
35 35	12
35 36	18
35 37	35
35 38	43
35 39	2
35 41	39
35 44	32
35 45	3
35 46	5
35 48	46
35 49	23
36 0	28
36 2	30
36 3	16
36 4	15
36 5	6
36 11	8
36 14	12
36 15	0
36 28	3
36 30	33
36 31	29
36 33	34
36 34	5
36 35	26
36 37	43
36 39	47
36 41	23
36 44	42
36 48	49
36 49	45
37 1	14
37 6	5
37 10	32
37 12	37
37 13	1
37 14	26
37 15	35
37 16	25
37 18	8
37 21	2
37 23	11
37 25	45
37 26	34
37 31	30
37 32	40
37 33	46
37 34	12
37 35	0
37 37	18
37 38	44
37 39	24
37 40	48
37 42	6
37 44	7
37 47	4
37 48	27
38 3	18
38 6	10
38 10	14
38 13	41
38 14	32
38 17	1
38 20	3
38 22	12
38 24	0
38 31	6
38 33	13
38 34	8
38 35	22
38 36	38
38 38	46
38 42	47
38 45	20
39 2	38
39 4	35
39 6	4
39 13	34
39 14	0
39 16	23
39 17	10
39 19	48
39 20	2
39 22	5
39 24	9
39 27	30
39 30	31
39 31	17
39 35	39
39 36	24
39 37	12
39 45	47
39 46	28
39 47	7
39 48	22
39 49	25
40 0	36
40 3	7
40 4	28
40 8	48
40 9	47
40 10	18
40 12	10
40 13	19
40 14	5
40 16	40
40 18	44
40 24	11
40 27	3
40 29	2
40 30	42
40 31	24
40 32	29
40 35	17
40 37	41
40 38	35
40 39	14
40 42	26
40 46	37
41 0	22
41 5	15
41 8	26
41 11	18
41 12	31
41 21	23
41 22	3
41 25	6
41 30	25
41 31	4
41 32	44
41 33	7
41 34	29
41 36	16
41 39	0
41 40	30
41 41	41
41 42	28
41 44	48
41 45	5
41 46	42
41 49	14
42 2	6
42 3	29
42 4	43
42 5	4
42 8	38
42 9	8
42 10	25
42 13	22
42 15	16
42 16	15
42 26	37
42 32	11
42 34	7
42 40	28
43 2	12
43 4	40
43 8	3
43 11	27
43 19	18
43 20	20
43 22	1
43 24	44
43 25	17
43 29	47
43 30	14
43 31	13
43 32	10
43 34	33
43 45	43
43 46	24
43 47	29
44 1	7
44 2	35
44 3	40
44 5	21
44 8	36
44 10	5
44 16	22
44 17	12
44 18	4
44 23	27
44 26	46
44 35	41
44 36	42
44 37	38
44 38	6
44 40	31
44 44	9
44 46	39
45 0	43
45 3	13
45 5	8
45 6	22
45 7	31
45 8	14
45 9	5
45 10	46
45 11	34
45 12	3
45 14	10
45 15	7
45 17	11
45 22	39
45 23	19
45 25	35
45 27	29
45 31	26
45 34	1
45 36	27
45 37	48
45 39	40
45 42	38
45 46	44
46 1	30
46 8	40
46 11	22
46 13	49
46 16	6
46 17	26
46 18	36
46 20	7
46 22	31
46 24	20
46 30	28
46 34	15
46 35	42
46 37	16
46 38	21
46 42	37
46 43	29
46 46	8
46 47	13
46 48	48
47 1	25
47 2	31
47 5	36
47 6	24
47 8	44
47 9	15
47 10	19
47 11	21
47 14	22
47 16	8
47 19	35
47 21	33
47 22	6
47 25	29
47 27	49
47 28	46
47 30	10
47 31	32
47 35	9
47 39	12
47 43	13
47 45	18
47 47	48
48 0	15
48 1	44
48 2	47
48 4	48
48 6	31
48 7	40
48 8	23
48 10	30
48 11	28
48 15	45
48 17	36
48 18	17
48 19	29
48 20	9
48 22	49
48 23	16
48 24	26
48 25	27
48 26	11
48 29	19
48 31	33
48 32	8
48 33	41
48 35	35
48 36	5
48 41	20
48 42	43
48 43	6
48 44	2
48 45	1
49 0	41
49 1	39
49 2	10
49 3	6
49 8	2
49 9	42
49 12	47
49 13	26
49 16	31
49 22	18
49 23	37
49 24	7
49 25	21
49 26	25
49 27	24
49 28	43
49 32	19
49 34	34
49 42	49
49 49	28
