50
0 12	24
0 13	43
0 14	19
0 16	42
0 18	36
0 20	49
0 21	37
0 24	6
0 25	31
0 26	29
0 28	8
0 29	26
0 30	35
0 33	13
0 34	17
0 36	9
0 37	3
0 39	5
0 40	46
0 45	32
1 0	8
1 1	27
1 2	14
1 5	42
1 7	39
1 12	15
1 23	25
1 24	23
1 28	11
1 32	49
1 35	32
1 38	12
1 40	6
1 45	31
1 46	18
1 48	43
2 0	21
2 1	36
2 3	12
2 9	42
2 11	48
2 13	5
2 14	44
2 21	9
2 23	35
2 24	38
2 39	47
2 40	7
2 44	0
2 46	32
2 47	27
2 48	29
2 49	13
3 3	5
3 5	36
3 9	13
3 13	7
3 18	6
3 30	38
3 35	24
3 37	26
3 39	32
3 41	4
3 42	34
3 44	45
3 45	21
4 1	24
4 9	46
4 11	31
4 12	22
4 18	42
4 21	25
4 23	11
4 30	4
4 31	41
4 32	19
4 39	21
4 46	26
4 47	48
4 49	30
5 0	45
5 4	46
5 9	28
5 12	18
5 14	11
5 17	32
5 18	14
5 27	27
5 29	36
5 30	24
5 37	37
5 39	4
5 40	17
5 42	44
5 43	19
5 44	40
5 46	13
5 49	16
6 6	15
6 8	35
6 18	39
6 20	23
6 22	40
6 23	41
6 24	36
6 26	26
6 29	22
6 33	46
6 36	10
6 37	44
6 38	16
6 39	25
6 40	19
6 44	27
7 5	49
7 10	44
7 11	41
7 14	16
7 28	37
7 30	36
7 34	0
7 35	25
7 45	11
8 2	25
8 6	49
8 12	47
8 16	38
8 21	2
8 22	10
8 23	5
8 29	46
8 30	48
8 31	29
8 34	7
8 41	42
8 43	28
9 10	29
9 18	22
9 23	40
9 27	38
9 28	36
9 31	16
9 33	15
9 36	33
9 46	24
9 47	26
9 48	17
10 14	40
10 24	45
10 25	32
10 29	29
10 30	14
10 31	17
10 35	43
10 39	49
10 41	7
10 42	47
10 43	4
10 45	39
10 46	33
11 2	20
11 3	4
11 7	5
11 10	14
11 11	13
11 18	49
11 19	24
11 20	22
11 21	27
11 25	28
11 27	15
11 30	31
11 33	21
11 34	26
11 40	10
12 1	4
12 3	47
12 5	8
12 6	11
12 9	10
12 15	13
12 17	44
12 18	28
12 20	21
12 23	15
12 24	33
12 26	25
12 27	43
12 28	16
12 33	24
12 36	6
12 37	18
12 40	1
12 41	26
12 42	23
12 43	41
12 44	30
12 46	29
12 48	3
13 1	42
13 3	25
13 7	32
13 11	46
13 14	24
13 18	43
13 25	14
13 27	41
13 29	18
13 30	30
13 33	10
13 34	29
13 38	1
13 40	2
13 45	33
13 46	11
13 47	40
13 48	13
14 1	49
14 3	42
14 4	9
14 9	8
14 11	27
14 13	37
14 14	21
14 15	39
14 23	43
14 31	2
14 43	25
15 2	39
15 6	28
15 7	24
15 8	11
15 10	15
15 11	47
15 12	30
15 15	44
15 17	8
15 19	7
15 20	29
15 23	45
15 25	13
15 27	9
15 31	33
15 32	14
15 39	18
15 41	40
15 43	21
15 47	6
15 48	19
15 49	37
16 3	39
16 5	25
16 6	19
16 11	9
16 16	31
16 20	42
16 23	33
16 28	41
16 31	26
16 32	1
16 37	15
16 42	4
16 45	38
17 1	17
17 2	11
17 3	46
17 4	2
17 7	45
17 10	28
17 13	35
17 15	26
17 16	4
17 19	21
17 32	25
17 33	38
17 36	39
17 38	24
17 41	32
17 43	29
18 3	49
18 5	11
18 6	26
18 8	41
18 9	43
18 13	39
18 15	12
18 16	47
18 20	37
18 23	44
18 24	24
18 30	2
18 32	34
18 34	21
18 35	48
18 43	14
18 49	46
19 1	29
19 4	21
19 12	6
19 14	42
19 16	43
19 17	19
19 19	5
19 20	1
19 21	11
19 27	24
19 29	12
19 31	4
19 32	22
19 34	18
19 36	13
19 40	3
19 44	34
20 1	26
20 2	6
20 4	15
20 5	45
20 7	27
20 8	46
20 20	35
20 23	13
20 24	2
20 25	34
20 26	24
20 32	30
20 40	18
20 44	28
20 47	31
20 49	22
21 10	23
21 18	15
21 23	46
21 24	26
21 26	19
21 28	34
21 29	39
21 33	12
21 34	48
21 36	49
21 39	30
21 44	22
22 0	25
22 2	24
22 3	18
22 4	45
22 9	19
22 14	1
22 19	27
22 20	10
22 23	23
22 24	34
22 28	7
22 29	32
22 36	12
22 37	4
22 41	28
22 42	9
23 1	22
23 2	46
23 3	9
23 12	38
23 15	42
23 16	10
23 18	40
23 19	23
23 20	3
23 23	34
23 27	4
23 30	19
23 32	29
23 40	0
23 41	2
23 42	1
23 46	35
23 49	43
24 4	30
24 9	22
24 10	11
24 12	36
24 13	27
24 15	3
24 16	35
24 21	0
24 24	12
24 27	1
24 28	39
24 29	19
24 33	4
24 37	43
24 41	45
24 42	31
24 45	6
24 46	16
25 2	34
25 4	10
25 11	30
25 15	36
25 16	25
25 24	14
25 25	11
25 39	37
25 40	15
25 49	38
26 5	29
26 9	49
26 17	9
26 21	12
26 24	3
26 28	22
26 30	27
26 32	48
26 37	31
26 43	30
27 1	7
27 7	25
27 18	18
27 27	17
27 32	31
27 41	21
27 43	12
27 44	47
28 0	39
28 5	7
28 11	18
28 15	9
28 16	33
28 17	13
28 23	12
28 25	27
28 27	44
28 34	1
28 38	26
28 39	28
28 40	8
28 42	29
28 45	30
28 47	4
29 2	18
29 5	20
29 9	26
29 13	44
29 20	33
29 27	30
29 29	24
29 36	21
29 42	12
29 43	47
30 3	7
30 7	12
30 9	6
30 11	22
30 12	44
30 13	36
30 14	10
30 17	30
30 19	39
30 21	4
30 36	48
30 41	38
30 49	25
31 1	14
31 3	10
31 5	47
31 7	22
31 8	34
31 11	37
31 12	48
31 25	21
31 26	30
31 38	17
31 39	31
31 41	27
31 46	25
31 47	29
32 13	25
32 14	30
32 17	11
32 24	20
32 26	44
32 27	49
32 31	18
32 33	42
32 35	26
32 37	2
32 38	21
32 43	17
32 49	12
33 11	15
33 23	9
33 31	27
33 33	17
33 38	6
33 40	40
34 0	13
34 1	30
34 6	25
34 11	8
34 12	4
34 13	23
34 16	32
34 17	40
34 21	47
34 24	37
34 26	15
34 32	35
34 36	29
34 38	33
34 39	46
34 40	31
34 45	5
34 46	12
34 49	36
35 2	17
35 4	18
35 6	5
35 7	28
35 9	31
35 12	34
35 16	6
35 18	0
35 21	36
35 24	27
35 31	22
35 34	38
35 35	29
35 37	9
35 38	15
35 40	33
35 41	25
35 44	46
35 49	32
36 3	8
36 4	11
36 12	10
36 18	16
36 19	15
36 20	19
36 21	3
36 24	30
36 27	25
36 28	1
36 29	4
36 31	12
36 33	35
36 36	20
36 37	29
36 39	17
36 41	22
36 42	5
36 47	36
36 49	18
37 0	15
37 8	29
37 9	40
37 12	33
37 14	34
37 16	8
37 17	31
37 21	18
37 22	46
37 23	7
37 24	4
37 25	17
37 26	13
37 27	47
37 28	49
37 31	11
37 34	23
37 35	5
37 36	26
37 37	36
38 2	30
38 7	38
38 8	20
38 11	26
38 14	23
38 17	47
38 19	16
38 22	9
38 23	4
38 28	43
38 30	22
38 31	31
38 37	33
38 41	48
38 46	15
38 47	19
39 0	7
39 2	36
39 3	1
39 11	23
39 15	49
39 18	34
39 19	26
39 28	18
39 34	2
39 38	44
39 43	37
39 48	15
39 49	28
40 0	41
40 2	37
40 6	45
40 11	6
40 14	49
40 18	26
40 20	36
40 23	28
40 24	5
40 25	4
40 31	14
40 32	46
40 35	31
40 36	42
40 38	0
40 39	27
40 43	44
40 45	29
41 7	3
41 8	12
41 12	21
41 14	32
41 16	22
41 22	34
41 23	2
41 24	29
41 25	46
41 26	9
41 27	48
41 29	5
41 31	49
41 32	37
41 35	0
41 38	11
41 39	24
41 40	13
41 43	31
41 44	38
42 1	35
42 15	40
42 16	23
42 21	34
42 22	3
42 34	8
42 37	10
42 39	19
42 47	46
43 0	17
43 2	33
43 4	5
43 8	25
43 11	45
43 20	24
43 22	42
43 23	3
43 34	16
43 36	38
43 37	7
43 38	18
43 40	44
43 41	34
43 44	29
43 46	30
43 47	47
44 2	12
44 3	0
44 14	8
44 18	3
44 32	43
44 49	33
45 1	18
45 3	2
45 4	31
45 14	39
45 15	15
45 20	14
45 21	28
45 24	22
45 26	6
45 27	10
45 28	29
45 30	16
45 31	30
45 36	46
45 43	23
45 44	5
45 45	36
45 46	1
45 49	27
46 3	22
46 4	42
46 7	36
46 11	24
46 12	11
46 18	30
46 19	25
46 21	16
46 23	49
46 32	12
46 36	41
46 37	17
46 41	3
46 45	47
46 49	5
47 2	2
47 4	24
47 7	16
47 13	18
47 14	47
47 16	46
47 22	28
47 23	29
47 31	35
47 41	41
47 46	48
48 0	34
48 9	21
48 12	43
48 14	17
48 15	31
48 16	14
48 21	8
48 23	6
48 24	25
48 25	49
48 29	13
48 35	22
48 36	16
48 38	27
48 40	36
48 42	46
48 43	42
48 47	7
49 1	20
49 2	35
49 6	18
49 8	16
49 14	3
49 16	17
49 17	23
49 18	37
49 27	22
49 28	32
49 29	0
49 30	13
49 37	48
49 38	40
49 39	34
49 44	7
49 45	28
