50
0 6	30
0 8	18
0 10	14
0 17	7
0 23	46
0 25	36
0 33	15
0 34	31
0 44	44
0 49	12
1 2	19
1 10	33
1 14	43
1 15	34
1 20	6
1 21	41
1 26	31
1 31	12
1 32	46
1 33	0
1 34	25
1 36	28
1 39	8
1 40	10
1 46	36
2 2	14
2 3	32
2 5	8
2 14	36
2 16	11
2 17	49
2 21	30
2 23	25
2 26	28
2 28	18
2 30	43
2 35	16
2 37	23
2 38	46
2 39	29
2 42	39
2 45	3
2 46	5
3 0	0
3 1	12
3 6	17
3 12	26
3 13	2
3 17	33
3 23	8
3 28	6
3 30	32
3 32	35
3 33	27
3 36	16
3 37	11
3 42	21
3 48	23
4 2	35
4 7	34
4 8	7
4 14	4
4 15	19
4 24	5
4 25	28
4 26	48
4 29	24
4 35	38
4 36	18
4 40	8
4 41	22
4 44	11
4 47	42
4 49	13
5 5	41
5 6	26
5 7	7
5 11	27
5 13	32
5 14	3
5 17	38
5 20	21
5 22	24
5 33	46
5 35	48
5 39	6
6 1	25
6 2	2
6 3	29
6 5	4
6 14	47
6 16	9
6 19	26
6 21	27
6 22	18
6 28	34
6 29	35
6 39	44
6 40	17
6 42	14
6 43	40
6 46	32
7 0	20
7 2	40
7 3	22
7 4	27
7 7	46
7 9	35
7 12	2
7 14	16
7 24	13
7 26	41
7 29	17
7 31	48
7 36	25
7 40	19
7 42	29
7 45	36
7 46	3
7 47	0
7 48	26
7 49	11
8 2	21
8 3	8
8 5	39
8 6	9
8 10	32
8 15	23
8 17	48
8 21	24
8 22	1
8 25	26
8 27	29
8 28	49
8 38	25
8 40	15
8 43	37
8 46	17
9 0	35
9 1	16
9 3	26
9 10	18
9 20	32
9 22	44
9 24	24
9 26	6
9 29	19
9 30	31
9 33	17
9 36	23
9 37	7
9 39	37
9 40	39
9 46	34
9 47	3
10 2	18
10 5	47
10 9	2
10 13	40
10 23	27
10 24	48
10 25	21
10 26	44
10 28	23
10 31	41
10 32	17
10 35	5
10 38	36
10 40	26
10 42	37
10 44	43
10 45	11
10 47	25
10 49	0
11 8	22
11 15	10
11 19	47
11 23	0
11 24	16
11 28	9
11 34	46
11 38	28
11 40	27
11 44	38
12 4	4
12 6	8
12 7	1
12 8	34
12 14	42
12 16	25
12 23	17
12 24	2
12 26	43
12 30	19
12 35	7
12 36	33
12 38	5
12 40	16
12 43	31
13 1	46
13 2	22
13 5	12
13 8	40
13 10	11
13 11	34
13 14	13
13 16	41
13 24	17
13 34	20
13 40	35
13 41	38
13 49	29
14 1	45
14 2	20
14 5	1
14 9	15
14 10	35
14 11	13
14 14	14
14 16	24
14 19	39
14 21	32
14 23	44
14 26	0
14 33	25
14 36	4
14 42	3
14 45	34
15 13	44
15 15	16
15 17	21
15 21	2
15 23	7
15 24	35
15 32	48
15 33	6
15 37	33
15 38	17
15 39	39
15 42	43
15 43	34
15 46	20
15 48	24
16 1	43
16 2	38
16 4	19
16 5	34
16 9	24
16 15	1
16 16	2
16 17	39
16 19	20
16 20	28
16 24	40
16 25	0
16 26	36
16 27	49
16 28	45
16 32	11
16 34	35
16 41	16
16 45	4
17 1	2
17 4	7
17 5	30
17 7	47
17 8	5
17 10	34
17 11	23
17 13	9
17 20	49
17 22	48
17 28	44
17 37	40
17 38	29
17 42	33
17 47	31
18 0	32
18 1	0
18 5	40
18 6	33
18 10	38
18 11	46
18 12	8
18 15	5
18 16	3
18 20	20
18 21	43
18 24	25
18 30	28
18 37	30
18 38	34
18 46	26
18 47	10
18 48	18
19 1	27
19 2	33
19 3	1
19 4	9
19 7	15
19 9	49
19 13	21
19 14	45
19 17	47
19 22	28
19 24	6
19 25	43
19 29	18
19 34	48
19 37	0
19 38	13
19 41	3
19 44	23
19 45	24
19 48	8
20 6	23
20 7	19
20 12	45
20 15	44
20 17	3
20 23	18
20 25	33
20 30	0
20 38	31
20 40	41
20 45	10
21 3	9
21 13	37
21 17	42
21 19	13
21 20	48
21 22	6
21 25	35
21 28	32
21 32	16
21 45	22
21 48	29
22 0	38
22 4	30
22 6	48
22 7	14
22 12	41
22 14	49
22 19	37
22 25	25
22 32	36
22 35	34
23 0	24
23 2	31
23 7	22
23 10	5
23 11	7
23 14	27
23 15	21
23 21	1
23 23	43
23 28	12
23 31	44
23 32	39
23 36	10
23 38	37
23 39	26
23 41	20
23 43	46
24 1	30
24 3	5
24 4	20
24 6	4
24 8	29
24 11	9
24 13	28
24 14	39
24 15	48
24 19	43
24 24	33
24 28	2
24 29	3
24 31	38
24 32	24
24 33	40
24 35	31
24 42	7
24 46	45
24 48	49
25 0	36
25 2	15
25 3	27
25 6	24
25 8	25
25 11	20
25 16	39
25 18	18
25 20	12
25 27	1
25 34	10
25 36	5
25 37	28
25 40	34
25 42	16
25 43	7
25 44	35
25 45	19
25 47	30
26 7	35
26 10	44
26 14	5
26 20	43
26 22	16
26 23	21
26 25	18
26 29	31
26 30	15
26 42	22
26 44	34
26 45	8
27 0	9
27 2	11
27 4	12
27 8	35
27 15	3
27 20	42
27 21	49
27 22	15
27 25	41
27 32	14
27 33	37
27 34	0
27 37	4
27 39	16
27 43	43
27 44	10
27 49	40
28 0	31
28 4	43
28 9	9
28 13	15
28 19	28
28 22	13
28 23	34
28 25	24
28 27	19
28 29	14
28 33	33
28 36	21
28 38	20
28 40	0
28 41	25
29 5	29
29 6	10
29 10	48
29 13	49
29 15	0
29 16	31
29 19	32
29 22	37
29 38	35
29 42	24
30 0	19
30 5	18
30 8	14
30 13	36
30 15	27
30 16	4
30 17	10
30 23	45
30 24	7
30 25	29
30 28	25
30 33	9
30 38	8
30 40	30
30 41	11
30 43	44
30 45	26
30 46	39
31 6	31
31 7	10
31 9	20
31 11	29
31 14	33
31 17	24
31 20	25
31 21	7
31 26	27
31 34	5
31 35	19
31 38	38
31 41	34
31 43	49
31 45	23
31 47	39
31 49	16
32 1	14
32 11	26
32 16	45
32 19	12
32 24	32
32 25	48
32 34	49
32 39	22
32 41	17
32 42	4
33 12	0
33 15	6
33 16	23
33 18	46
33 19	36
33 20	13
33 21	12
33 25	17
33 30	35
33 31	24
33 34	45
33 36	19
33 38	43
33 49	5
34 4	0
34 10	29
34 11	28
34 13	5
34 14	7
34 16	18
34 18	1
34 21	10
34 25	3
34 26	35
34 31	32
34 34	21
34 47	46
35 2	12
35 5	9
35 7	42
35 9	17
35 10	23
35 18	20
35 20	8
35 26	38
35 28	22
35 33	18
35 34	4
35 36	14
35 44	29
36 0	15
36 3	10
36 8	31
36 10	25
36 11	16
36 16	13
36 17	4
36 19	18
36 20	46
36 21	22
36 26	1
36 33	30
36 35	44
36 38	47
36 43	24
36 45	43
36 49	48
37 5	23
37 6	41
37 9	48
37 11	24
37 15	38
37 16	43
37 18	13
37 22	36
37 26	30
37 28	47
37 31	42
37 34	19
37 35	6
37 36	0
37 41	33
37 44	17
37 46	21
37 48	10
38 4	16
38 7	39
38 11	48
38 15	35
38 24	34
38 26	47
38 30	2
38 31	9
38 35	49
38 38	44
38 39	14
38 42	25
38 44	20
38 47	18
38 48	6
39 2	29
39 3	2
39 9	16
39 10	15
39 12	27
39 13	41
39 14	20
39 20	19
39 22	22
39 25	14
39 26	18
39 27	17
39 29	7
39 34	6
39 41	24
39 47	48
40 5	45
40 10	7
40 11	10
40 13	27
40 16	42
40 19	17
40 20	33
40 22	29
40 26	5
40 27	18
40 30	14
40 31	31
40 34	24
40 42	46
40 43	6
41 4	37
41 16	6
41 23	20
41 25	45
41 26	19
41 29	28
41 32	40
41 34	43
41 38	15
41 43	12
41 47	49
42 4	32
42 5	10
42 12	48
42 23	38
42 29	37
42 33	28
42 36	36
42 37	46
42 40	33
42 47	40
42 49	8
43 0	40
43 9	46
43 15	31
43 24	36
43 25	39
43 31	6
43 35	45
43 38	11
43 40	48
43 44	1
43 46	30
43 47	43
43 48	0
44 3	48
44 4	28
44 6	42
44 8	44
44 9	29
44 15	26
44 17	46
44 23	40
44 26	17
44 33	5
44 36	31
44 37	27
44 40	12
44 42	20
44 43	47
44 44	14
44 45	16
44 48	43
45 1	6
45 4	41
45 6	28
45 9	26
45 11	18
45 17	22
45 18	35
45 20	15
45 21	40
45 23	30
45 24	29
45 27	7
45 30	37
45 31	8
45 35	20
45 36	39
45 39	24
45 49	17
46 4	25
46 5	44
46 8	32
46 19	24
46 22	11
46 46	7
46 47	16
47 1	4
47 2	8
47 5	42
47 6	29
47 18	45
47 20	47
47 22	5
47 23	23
47 24	9
47 26	14
47 34	27
47 38	32
47 40	20
47 43	48
47 44	46
47 45	2
47 46	16
47 47	41
48 4	29
48 5	0
48 13	8
48 16	44
48 17	34
48 18	17
48 19	23
48 21	36
48 29	20
48 30	48
48 38	7
48 41	14
48 48	27
49 1	39
49 2	6
49 7	26
49 9	22
49 12	23
49 13	18
49 15	33
49 18	36
49 20	7
49 22	43
49 29	12
49 35	0
49 37	25
49 38	40
49 43	3
49 46	13
49 47	27
49 48	42
