50
0 1	21
0 2	27
0 3	49
0 4	35
0 5	20
0 6	30
0 7	45
0 8	15
0 9	16
0 10	12
0 11	17
0 13	47
0 14	44
0 15	42
0 16	36
0 17	25
0 18	2
0 19	38
0 20	33
0 21	28
0 22	34
0 23	40
0 24	32
0 25	23
0 26	24
0 27	43
0 28	46
0 30	26
0 31	29
0 32	10
0 33	48
0 34	39
0 35	22
0 36	8
0 37	18
0 38	41
0 39	6
0 40	1
0 41	0
0 42	7
0 43	14
0 45	4
0 46	13
0 47	11
0 49	37
1 2	3
1 3	20
1 5	19
1 8	13
1 9	25
1 10	37
1 12	27
1 13	10
1 14	2
1 15	29
1 16	30
1 17	35
1 19	44
1 20	11
1 21	16
1 22	14
1 24	6
1 26	1
1 28	26
1 29	18
1 31	33
1 32	21
1 33	32
1 34	41
1 35	38
1 36	28
1 37	48
1 40	42
1 41	8
1 42	43
1 43	40
1 44	23
1 46	31
1 47	39
1 48	7
2 0	29
2 1	33
2 3	39
2 4	19
2 5	36
2 6	49
2 7	18
2 8	21
2 9	34
2 10	15
2 11	42
2 12	20
2 13	35
2 14	26
2 15	14
2 16	7
2 17	5
2 18	3
2 19	25
2 20	24
2 21	1
2 23	22
2 26	38
2 28	41
2 29	40
2 31	6
2 32	9
2 33	23
2 34	16
2 35	46
2 36	17
2 37	10
2 39	47
2 40	37
2 41	32
2 42	13
2 44	0
2 45	45
2 46	28
2 47	2
2 48	8
3 5	25
3 6	41
3 7	17
3 8	18
3 11	36
3 12	11
3 13	21
3 15	40
3 17	38
3 18	48
3 20	46
3 21	19
3 22	15
3 23	34
3 24	12
3 25	16
3 26	0
3 28	35
3 29	49
3 30	42
3 31	20
3 32	22
3 35	45
3 36	3
3 37	28
3 38	44
3 39	4
3 40	6
3 42	23
3 43	32
3 44	31
3 46	1
3 47	43
3 48	39
3 49	30
4 0	45
4 1	44
4 2	24
4 3	31
4 4	0
4 5	48
4 7	14
4 8	33
4 9	41
4 10	8
4 11	30
4 13	9
4 14	28
4 16	6
4 17	47
4 18	16
4 19	42
4 20	7
4 21	4
4 23	43
4 24	25
4 25	29
4 26	23
4 27	36
4 28	37
4 29	10
4 30	38
4 31	12
4 33	21
4 34	1
4 36	19
4 37	13
4 38	32
4 39	20
4 40	5
4 43	26
4 44	34
4 45	18
4 46	46
4 47	22
4 48	35
4 49	39
5 0	44
5 1	8
5 3	23
5 4	11
5 5	26
5 6	3
5 7	27
5 8	28
5 9	40
5 10	2
5 11	22
5 13	19
5 14	49
5 15	16
5 16	29
5 17	30
5 18	15
5 19	17
5 20	14
5 21	31
5 22	7
5 23	47
5 25	25
5 27	21
5 29	5
5 31	24
5 32	45
5 33	6
5 34	9
5 35	35
5 36	20
5 37	42
5 38	37
5 39	0
5 40	13
5 41	33
5 43	41
5 44	38
5 45	43
5 47	36
5 48	32
5 49	46
6 1	2
6 2	10
6 3	17
6 4	37
6 5	49
6 6	28
6 7	29
6 8	36
6 9	18
6 10	21
6 11	25
6 12	19
6 13	30
6 14	32
6 16	4
6 17	13
6 18	44
6 19	7
6 20	3
6 22	42
6 23	48
6 25	1
6 26	5
6 27	24
6 28	22
6 29	46
6 30	12
6 32	6
6 34	45
6 35	11
6 37	15
6 38	38
6 39	34
6 40	39
6 41	20
6 42	0
6 44	27
6 45	47
6 46	41
6 47	40
6 48	23
6 49	43
7 0	40
7 2	47
7 4	41
7 5	16
7 6	23
7 8	14
7 9	33
7 10	10
7 12	18
7 13	13
7 14	9
7 16	35
7 17	0
7 20	5
7 22	29
7 23	17
7 24	22
7 25	20
7 26	36
7 27	2
7 28	43
7 29	28
7 30	21
7 31	8
7 32	12
7 33	46
7 34	32
7 35	27
7 36	11
7 37	38
7 38	7
7 40	19
7 41	6
7 42	4
7 43	48
7 44	39
7 45	42
7 46	37
7 47	24
7 48	30
8 0	24
8 1	10
8 2	45
8 4	46
8 5	40
8 6	22
8 8	31
8 9	23
8 10	25
8 11	1
8 12	16
8 13	34
8 14	47
8 15	3
8 17	41
8 18	37
8 19	11
8 20	21
8 22	17
8 23	14
8 24	28
8 25	43
8 26	20
8 27	18
8 28	9
8 30	2
8 31	49
8 32	4
8 33	5
8 34	0
8 35	19
8 37	33
8 39	7
8 40	26
8 41	36
8 42	44
8 43	29
8 44	13
8 45	32
8 46	27
8 47	15
8 48	48
8 49	42
9 2	23
9 3	32
9 4	4
9 5	7
9 6	44
9 7	5
9 9	3
9 12	6
9 14	41
9 15	13
9 16	27
9 17	46
9 18	26
9 19	24
9 20	18
9 22	45
9 23	37
9 24	30
9 25	36
9 26	42
9 28	1
9 29	19
9 30	16
9 32	38
9 33	33
9 34	15
9 36	29
9 37	22
9 38	39
9 39	8
9 41	49
9 42	25
9 43	31
9 44	9
9 46	40
9 49	35
10 0	4
10 1	42
10 2	30
10 3	41
10 4	18
10 5	8
10 6	29
10 7	47
10 8	24
10 9	35
10 10	44
10 11	6
10 12	38
10 14	12
10 17	43
10 18	46
10 21	48
10 22	39
10 23	36
10 25	37
10 26	33
10 27	28
10 30	11
10 31	40
10 33	27
10 34	49
10 35	7
10 36	34
10 37	9
10 38	13
10 39	14
10 40	25
10 41	1
10 42	16
10 44	32
10 45	3
10 46	19
10 47	0
10 49	15
11 0	27
11 1	29
11 2	44
11 3	1
11 4	22
11 5	13
11 7	34
11 8	26
11 9	8
11 10	7
11 12	9
11 13	0
11 14	25
11 15	15
11 16	42
11 17	11
11 18	5
11 19	20
11 20	35
11 21	36
11 22	28
11 24	40
11 25	31
11 27	14
11 28	33
11 30	23
11 31	16
11 32	39
11 34	37
11 35	43
11 37	17
11 38	45
11 39	2
11 40	38
11 41	41
11 42	18
11 45	6
11 46	48
11 47	46
11 49	49
12 0	34
12 1	16
12 4	25
12 5	31
12 6	1
12 7	4
12 8	48
12 9	13
12 10	30
12 11	11
12 12	0
12 13	14
12 14	3
12 15	19
12 16	23
12 17	39
12 18	8
12 19	37
12 20	17
12 21	18
12 22	5
12 23	28
12 24	7
12 25	32
12 26	15
12 27	6
12 28	2
12 30	41
12 31	45
12 33	24
12 35	21
12 36	42
12 37	40
12 38	20
12 39	22
12 40	33
12 41	43
12 42	46
12 43	44
12 44	36
12 45	10
12 46	35
13 0	28
13 1	3
13 4	32
13 5	27
13 6	25
13 8	43
13 9	26
13 10	6
13 11	48
13 12	39
13 13	17
13 14	21
13 15	23
13 16	1
13 17	10
13 18	18
13 20	9
13 22	38
13 23	33
13 24	36
13 25	34
13 26	14
13 27	44
13 28	45
13 29	7
13 30	0
13 32	41
13 33	31
13 34	24
13 35	8
13 37	49
13 38	19
13 39	5
13 40	2
13 41	42
13 42	11
13 43	4
13 46	30
13 47	13
13 48	16
13 49	20
14 1	36
14 2	34
14 3	9
14 4	3
14 5	12
14 7	6
14 8	16
14 9	22
14 10	40
14 11	15
14 12	32
14 13	25
14 14	30
14 15	18
14 16	26
14 17	42
14 18	47
14 19	23
14 20	13
14 21	39
14 22	10
14 23	35
14 25	49
14 26	43
14 27	41
14 28	28
14 29	14
14 30	8
14 32	29
14 34	38
14 35	0
14 36	2
14 38	11
14 39	44
14 40	27
14 41	31
14 42	24
14 44	48
14 45	37
14 46	7
14 47	45
14 48	20
15 1	9
15 2	28
15 3	10
15 4	36
15 5	44
15 8	38
15 10	48
15 11	29
15 13	46
15 14	4
15 15	25
15 16	13
15 17	12
15 18	0
15 19	39
15 20	8
15 21	45
15 23	3
15 24	31
15 25	6
15 26	21
15 27	23
15 28	16
15 29	20
15 30	40
15 31	37
15 32	2
15 33	22
15 36	24
15 38	27
15 39	49
15 40	14
15 41	19
15 42	30
15 43	34
15 44	17
15 45	1
15 46	18
15 47	5
15 49	7
16 1	15
16 2	32
16 3	24
16 4	34
16 5	11
16 6	27
16 7	21
16 9	44
16 10	31
16 11	41
16 12	43
16 13	2
16 15	0
16 18	36
16 19	46
16 20	47
16 21	7
16 26	17
16 27	29
16 28	6
16 29	23
16 30	3
16 31	48
16 32	33
16 33	38
16 34	22
16 36	4
16 37	20
16 38	9
16 40	12
16 42	45
16 43	5
16 45	25
16 46	49
16 47	35
16 48	14
16 49	13
17 0	0
17 2	22
17 3	16
17 4	13
17 5	2
17 6	40
17 7	37
17 8	3
17 9	24
17 10	27
17 13	31
17 14	45
17 17	44
17 18	1
17 19	8
17 20	43
17 21	10
17 23	18
17 24	33
17 26	29
17 27	20
17 28	11
17 29	47
17 32	49
17 33	19
17 34	36
17 35	4
17 36	5
17 38	42
17 39	30
17 40	32
17 41	48
17 43	9
17 44	6
17 46	39
17 47	12
17 48	46
17 49	17
18 0	41
18 1	43
18 2	46
18 3	28
18 4	33
18 5	30
18 6	45
18 7	40
18 8	37
18 9	49
18 10	19
18 11	13
18 12	44
18 13	48
18 14	11
18 17	21
18 18	24
18 20	4
18 21	32
18 22	26
18 23	31
18 24	20
18 26	27
18 27	1
18 30	9
18 31	7
18 34	12
18 35	17
18 36	35
18 38	34
18 39	42
18 40	10
18 41	5
18 42	14
18 43	22
18 44	29
18 45	39
18 46	6
18 47	16
18 49	23
19 1	20
19 2	21
19 3	45
19 6	11
19 7	32
19 8	9
19 9	27
19 10	16
19 12	14
19 13	8
19 14	36
19 15	22
19 16	37
19 18	41
19 19	48
19 20	42
19 22	47
19 23	12
19 25	24
19 26	39
19 27	30
19 28	19
19 30	10
19 31	26
19 32	1
19 34	40
19 35	5
19 36	6
19 37	0
19 38	46
19 39	23
19 40	15
19 41	17
19 43	35
19 45	31
19 48	28
19 49	18
20 0	3
20 1	32
20 2	4
20 3	12
20 4	27
20 5	1
20 6	42
20 8	7
20 9	21
20 10	43
20 11	47
20 12	2
20 13	16
20 15	17
20 16	11
20 17	33
20 21	30
20 22	18
20 24	37
20 25	41
20 26	31
20 28	15
20 32	0
20 33	8
20 34	44
20 35	20
20 37	14
20 38	26
20 39	40
20 40	46
20 42	48
20 43	24
20 45	35
20 47	10
20 48	9
20 49	36
21 1	1
21 2	9
21 3	14
21 4	47
21 5	35
21 6	34
21 7	0
21 8	12
21 9	43
21 10	18
21 11	32
21 12	42
21 15	36
21 16	39
21 19	49
21 20	30
21 21	3
21 22	19
21 23	24
21 24	4
21 25	5
21 26	45
21 27	33
21 28	44
21 29	48
21 30	29
21 31	21
21 32	28
21 33	20
21 34	8
21 35	2
21 36	15
21 38	23
21 39	25
21 40	40
21 41	26
21 44	7
21 45	13
21 46	16
21 47	38
21 48	10
21 49	6
22 0	23
22 2	36
22 4	42
22 6	35
22 7	7
22 8	11
22 9	39
22 10	4
22 11	40
22 12	29
22 14	0
22 15	48
22 16	34
22 17	8
22 19	30
22 21	6
22 23	38
22 24	17
22 25	15
22 27	49
22 28	14
22 29	24
22 30	28
22 31	41
22 32	5
22 33	2
22 34	31
22 35	47
22 36	32
22 37	12
22 38	16
22 39	13
22 40	21
22 41	18
22 43	45
22 44	19
22 45	9
22 46	43
22 47	26
22 48	1
22 49	3
23 0	18
23 1	48
23 3	25
23 4	21
23 5	42
23 7	43
23 8	1
23 9	15
23 11	35
23 12	28
23 13	6
23 15	30
23 16	14
23 17	26
23 18	34
23 20	0
23 21	5
23 22	27
23 23	32
23 24	41
23 25	44
23 26	2
23 28	8
23 29	45
23 30	7
23 31	39
23 33	11
23 34	33
23 35	23
23 36	40
23 37	24
23 38	29
23 39	37
23 40	9
23 41	22
23 43	20
23 45	36
23 48	38
23 49	12
24 1	5
24 2	20
24 3	36
24 4	2
24 5	15
24 6	19
24 7	1
24 8	46
24 9	31
24 11	24
24 12	12
24 14	29
24 15	4
24 17	7
24 18	22
24 19	45
24 20	37
24 21	40
24 22	0
24 23	30
24 24	13
24 25	8
24 26	9
24 27	32
24 28	49
24 31	18
24 32	16
24 33	35
24 34	28
24 36	26
24 37	43
24 39	21
24 40	44
24 41	39
24 42	27
24 44	3
24 45	34
24 46	38
24 48	11
24 49	48
25 0	1
25 1	39
25 2	49
25 3	18
25 4	9
25 5	23
25 6	6
25 7	26
25 9	14
25 10	42
25 11	0
25 12	36
25 13	33
25 14	16
25 15	46
25 16	5
25 17	37
25 18	20
25 19	34
25 21	41
25 24	35
25 25	2
25 26	22
25 27	4
25 28	47
25 29	32
25 30	25
25 31	43
25 32	31
25 33	15
25 34	13
25 36	44
25 39	24
25 40	48
25 41	11
25 42	38
25 43	7
25 44	30
25 45	28
25 46	12
25 47	29
25 48	17
25 49	21
26 0	20
26 2	19
26 3	5
26 6	43
26 7	49
26 9	28
26 11	26
26 13	39
26 14	42
26 17	36
26 18	10
26 19	2
26 20	27
26 22	23
26 24	1
26 25	11
26 26	7
26 29	16
26 30	22
26 31	34
26 32	48
26 33	4
26 34	3
26 35	31
26 36	14
26 37	6
26 38	47
26 39	46
26 41	9
26 45	24
26 46	17
26 47	37
26 48	15
26 49	32
27 0	49
27 2	17
27 3	15
27 4	30
27 5	9
27 6	12
27 7	24
27 8	35
27 9	47
27 11	21
27 12	46
27 14	19
27 15	7
27 16	48
27 17	16
27 18	45
27 20	41
27 21	8
27 22	3
27 23	42
27 24	10
27 25	33
27 26	13
27 27	5
27 28	32
27 29	38
27 30	39
27 31	23
27 34	20
27 35	37
27 36	1
27 37	11
27 38	22
27 41	25
27 42	6
27 43	27
27 44	43
27 45	2
27 46	26
27 47	14
27 48	29
27 49	0
28 0	14
28 1	40
28 3	47
28 4	29
28 5	41
28 6	18
28 7	13
28 8	32
28 10	35
28 12	23
28 14	34
28 15	43
28 16	38
28 17	15
28 18	42
28 20	19
28 21	33
28 22	31
28 23	21
28 24	45
28 25	28
28 26	46
28 27	12
28 28	20
28 29	37
28 30	36
28 31	11
28 33	16
28 34	48
28 35	30
28 36	27
28 37	7
28 38	6
28 39	17
28 40	49
28 41	24
28 42	1
28 43	39
28 46	3
28 47	4
28 48	22
28 49	26
29 0	31
29 1	23
29 2	5
29 3	30
29 4	38
29 5	22
29 8	45
29 9	36
29 10	26
29 11	18
29 12	21
29 13	28
29 14	13
29 15	8
29 16	15
29 17	20
29 18	6
29 19	35
29 20	49
29 22	48
29 23	39
29 26	11
29 28	34
29 29	44
29 30	46
29 31	3
29 32	37
29 33	12
29 34	43
29 35	42
29 36	41
29 37	47
29 39	16
29 40	4
29 41	29
29 42	17
29 45	19
29 46	32
29 47	33
29 49	25
30 0	37
30 2	7
30 3	19
30 4	49
30 6	10
30 7	48
30 9	38
30 10	3
30 12	26
30 14	31
30 15	5
30 16	33
30 19	4
30 20	40
30 21	29
30 22	41
30 23	0
30 25	9
30 26	6
30 27	42
30 29	43
30 30	13
30 31	28
30 32	17
30 33	36
30 34	34
30 36	46
30 37	16
30 39	45
30 40	20
30 41	47
30 42	32
30 44	35
30 45	44
30 46	11
30 47	27
30 48	2
30 49	24
31 0	11
31 1	41
31 2	0
31 3	48
31 5	45
31 6	32
31 7	39
31 8	8
31 10	5
31 11	14
31 12	24
31 13	29
31 14	46
31 15	10
31 16	49
31 17	28
31 18	23
31 19	6
31 20	1
31 21	37
31 22	43
31 23	2
31 25	3
31 28	27
31 29	35
31 30	47
31 31	22
31 32	7
31 33	13
31 34	25
31 35	9
31 36	31
31 37	30
31 38	36
31 39	15
31 42	12
31 43	21
31 44	42
31 45	20
31 46	33
31 47	17
31 48	4
31 49	38
32 0	12
32 1	4
32 3	8
32 5	28
32 6	37
32 7	31
32 8	47
32 9	2
32 10	0
32 11	45
32 12	34
32 13	24
32 15	6
32 16	43
32 17	40
32 18	33
32 19	13
32 20	15
32 21	9
32 22	35
32 23	1
32 24	38
32 26	41
32 27	46
32 28	7
32 30	32
32 31	27
32 33	29
32 35	44
32 36	21
32 37	39
32 39	19
32 40	36
32 41	14
32 42	3
32 44	20
32 46	22
32 47	48
32 48	42
32 49	16
33 1	7
33 2	11
33 4	45
33 5	29
33 6	20
33 8	44
33 9	6
33 10	33
33 13	5
33 14	39
33 15	35
33 17	31
33 18	21
33 19	41
33 20	32
33 21	15
33 22	25
33 24	47
33 25	38
33 26	49
33 27	19
33 29	8
33 30	14
33 31	0
33 33	1
33 34	17
33 36	36
33 38	43
33 39	9
33 41	34
33 42	22
33 44	28
33 45	16
33 46	42
33 47	30
33 48	37
34 1	46
34 3	35
34 4	6
34 5	39
34 6	14
34 8	10
34 9	29
34 10	11
34 11	31
34 12	25
34 13	41
34 14	38
34 15	2
34 16	22
34 17	4
34 18	12
34 20	16
34 22	8
34 24	49
34 25	45
34 26	40
34 27	9
34 28	21
34 29	3
34 30	37
34 31	19
34 32	18
34 33	34
34 35	36
34 38	0
34 39	33
34 41	15
34 42	20
34 43	42
34 44	1
34 45	17
34 46	24
34 47	32
34 48	13
34 49	28
35 0	38
35 1	17
35 2	43
35 3	33
35 4	7
35 6	8
35 7	25
35 8	42
35 10	32
35 13	23
35 14	18
35 15	1
35 16	16
35 17	48
35 18	29
35 19	28
35 20	36
35 21	46
35 22	20
35 23	9
35 26	34
35 29	27
35 30	44
35 31	2
35 33	40
35 34	6
35 35	41
35 37	26
35 38	35
35 39	11
35 40	22
35 41	3
35 42	49
35 44	24
35 45	21
35 47	47
36 0	48
36 1	38
36 2	33
36 4	20
36 5	43
36 6	36
36 7	3
36 8	27
36 9	1
36 10	39
36 11	12
36 12	17
36 13	11
36 14	15
36 15	32
36 16	24
36 17	6
36 19	14
36 20	31
36 21	23
36 22	9
36 23	8
36 27	37
36 28	13
36 29	26
36 30	35
36 32	44
36 33	49
36 34	46
36 35	34
36 37	45
36 38	10
36 39	18
36 40	7
36 41	28
36 42	47
36 43	16
36 44	41
36 45	29
36 47	19
36 48	40
36 49	2
37 0	39
37 2	1
37 3	13
37 4	23
37 6	46
37 7	30
37 8	29
37 9	7
37 10	17
37 11	37
37 12	5
37 13	43
37 14	20
37 15	45
37 17	19
37 18	32
37 19	31
37 20	38
37 21	44
37 23	4
37 24	11
37 26	26
37 27	22
37 29	21
37 31	47
37 32	34
37 33	25
37 34	10
37 35	15
37 36	16
37 37	36
37 38	14
37 39	3
37 40	35
37 41	12
37 42	42
37 43	49
37 44	8
37 45	48
37 46	2
37 47	28
37 48	41
37 49	9
38 0	32
38 1	45
38 2	15
38 3	7
38 5	17
38 6	31
38 7	42
38 10	41
38 11	27
38 13	1
38 14	23
38 15	34
38 16	44
38 17	18
38 18	35
38 19	16
38 20	6
38 21	20
38 22	33
38 23	26
38 24	3
38 26	37
38 27	8
38 28	39
38 30	48
38 32	19
38 33	9
38 35	28
38 37	29
38 38	25
38 40	47
38 42	36
38 43	43
38 44	21
38 45	11
38 46	0
38 48	12
38 49	22
39 0	16
39 1	11
39 2	2
39 4	31
39 5	47
39 6	48
39 7	44
39 8	17
39 9	30
39 10	28
39 11	23
39 12	13
39 14	33
39 15	38
39 16	46
39 19	19
39 21	43
39 22	12
39 23	15
39 24	24
39 25	14
39 26	35
39 27	3
39 28	42
39 29	36
39 30	27
39 31	9
39 32	26
39 34	21
39 35	32
39 36	25
39 37	1
39 39	41
39 40	45
39 41	7
39 42	10
39 43	6
39 45	22
39 46	8
39 47	20
39 48	5
39 49	34
40 0	8
40 1	37
40 2	42
40 3	21
40 4	10
40 6	26
40 7	16
40 8	4
40 9	32
40 10	34
40 12	33
40 13	15
40 14	43
40 15	24
40 17	27
40 18	7
40 19	22
40 21	17
40 22	46
40 23	6
40 24	14
40 25	30
40 26	28
40 27	48
40 28	23
40 29	12
40 30	49
40 31	5
40 32	20
40 33	45
40 34	11
40 35	13
40 36	18
40 37	19
40 38	31
40 39	35
40 40	29
40 41	38
40 43	47
40 46	36
40 47	1
40 48	3
40 49	41
41 0	2
41 1	35
41 2	25
41 3	3
41 4	16
41 5	14
41 6	39
41 7	38
41 8	34
41 9	11
41 10	46
41 11	7
41 12	37
41 13	40
41 14	1
41 16	45
41 17	17
41 20	48
41 22	13
41 23	29
41 24	8
41 25	26
41 26	44
41 27	47
41 28	24
41 29	33
41 31	36
41 32	43
41 33	30
41 35	49
41 36	22
41 37	5
41 38	18
41 39	32
41 41	21
41 42	9
41 43	12
41 44	4
41 45	27
41 47	31
41 48	6
41 49	10
42 1	13
42 2	38
42 3	11
42 4	12
42 5	33
42 6	2
42 7	19
42 8	39
42 9	37
42 10	45
42 11	20
42 13	32
42 14	35
42 15	21
42 17	49
42 18	31
42 19	43
42 20	44
42 22	22
42 23	23
42 24	42
42 26	47
42 28	5
42 30	24
42 31	25
42 32	36
42 33	14
42 34	4
42 36	48
42 37	34
42 38	28
42 39	1
42 40	3
42 41	30
42 42	40
42 43	10
42 44	26
42 45	8
42 48	18
42 49	29
43 0	30
43 1	26
43 3	27
43 4	14
43 5	18
43 6	38
43 7	2
43 8	25
43 9	10
43 10	23
43 11	4
43 12	22
43 15	31
43 16	20
43 17	9
43 20	29
43 22	49
43 23	11
43 24	39
43 25	48
43 26	8
43 27	35
43 28	36
43 29	13
43 30	34
43 31	1
43 32	32
43 35	16
43 36	12
43 37	46
43 38	40
43 40	24
43 42	21
43 43	28
43 45	33
43 47	44
43 48	47
43 49	19
44 1	6
44 2	14
44 3	46
44 4	15
44 5	3
44 6	13
44 7	22
44 8	41
44 10	24
44 11	38
44 12	8
44 13	36
44 15	27
44 16	21
44 17	32
44 19	47
44 20	12
44 21	34
44 23	20
44 24	44
44 25	39
44 28	17
44 29	1
44 31	42
44 32	35
44 33	10
44 34	29
44 35	18
44 37	23
44 38	48
44 39	28
44 41	2
44 42	31
44 43	37
44 44	40
44 46	25
44 48	19
44 49	33
45 1	19
45 2	41
45 4	28
45 5	34
45 6	9
45 7	11
45 8	6
45 12	1
45 14	40
45 15	12
45 16	25
45 17	23
45 18	13
45 19	33
45 21	2
45 22	16
45 23	7
45 24	15
45 25	35
45 26	4
45 28	48
45 29	31
45 30	18
45 33	43
45 34	47
45 36	45
45 37	3
45 40	8
45 41	10
45 42	5
45 43	36
45 45	30
45 46	20
45 48	21
45 49	27
46 0	36
46 1	49
46 4	17
46 5	6
46 6	0
46 7	35
46 8	23
46 9	45
46 11	9
46 13	20
46 14	27
46 15	26
46 16	40
46 17	24
46 18	38
46 19	3
46 20	22
46 21	12
46 22	32
46 23	13
46 24	43
46 25	42
46 26	19
46 27	15
46 29	25
46 30	30
46 31	46
46 32	14
46 34	18
46 35	10
46 36	7
46 37	41
46 38	2
46 39	48
46 41	16
46 42	28
46 43	33
46 44	44
46 45	5
46 47	8
46 49	11
47 0	7
47 1	22
47 3	43
47 5	5
47 7	20
47 9	48
47 10	47
47 11	10
47 12	45
47 13	26
47 14	6
47 15	39
47 16	19
47 17	34
47 18	30
47 19	32
47 20	28
47 21	25
47 22	24
47 23	49
47 24	9
47 25	40
47 26	12
47 27	27
47 28	18
47 29	17
47 30	31
47 31	44
47 32	46
47 33	42
47 34	2
47 35	29
47 36	23
47 37	8
47 38	3
47 39	36
47 40	41
47 41	35
47 42	37
47 43	13
47 44	11
47 45	38
47 46	15
47 47	21
47 49	14
48 0	6
48 1	34
48 2	26
48 3	40
48 4	39
48 5	32
48 7	10
48 10	22
48 11	16
48 12	31
48 14	48
48 15	49
48 16	3
48 17	2
48 18	28
48 19	9
48 20	45
48 21	13
48 22	36
48 23	41
48 24	29
48 25	21
48 26	30
48 27	25
48 28	4
48 29	11
48 30	19
48 31	35
48 33	0
48 34	14
48 35	1
48 36	43
48 38	24
48 39	27
48 40	17
48 41	23
48 42	8
48 44	33
48 45	46
48 46	47
48 47	18
48 48	44
48 49	5
49 1	18
49 2	40
49 3	22
49 5	10
49 6	5
49 7	33
49 8	49
49 10	13
49 11	43
49 12	30
49 13	38
49 14	24
49 15	37
49 16	32
49 17	45
49 18	14
49 19	12
49 20	34
49 21	47
49 24	27
49 25	4
49 26	3
49 28	31
49 29	42
49 31	17
49 32	15
49 33	28
49 34	19
49 36	9
49 37	35
49 39	39
49 40	0
49 41	46
49 42	2
49 43	11
49 44	16
49 45	41
49 46	29
49 47	23
49 48	36
49 49	8
