50
0 0	37
0 1	3
0 3	8
0 4	46
0 5	29
0 6	39
0 7	21
0 8	23
0 9	43
0 10	26
0 11	47
0 12	24
0 13	9
0 16	34
0 17	27
0 18	38
0 19	4
0 20	30
0 22	45
0 23	5
0 27	12
0 28	6
0 29	36
0 30	14
0 31	2
0 32	49
0 33	19
0 34	17
0 35	18
0 36	25
0 37	16
0 38	20
0 39	15
0 40	1
0 41	44
0 42	42
0 43	35
0 44	10
0 45	32
0 46	7
0 47	33
0 49	31
1 0	27
1 1	2
1 2	25
1 4	18
1 5	36
1 6	42
1 7	30
1 8	33
1 9	23
1 10	28
1 12	46
1 13	0
1 14	12
1 15	37
1 16	24
1 17	14
1 18	17
1 19	10
1 20	38
1 21	16
1 22	32
1 23	22
1 24	48
1 25	45
1 26	47
1 27	31
1 28	13
1 29	7
1 30	44
1 31	35
1 32	5
1 33	4
1 34	15
1 35	9
1 36	39
1 37	8
1 38	34
1 40	21
1 41	29
1 42	20
1 46	49
1 47	3
1 48	11
1 49	41
2 2	40
2 3	35
2 4	41
2 5	33
2 6	9
2 7	15
2 8	17
2 9	29
2 10	7
2 11	3
2 12	1
2 13	2
2 14	45
2 17	13
2 18	22
2 19	47
2 20	20
2 22	49
2 23	32
2 24	24
2 25	37
2 27	25
2 28	39
2 29	48
2 30	4
2 31	19
2 32	34
2 33	46
2 35	26
2 39	44
2 40	42
2 41	10
2 42	6
2 43	23
2 44	5
2 45	43
2 46	21
2 47	11
2 49	28
3 0	15
3 1	40
3 2	41
3 3	48
3 4	8
3 5	31
3 7	38
3 8	16
3 9	27
3 10	46
3 12	22
3 13	24
3 14	39
3 15	13
3 16	21
3 17	42
3 18	3
3 19	0
3 20	44
3 21	5
3 22	47
3 23	1
3 25	20
3 26	32
3 27	36
3 28	23
3 29	12
3 30	37
3 31	9
3 32	6
3 33	7
3 34	35
3 36	28
3 37	45
3 38	10
3 39	18
3 44	19
3 46	11
3 47	26
3 48	14
3 49	34
4 4	22
4 5	5
4 6	20
4 7	0
4 9	9
4 10	40
4 11	36
4 14	31
4 15	46
4 16	4
4 17	10
4 18	2
4 19	7
4 20	21
4 21	39
4 22	6
4 23	47
4 25	19
4 26	16
4 29	8
4 30	48
4 31	49
4 33	14
4 34	32
4 35	33
4 36	24
4 37	34
4 38	41
4 39	26
4 40	44
4 41	23
4 42	13
4 43	45
4 44	43
4 47	12
4 48	37
4 49	42
5 0	44
5 1	49
5 2	27
5 3	30
5 5	35
5 6	32
5 8	43
5 9	36
5 10	10
5 11	34
5 12	40
5 13	21
5 14	17
5 16	1
5 17	5
5 18	37
5 20	18
5 21	33
5 22	16
5 23	23
5 24	13
5 25	7
5 26	20
5 28	46
5 29	29
5 30	38
5 31	26
5 32	28
5 33	9
5 34	45
5 35	12
5 36	14
5 38	15
5 39	41
5 41	24
5 42	3
5 43	42
5 44	47
5 45	4
5 46	25
5 48	31
6 0	40
6 1	37
6 2	5
6 3	4
6 5	11
6 6	41
6 8	20
6 9	3
6 10	27
6 11	21
6 12	36
6 14	2
6 15	38
6 16	10
6 17	9
6 18	49
6 19	30
6 20	0
6 21	13
6 23	33
6 25	6
6 26	23
6 27	26
6 28	28
6 31	42
6 32	1
6 33	16
6 34	12
6 35	29
6 36	34
6 38	35
6 39	31
6 40	22
6 41	19
6 42	24
6 43	14
6 45	25
6 46	45
6 47	39
6 48	43
7 0	45
7 2	4
7 3	33
7 4	35
7 8	0
7 9	12
7 10	36
7 11	49
7 13	10
7 15	3
7 19	39
7 20	28
7 22	34
7 23	14
7 24	9
7 25	41
7 26	40
7 27	15
7 28	7
7 30	2
7 31	44
7 33	11
7 34	6
7 35	43
7 37	25
7 38	8
7 39	42
7 40	13
7 42	32
7 43	31
7 44	1
7 45	21
7 46	16
7 47	23
7 49	19
8 3	17
8 4	3
8 5	20
8 6	13
8 7	24
8 8	39
8 9	10
8 10	33
8 11	4
8 12	5
8 13	31
8 15	43
8 16	32
8 17	35
8 18	23
8 19	29
8 21	18
8 22	14
8 23	44
8 24	26
8 25	0
8 26	25
8 27	37
8 28	48
8 29	34
8 30	12
8 31	21
8 32	8
8 33	45
8 34	22
8 35	27
8 36	6
8 37	36
8 38	19
8 40	47
8 42	38
8 45	11
8 47	41
8 48	40
8 49	15
9 0	3
9 1	4
9 2	30
9 3	21
9 4	5
9 5	27
9 7	45
9 8	25
9 12	43
9 13	47
9 15	1
9 16	20
9 18	29
9 19	42
9 20	6
9 21	40
9 22	23
9 24	33
9 25	48
9 26	31
9 28	24
9 30	13
9 31	22
9 33	18
9 34	7
9 36	36
9 37	15
9 39	11
9 41	32
9 42	46
9 43	2
9 44	12
9 45	34
9 46	8
9 47	37
9 48	19
10 0	9
10 3	32
10 4	19
10 5	39
10 6	46
10 7	36
10 10	49
10 13	22
10 15	15
10 16	38
10 17	23
10 18	27
10 19	21
10 20	12
10 22	29
10 23	13
10 24	41
10 27	30
10 28	5
10 29	17
10 30	16
10 31	24
10 32	33
10 33	0
10 34	20
10 35	3
10 37	44
10 38	28
10 39	47
10 40	11
10 41	8
10 42	35
10 43	37
10 44	40
10 46	31
10 47	42
10 48	2
11 0	31
11 1	7
11 2	44
11 3	11
11 4	13
11 5	8
11 6	3
11 8	38
11 9	37
11 10	1
11 11	24
11 12	41
11 13	30
11 14	9
11 15	18
11 16	27
11 17	33
11 18	43
11 19	34
11 20	23
11 23	42
11 27	22
11 28	29
11 29	16
11 30	46
11 31	4
11 34	10
11 36	2
11 37	47
11 38	5
11 39	40
11 40	32
11 42	45
11 43	39
11 44	20
11 45	6
11 46	48
11 47	28
11 48	25
12 0	6
12 1	44
12 2	38
12 3	9
12 4	34
12 6	22
12 7	4
12 8	37
12 9	28
12 10	25
12 11	8
12 13	18
12 15	5
12 17	12
12 18	35
12 19	14
12 20	2
12 21	20
12 23	16
12 24	21
12 26	1
12 27	41
12 29	46
12 30	31
12 31	15
12 32	29
12 33	47
12 34	42
12 35	45
12 36	32
12 37	3
12 38	0
12 39	49
12 40	26
12 41	40
12 42	39
12 43	27
12 45	48
12 46	13
12 47	17
12 48	23
13 0	11
13 1	27
13 2	45
13 4	44
13 5	4
13 6	15
13 7	25
13 8	24
13 9	8
13 10	16
13 11	28
13 12	30
13 14	10
13 18	40
13 19	35
13 20	29
13 21	34
13 23	2
13 24	6
13 26	19
13 27	13
13 28	33
13 29	26
13 30	9
13 31	23
13 32	46
13 33	41
13 34	39
13 35	47
13 36	38
13 37	31
13 39	17
13 40	0
13 42	14
13 43	36
13 44	49
13 45	20
13 47	22
13 48	3
13 49	5
14 0	13
14 2	19
14 3	43
14 5	2
14 6	38
14 7	48
14 8	31
14 11	14
14 14	40
14 15	22
14 16	35
14 17	3
14 18	1
14 19	44
14 20	26
14 21	32
14 23	10
14 24	45
14 25	42
14 26	24
14 27	23
14 28	36
14 29	4
14 30	7
14 31	27
14 33	49
14 34	18
14 35	11
14 36	0
14 37	46
14 38	17
14 39	30
14 40	6
14 41	12
14 42	33
14 45	41
14 46	47
14 47	29
14 49	16
15 0	39
15 1	46
15 2	17
15 3	29
15 4	31
15 5	41
15 6	48
15 7	20
15 8	19
15 10	21
15 11	38
15 13	23
15 16	8
15 17	1
15 18	9
15 19	33
15 20	32
15 21	42
15 23	24
15 24	47
15 25	35
15 26	27
15 27	4
15 29	18
15 30	10
15 31	40
15 32	16
15 33	15
15 34	14
15 35	37
15 36	11
15 37	26
15 38	45
15 40	3
15 41	0
15 43	7
15 44	30
15 45	5
15 46	6
15 47	36
15 48	28
15 49	43
16 1	19
16 3	10
16 4	0
16 5	37
16 6	11
16 7	34
16 8	40
16 12	47
16 14	14
16 15	2
16 16	23
16 17	48
16 18	31
16 20	36
16 21	21
16 22	39
16 24	27
16 27	33
16 29	45
16 30	25
16 31	18
16 32	35
16 33	30
16 34	38
16 35	22
16 36	41
16 37	43
16 39	7
16 40	16
16 43	13
16 45	28
16 46	32
16 47	9
16 48	42
16 49	24
17 2	32
17 4	45
17 5	14
17 6	43
17 8	49
17 9	26
17 10	37
17 11	23
17 12	20
17 14	18
17 16	25
17 17	47
17 18	12
17 19	3
17 20	39
17 21	19
17 22	41
17 23	7
17 24	42
17 25	11
17 27	5
17 28	35
17 29	38
17 30	8
17 31	48
17 32	9
17 34	30
17 36	44
17 37	29
17 38	40
17 39	1
17 40	46
17 41	33
17 44	16
17 45	15
17 46	34
17 47	13
17 48	0
17 49	2
18 0	18
18 1	35
18 2	22
18 4	14
18 5	45
18 6	31
18 7	44
18 8	11
18 9	4
18 11	43
18 12	37
18 13	19
18 14	1
18 15	36
18 16	39
18 19	20
18 20	34
18 21	6
18 22	27
18 23	46
18 26	8
18 28	30
18 29	3
18 30	41
18 32	32
18 33	24
18 34	49
18 35	16
18 36	17
18 38	2
18 39	25
18 41	15
18 42	40
18 44	28
18 45	47
18 46	5
18 47	48
18 49	23
19 0	28
19 2	11
19 3	27
19 4	12
19 5	43
19 6	26
19 7	3
19 8	7
19 9	0
19 11	9
19 12	44
19 13	29
19 16	40
19 17	31
19 18	20
19 20	5
19 21	41
19 22	36
19 23	34
19 24	17
19 25	47
19 26	46
19 27	2
19 28	22
19 29	10
19 31	6
19 32	4
19 33	21
19 34	16
19 35	1
19 36	18
19 37	30
19 38	13
19 39	35
19 40	23
19 42	8
19 43	32
19 44	33
19 45	45
19 46	14
19 47	38
19 48	39
19 49	37
20 0	2
20 1	30
20 2	13
20 4	33
20 5	16
20 6	36
20 7	47
20 8	42
20 9	17
20 10	3
20 11	0
20 12	35
20 13	38
20 15	14
20 16	45
20 17	46
20 18	39
20 19	26
20 20	24
20 21	7
20 22	10
20 23	31
20 24	43
20 25	4
20 28	19
20 29	41
20 30	15
20 31	20
20 33	29
20 34	37
20 35	5
20 37	12
20 38	9
20 39	32
20 40	28
20 42	34
20 46	27
20 47	8
20 48	44
21 0	33
21 1	31
21 2	29
21 4	2
21 5	47
21 6	19
21 7	35
21 8	26
21 9	5
21 10	41
21 11	25
21 13	27
21 14	0
21 16	28
21 17	40
21 18	4
21 19	48
21 20	42
21 21	37
21 22	22
21 23	30
21 24	39
21 25	8
21 26	21
21 27	46
21 28	32
21 29	6
21 30	20
21 32	36
21 34	43
21 35	38
21 36	7
21 37	14
21 38	12
21 39	13
21 40	24
21 42	9
21 44	11
21 45	18
21 47	15
21 48	49
21 49	10
22 0	4
22 1	14
22 2	49
22 3	24
22 4	16
22 5	40
22 6	29
22 7	39
22 8	30
22 9	45
22 10	19
22 11	13
22 12	23
22 14	11
22 15	20
22 16	18
22 17	6
22 18	36
22 19	25
22 21	38
22 22	8
22 23	35
22 24	28
22 25	27
22 26	42
22 27	32
22 28	47
22 32	31
22 33	44
22 35	21
22 37	2
22 38	7
22 40	12
22 41	41
22 42	0
22 43	22
22 44	17
22 45	9
22 46	3
22 47	10
22 49	48
23 0	22
23 1	41
23 2	3
23 3	31
23 5	17
23 6	24
23 7	16
23 8	46
23 9	47
23 10	43
23 11	48
23 12	38
23 13	7
23 15	26
23 16	0
23 17	20
23 18	6
23 19	18
23 20	19
23 21	14
23 22	40
23 23	36
23 25	15
23 27	21
23 28	9
23 29	44
23 30	32
23 32	2
23 33	25
23 34	34
23 35	23
23 36	5
23 37	37
23 39	27
23 40	4
23 41	49
23 42	10
23 43	28
23 44	35
23 45	13
23 46	42
23 48	12
23 49	11
24 1	1
24 2	14
24 3	0
24 4	43
24 5	44
24 7	9
24 8	22
24 9	24
24 10	17
24 11	16
24 12	29
24 13	35
24 14	15
24 15	47
24 16	6
24 18	19
24 20	41
24 21	12
24 22	20
24 23	38
24 24	25
24 26	3
24 27	48
24 28	27
24 30	28
24 31	5
24 32	13
24 33	32
24 34	26
24 35	49
24 37	7
24 38	4
24 40	36
24 41	45
24 43	33
24 44	39
24 45	8
24 47	31
24 48	46
24 49	30
25 0	10
25 1	12
25 2	43
25 4	20
25 5	48
25 6	6
25 7	17
25 9	7
25 10	31
25 13	41
25 14	23
25 15	32
25 16	46
25 18	26
25 19	24
25 20	4
25 21	28
25 22	13
25 23	25
25 24	11
25 25	1
25 26	38
25 27	44
25 28	0
25 29	30
25 30	42
25 32	22
25 33	5
25 36	33
25 37	49
25 38	47
25 40	15
25 42	27
25 43	19
25 44	34
25 45	36
25 46	35
25 47	40
26 0	35
26 1	6
26 3	47
26 4	23
26 6	12
26 7	41
26 8	29
26 9	2
26 10	11
26 11	20
26 12	17
26 13	43
26 14	25
26 15	21
26 16	42
26 17	19
26 18	16
26 19	46
26 20	1
26 22	15
26 23	9
26 24	22
26 25	32
26 26	14
26 27	39
26 28	8
26 29	31
26 31	30
26 32	26
26 33	33
26 34	44
26 35	34
26 37	48
26 38	36
26 39	45
26 40	10
26 41	28
26 42	4
26 44	27
26 46	18
26 47	0
26 48	7
26 49	13
27 1	10
27 2	6
27 3	22
27 4	32
27 5	21
27 6	30
27 8	5
27 9	40
27 10	24
27 11	37
27 13	34
27 14	49
27 16	33
27 17	26
27 18	18
27 19	41
27 20	9
27 21	35
27 22	38
27 23	3
27 24	2
27 25	46
27 26	43
27 27	42
27 28	1
27 30	11
27 31	45
27 32	17
27 33	12
27 34	31
27 35	25
27 36	8
27 38	27
27 39	20
27 40	29
27 42	19
27 43	16
27 44	23
27 45	39
27 46	4
27 47	47
27 48	48
27 49	0
28 1	39
28 4	9
28 6	14
28 7	40
28 8	6
28 9	49
28 10	45
28 11	10
28 12	34
28 13	46
28 15	35
28 16	43
28 17	37
28 18	42
28 20	11
28 25	38
28 27	19
28 32	0
28 34	13
28 35	36
28 36	15
28 37	22
28 38	23
28 39	48
28 40	17
28 41	31
28 42	21
28 44	3
28 46	26
28 47	5
28 48	30
29 0	29
29 1	25
29 2	9
29 3	19
29 4	47
29 5	23
29 7	8
29 8	10
29 10	35
29 13	16
29 14	41
29 15	48
29 18	14
29 19	40
29 20	43
29 21	11
29 22	33
29 23	28
29 24	36
29 25	30
29 26	15
29 27	17
29 28	20
29 29	42
29 32	3
29 33	26
29 34	4
29 36	21
29 37	1
29 38	6
29 39	22
29 41	46
29 42	7
29 43	5
29 44	32
29 46	37
29 47	18
29 48	38
29 49	49
30 1	21
30 2	31
30 3	12
30 5	10
30 6	18
30 7	32
30 8	28
30 10	14
30 11	2
30 12	9
30 13	13
30 15	8
30 16	44
30 17	36
30 18	34
30 19	11
30 20	3
30 22	24
30 23	4
30 24	1
30 25	17
30 26	45
30 27	16
30 28	43
30 30	23
30 31	41
30 32	38
30 34	47
30 35	42
30 37	27
30 38	30
30 39	39
30 40	37
30 41	5
30 42	49
30 45	22
30 46	19
30 47	7
30 48	29
30 49	26
31 1	38
31 3	13
31 4	36
31 5	49
31 7	1
31 8	15
31 9	11
31 10	30
31 11	5
31 12	2
31 13	42
31 14	20
31 15	7
31 16	12
31 18	8
31 19	6
31 21	23
31 23	37
31 24	31
31 26	9
31 27	40
31 29	14
31 30	19
31 33	22
31 35	32
31 36	46
31 37	35
31 38	48
31 39	21
31 40	34
31 41	27
31 42	28
31 43	26
31 45	10
31 46	17
31 48	24
32 1	16
32 2	48
32 3	38
32 4	25
32 5	3
32 6	40
32 7	19
32 8	47
32 9	32
32 10	42
32 11	46
32 12	13
32 13	45
32 15	31
32 16	15
32 17	11
32 18	0
32 19	49
32 20	33
32 21	22
32 22	43
32 24	23
32 25	21
32 26	5
32 27	35
32 28	17
32 29	27
32 30	30
32 31	28
32 32	7
32 33	6
32 34	24
32 36	9
32 38	37
32 39	12
32 40	8
32 43	10
32 45	29
32 46	36
32 48	34
32 49	1
33 0	42
33 1	47
33 2	21
33 4	48
33 5	18
33 6	25
33 7	5
33 8	12
33 9	41
33 11	22
33 12	14
33 14	43
33 15	16
33 16	7
33 17	30
33 19	13
33 21	24
33 23	11
33 24	38
33 25	2
33 26	4
33 27	20
33 28	15
33 29	37
33 30	6
33 31	46
33 33	40
33 34	8
33 36	45
33 37	23
33 38	29
33 39	0
33 40	35
33 41	9
33 42	26
33 43	3
33 44	36
33 47	49
33 48	32
33 49	27
34 1	29
34 2	39
34 4	42
34 5	19
34 6	21
34 7	22
34 8	27
34 9	35
34 10	4
34 11	32
34 12	45
34 13	36
34 14	37
34 15	25
34 17	38
34 19	28
34 20	14
34 22	1
34 23	12
34 24	8
34 26	26
34 27	34
34 28	49
34 29	43
34 30	17
34 32	10
34 33	23
34 34	11
34 35	31
34 36	3
34 37	24
34 38	46
34 39	9
34 41	48
34 42	30
34 44	6
34 47	44
34 48	33
34 49	7
35 0	21
35 1	22
35 2	34
35 3	23
35 4	10
35 5	0
35 6	8
35 7	49
35 8	2
35 9	19
35 10	13
35 11	39
35 12	6
35 13	11
35 15	41
35 16	30
35 17	17
35 18	15
35 19	45
35 20	46
35 21	9
35 22	25
35 23	29
35 24	4
35 25	16
35 26	33
35 27	28
35 28	14
35 29	47
35 30	35
35 31	37
35 33	36
35 35	48
35 37	42
35 38	3
35 39	24
35 41	43
35 42	31
35 43	12
35 44	18
35 45	7
35 46	38
35 47	1
35 48	5
36 0	14
36 1	32
36 2	37
36 3	16
36 4	27
36 5	26
36 6	49
36 7	7
36 8	3
36 9	25
36 10	5
36 11	40
36 13	17
36 14	30
36 15	39
36 16	22
36 17	45
36 18	24
36 19	38
36 20	13
36 21	36
36 22	4
36 23	19
36 24	18
36 25	33
36 26	41
36 27	47
36 28	34
36 30	21
36 31	31
36 32	23
36 33	35
36 34	28
36 35	20
36 36	10
36 37	0
36 38	11
36 40	43
36 43	15
36 44	44
36 45	46
36 46	9
36 47	2
36 48	6
36 49	8
37 0	5
37 1	20
37 2	12
37 3	28
37 4	17
37 5	6
37 6	47
37 7	18
37 8	48
37 10	22
37 11	26
37 12	32
37 13	1
37 14	19
37 15	30
37 16	3
37 17	44
37 18	25
37 19	15
37 20	31
37 21	46
37 22	35
37 24	34
37 25	14
37 27	11
37 28	42
37 29	49
37 30	27
37 31	36
37 32	45
37 33	8
37 34	9
37 35	10
37 37	40
37 38	21
37 40	2
37 41	13
37 42	41
37 43	0
37 44	29
37 45	23
37 46	39
37 47	24
37 48	16
38 0	23
38 1	33
38 2	47
38 3	46
38 7	13
38 8	34
38 9	18
38 10	44
38 11	42
38 12	0
38 14	6
38 15	10
38 18	32
38 19	9
38 20	40
38 21	1
38 22	11
38 23	41
38 25	28
38 26	12
38 27	24
38 28	25
38 29	5
38 30	43
38 32	19
38 34	36
38 35	7
38 36	48
38 37	21
38 38	38
38 39	8
38 40	45
38 41	39
38 42	17
38 44	4
38 45	16
38 46	22
38 47	20
38 48	35
38 49	3
39 0	41
39 1	42
39 2	35
39 3	18
39 4	4
39 5	34
39 6	16
39 7	23
39 8	8
39 9	1
39 13	12
39 14	28
39 15	17
39 16	13
39 17	25
39 18	45
39 19	36
39 20	27
39 21	47
39 22	30
39 23	48
39 24	32
39 25	5
39 26	37
39 27	7
39 28	31
39 29	40
39 30	33
39 31	43
39 32	24
39 33	3
39 34	2
39 35	44
39 36	29
39 37	20
39 39	14
39 43	46
39 44	0
39 45	19
39 46	10
39 47	6
39 49	38
40 1	0
40 2	8
40 3	40
40 4	26
40 5	9
40 6	4
40 7	27
40 9	44
40 10	32
40 11	7
40 13	6
40 14	47
40 15	33
40 16	14
40 17	15
40 18	13
40 19	43
40 21	49
40 22	31
40 23	20
40 24	5
40 26	29
40 27	1
40 29	2
40 30	3
40 32	12
40 34	48
40 35	46
40 37	11
40 38	24
40 39	10
40 40	30
40 41	38
40 42	18
40 43	41
40 44	37
40 45	42
40 46	23
40 47	34
40 48	36
40 49	39
41 0	49
41 1	9
41 2	10
41 3	3
41 4	21
41 5	22
41 6	0
41 7	6
41 9	33
41 10	47
41 11	12
41 12	4
41 13	48
41 14	5
41 16	37
41 17	41
41 18	28
41 19	1
41 20	16
41 21	26
41 22	46
41 23	8
41 24	35
41 25	39
41 26	13
41 27	29
41 28	2
41 29	19
41 30	18
41 31	7
41 32	42
41 33	43
41 34	23
41 35	40
41 37	32
41 38	25
41 39	38
41 40	31
41 44	14
41 45	24
41 46	30
41 47	27
41 48	15
41 49	17
42 1	43
42 2	36
42 3	34
42 5	12
42 6	7
42 7	10
42 8	14
42 9	16
42 10	18
42 12	42
42 13	28
42 14	48
42 15	4
42 17	32
42 18	46
42 19	27
42 20	8
42 21	44
42 22	5
42 23	15
42 24	20
42 25	23
42 26	2
42 27	3
42 28	21
42 29	33
42 30	24
42 32	11
42 33	39
42 35	35
42 36	37
42 37	13
42 38	31
42 39	6
42 40	38
42 42	1
42 44	22
42 45	30
42 46	41
42 48	45
42 49	9
43 0	12
43 1	11
43 2	1
43 3	44
43 4	29
43 5	13
43 6	17
43 7	42
43 8	36
43 9	48
43 10	0
43 11	35
43 13	25
43 14	46
43 15	27
43 18	10
43 19	23
43 21	4
43 22	26
43 23	40
43 24	16
43 25	34
43 26	28
43 27	45
43 29	39
43 30	22
43 31	3
43 32	18
43 33	38
43 34	21
43 35	6
43 37	19
43 38	33
43 39	2
43 40	5
43 41	7
43 42	37
43 44	31
43 45	14
43 46	24
43 47	32
43 48	9
44 0	47
44 2	26
44 3	15
44 4	24
44 6	28
44 7	37
44 8	18
44 11	33
44 12	7
44 13	39
44 14	35
44 15	9
44 19	2
44 20	22
44 21	17
44 24	46
44 25	49
44 26	34
44 27	10
44 28	16
44 29	23
44 30	29
44 31	11
44 32	41
44 33	42
44 34	5
44 35	4
44 36	31
44 37	6
44 39	36
44 40	40
44 41	14
44 42	48
44 44	21
44 46	12
44 48	27
45 0	32
45 1	23
45 2	16
45 5	42
45 6	35
45 8	1
45 9	34
45 10	2
45 11	6
45 12	19
45 14	3
45 15	45
45 16	31
45 17	49
45 18	5
45 19	12
45 20	7
45 21	27
45 25	29
45 27	8
45 28	26
45 29	22
45 31	47
45 32	40
45 33	10
45 34	33
45 36	13
45 38	43
45 39	28
45 40	14
45 41	17
45 42	25
45 44	48
45 45	44
45 47	30
45 48	4
45 49	21
46 0	43
46 1	36
46 2	15
46 3	14
46 4	49
46 5	32
46 6	37
46 7	28
46 8	44
46 9	31
46 10	6
46 12	12
46 13	40
46 14	16
46 15	11
46 16	9
46 17	4
46 18	41
46 21	8
46 22	42
46 25	24
46 26	35
46 27	27
46 28	38
46 30	0
46 31	34
46 32	47
46 33	13
46 34	29
46 36	19
46 37	10
46 38	22
46 39	5
46 40	7
46 41	18
46 43	1
46 45	2
46 46	33
46 47	21
46 48	20
46 49	46
47 1	34
47 2	23
47 3	39
47 4	28
47 6	1
47 7	43
47 8	32
47 10	12
47 11	15
47 12	49
47 14	27
47 15	40
47 16	47
47 17	8
47 18	11
47 20	25
47 21	45
47 22	21
47 24	7
47 25	44
47 26	36
47 27	9
47 28	18
47 29	0
47 31	38
47 32	14
47 34	41
47 35	2
47 36	22
47 37	5
47 38	42
47 39	3
47 41	30
47 42	16
47 43	6
47 44	13
47 45	35
47 46	20
47 47	4
47 48	10
47 49	29
48 0	38
48 1	26
48 2	42
48 3	5
48 5	7
48 6	34
48 7	33
48 8	13
48 9	21
48 10	23
48 12	31
48 14	36
48 15	29
48 16	41
48 17	28
48 18	30
48 19	32
48 21	25
48 22	2
48 23	6
48 24	14
48 25	9
48 26	44
48 28	37
48 29	11
48 31	10
48 32	27
48 33	48
48 34	19
48 36	12
48 37	4
48 38	16
48 40	18
48 41	22
48 42	47
48 44	24
48 46	0
48 47	46
48 48	1
48 49	45
49 0	8
49 1	48
49 2	46
49 3	26
49 4	37
49 5	28
49 6	23
49 7	12
49 8	41
49 9	42
49 11	27
49 12	11
49 13	14
49 14	29
49 15	19
49 16	36
49 18	7
49 20	45
49 21	10
49 23	21
49 25	31
49 26	6
49 28	40
49 29	9
49 30	39
49 32	30
49 33	34
49 36	16
49 37	33
49 38	44
49 41	3
49 42	5
49 43	25
49 44	38
49 45	49
49 46	2
49 47	35
49 48	17
49 49	47
