50
0 0	36
0 2	25
0 5	46
0 8	39
0 9	0
0 10	21
0 11	43
0 13	31
0 14	28
0 16	2
0 17	14
0 20	3
0 21	11
0 24	41
0 26	49
0 27	4
0 28	33
0 29	29
0 34	10
0 35	18
0 37	42
0 39	5
0 41	27
0 42	9
0 43	26
0 44	7
0 45	13
0 46	32
0 47	23
0 48	30
0 49	44
1 1	37
1 3	38
1 7	19
1 8	45
1 11	30
1 13	2
1 14	36
1 16	27
1 19	17
1 20	41
1 23	18
1 24	48
1 26	1
1 29	4
1 30	9
1 32	49
1 33	13
1 34	34
1 35	28
1 37	0
1 38	40
1 40	11
1 41	15
1 43	22
1 44	20
1 47	14
2 1	11
2 2	5
2 3	9
2 5	4
2 6	28
2 8	2
2 12	13
2 15	48
2 19	33
2 21	22
2 23	23
2 24	30
2 26	29
2 27	40
2 31	49
2 35	12
2 40	47
2 42	1
2 45	46
2 46	0
2 49	7
3 0	31
3 1	12
3 6	45
3 7	4
3 9	28
3 11	46
3 14	21
3 15	30
3 16	26
3 18	35
3 19	6
3 21	39
3 24	34
3 25	11
3 33	8
3 34	25
3 37	19
3 40	18
3 41	40
3 43	32
3 45	47
3 46	7
3 47	33
3 48	5
4 0	34
4 2	46
4 3	14
4 4	36
4 5	13
4 7	47
4 15	23
4 18	10
4 19	4
4 29	43
4 30	29
4 31	21
4 32	39
4 33	6
4 34	15
4 36	9
4 40	26
4 43	1
4 48	48
4 49	25
5 0	44
5 4	21
5 6	13
5 7	33
5 9	7
5 10	12
5 11	16
5 12	24
5 14	41
5 16	18
5 17	46
5 20	27
5 23	45
5 25	26
5 27	34
5 28	9
5 29	49
5 30	14
5 33	1
5 34	17
5 36	3
5 38	31
5 39	29
5 40	23
5 41	43
5 43	25
5 47	20
5 48	28
6 0	10
6 2	6
6 5	36
6 6	39
6 8	47
6 10	27
6 13	14
6 15	34
6 16	46
6 17	45
6 18	43
6 20	29
6 22	13
6 24	2
6 25	38
6 26	4
6 27	17
6 28	19
6 32	42
6 34	22
6 36	32
6 37	3
6 38	49
6 39	48
6 41	37
6 42	11
6 43	12
6 45	30
6 46	40
7 1	7
7 4	45
7 6	5
7 7	37
7 14	30
7 16	38
7 17	26
7 19	34
7 23	47
7 24	13
7 25	18
7 27	0
7 30	33
7 34	8
7 36	22
7 37	27
7 38	4
7 39	32
7 41	39
7 42	35
7 44	31
7 45	25
7 48	6
8 0	0
8 6	31
8 7	7
8 9	12
8 10	33
8 15	46
8 16	40
8 18	45
8 20	18
8 21	38
8 24	6
8 28	22
8 35	3
8 36	47
8 38	16
8 39	1
8 40	19
8 44	26
8 46	5
9 0	49
9 1	36
9 2	4
9 3	19
9 6	6
9 7	9
9 9	15
9 10	7
9 11	26
9 12	21
9 15	25
9 19	14
9 21	34
9 24	38
9 25	22
9 28	35
9 29	47
9 30	46
9 31	16
9 32	3
9 33	17
9 34	5
9 35	33
9 39	30
9 40	20
9 42	27
9 46	11
10 0	40
10 2	42
10 3	27
10 4	49
10 7	45
10 9	32
10 12	8
10 14	33
10 15	21
10 19	10
10 20	48
10 22	2
10 25	6
10 27	28
10 28	39
10 29	31
10 31	13
10 32	35
10 33	30
10 34	16
10 35	38
10 37	11
10 44	19
10 46	14
10 47	5
10 48	24
10 49	3
11 1	41
11 3	47
11 4	35
11 7	43
11 12	39
11 13	7
11 14	25
11 19	18
11 22	22
11 24	23
11 27	42
11 29	13
11 31	48
11 32	46
11 33	9
11 34	2
11 36	28
11 38	17
11 41	29
11 47	0
11 48	34
11 49	15
12 2	26
12 3	13
12 4	29
12 6	30
12 9	43
12 12	47
12 13	38
12 14	49
12 15	45
12 19	24
12 20	37
12 27	16
12 28	4
12 30	12
12 31	17
12 33	10
12 37	39
12 38	46
12 39	14
12 43	11
12 44	18
12 45	19
12 47	36
12 48	21
12 49	34
13 0	35
13 1	13
13 2	45
13 3	5
13 4	2
13 7	20
13 10	29
13 14	22
13 15	36
13 16	49
13 17	42
13 22	24
13 23	26
13 25	40
13 31	10
13 32	38
13 33	19
13 36	34
13 37	16
13 38	43
13 40	21
13 46	8
13 47	46
13 48	0
14 0	33
14 2	32
14 4	4
14 6	34
14 8	25
14 10	36
14 11	3
14 12	12
14 15	2
14 16	20
14 21	41
14 22	49
14 24	45
14 28	46
14 32	11
14 33	21
14 34	43
14 39	15
14 40	31
14 41	28
14 43	13
14 44	35
14 45	29
14 46	16
14 48	14
14 49	26
15 0	3
15 2	44
15 6	47
15 7	25
15 8	40
15 11	39
15 12	30
15 14	10
15 15	37
15 16	16
15 17	2
15 20	33
15 21	0
15 23	5
15 26	18
15 27	12
15 28	7
15 31	24
15 33	49
15 34	13
15 36	14
15 37	21
15 38	42
15 39	26
15 45	36
15 47	43
15 48	29
15 49	19
16 0	48
16 2	30
16 3	46
16 6	27
16 7	39
16 8	22
16 9	20
16 13	16
16 14	29
16 16	19
16 17	7
16 18	49
16 19	45
16 21	31
16 22	34
16 24	1
16 27	38
16 32	14
16 33	0
16 34	42
16 35	9
16 38	13
16 40	24
16 44	17
16 45	3
16 47	8
16 49	4
17 0	18
17 2	3
17 3	32
17 10	45
17 11	49
17 12	4
17 17	9
17 18	21
17 19	39
17 20	7
17 21	47
17 23	38
17 25	36
17 26	2
17 27	1
17 28	40
17 32	27
17 33	23
17 35	5
17 40	12
17 42	41
17 43	17
17 48	43
18 1	5
18 2	43
18 4	12
18 5	35
18 6	44
18 7	49
18 8	15
18 9	10
18 11	45
18 14	32
18 19	7
18 22	29
18 26	34
18 27	11
18 30	21
18 31	39
18 33	14
18 38	25
18 39	23
18 41	2
18 42	31
18 43	37
18 44	40
18 45	42
18 46	18
18 49	28
19 1	35
19 6	37
19 7	36
19 8	30
19 9	39
19 11	42
19 16	1
19 23	29
19 26	46
19 34	44
19 36	7
19 38	6
19 40	38
19 42	21
19 44	47
19 45	5
19 48	22
20 0	19
20 4	46
20 5	11
20 8	17
20 9	4
20 10	20
20 15	5
20 16	23
20 25	10
20 26	26
20 28	34
20 33	32
20 36	37
20 38	3
20 39	36
20 40	25
20 43	49
20 48	9
21 0	46
21 1	26
21 3	35
21 4	44
21 7	2
21 9	48
21 10	6
21 15	18
21 17	49
21 18	31
21 20	47
21 24	5
21 26	43
21 27	36
21 28	11
21 29	40
21 30	17
21 31	14
21 34	27
21 39	28
21 40	45
21 41	23
21 45	24
21 46	33
21 49	32
22 4	30
22 7	42
22 8	14
22 11	32
22 12	40
22 13	33
22 15	38
22 17	18
22 18	5
22 20	24
22 21	44
22 23	22
22 24	19
22 25	46
22 28	43
22 29	12
22 36	2
22 37	4
22 38	27
22 40	29
22 41	13
22 42	20
22 43	23
22 44	39
22 45	45
22 47	3
23 0	45
23 2	15
23 8	9
23 11	0
23 17	35
23 20	13
23 24	12
23 25	25
23 27	22
23 30	39
23 31	23
23 33	47
23 35	19
23 38	36
23 39	40
23 42	26
23 45	10
23 47	1
23 48	16
24 2	16
24 7	14
24 8	20
24 10	25
24 11	17
24 16	48
24 18	34
24 19	19
24 20	23
24 21	5
24 24	10
24 25	37
24 29	24
24 30	30
24 31	2
24 32	33
24 33	22
24 34	6
24 35	47
24 37	13
24 39	27
24 44	41
24 46	31
24 47	7
24 49	49
25 0	20
25 1	25
25 2	7
25 6	10
25 7	17
25 9	38
25 11	12
25 13	4
25 17	33
25 20	36
25 29	11
25 30	31
25 31	9
25 34	18
25 35	23
25 36	46
25 39	39
25 41	41
25 45	21
25 48	27
25 49	0
26 1	32
26 2	14
26 3	10
26 4	31
26 5	49
26 6	1
26 8	13
26 9	41
26 17	12
26 21	40
26 24	25
26 31	46
26 32	16
26 34	20
26 38	0
26 42	2
26 44	22
26 47	48
26 49	45
27 2	47
27 5	31
27 7	28
27 8	32
27 9	35
27 14	18
27 15	41
27 16	42
27 17	17
27 18	6
27 21	37
27 22	14
27 26	27
27 27	3
27 30	1
27 33	43
27 35	46
27 36	0
27 41	19
27 43	21
27 45	23
27 46	29
27 47	39
27 48	7
28 0	12
28 2	39
28 3	21
28 7	3
28 10	26
28 13	49
28 14	38
28 16	29
28 18	42
28 20	45
28 21	19
28 22	15
28 23	32
28 26	8
28 27	18
28 28	5
28 29	2
28 31	47
28 36	11
28 37	43
28 40	34
28 42	28
28 45	4
28 46	30
28 47	40
29 1	2
29 2	41
29 3	29
29 5	8
29 10	4
29 11	11
29 12	22
29 13	28
29 14	19
29 16	43
29 18	47
29 19	40
29 20	31
29 21	30
29 22	38
29 23	25
29 24	27
29 25	23
29 26	33
29 27	21
29 29	17
29 31	12
29 33	42
29 35	44
29 36	24
29 37	5
29 39	45
29 40	49
29 43	34
29 44	36
29 46	9
29 49	37
30 0	21
30 2	31
30 7	13
30 8	5
30 11	33
30 13	6
30 15	4
30 16	37
30 18	23
30 19	28
30 23	8
30 25	29
30 28	27
30 29	0
30 30	10
30 31	42
30 34	26
30 35	2
30 37	48
30 38	12
30 40	32
30 43	30
30 44	34
30 46	39
30 48	20
30 49	18
31 0	14
31 3	17
31 6	2
31 7	5
31 8	49
31 9	26
31 12	11
31 13	8
31 18	3
31 20	25
31 22	7
31 24	24
31 25	39
31 28	47
31 31	0
31 32	28
31 34	19
31 35	4
31 36	29
31 37	35
31 38	34
31 42	10
31 43	40
31 44	37
32 1	8
32 2	22
32 3	18
32 5	41
32 8	1
32 9	3
32 11	7
32 14	43
32 16	4
32 17	28
32 18	44
32 19	46
32 24	37
32 25	47
32 26	48
32 28	6
32 29	45
32 30	40
32 31	27
32 33	20
32 35	26
32 38	24
32 39	9
32 41	35
32 46	34
32 47	31
32 49	14
33 2	17
33 6	43
33 7	48
33 9	1
33 11	13
33 13	23
33 14	47
33 16	15
33 17	39
33 18	46
33 23	3
33 26	31
33 27	9
33 29	7
33 31	5
33 32	30
33 33	24
33 35	32
33 36	38
33 37	2
33 39	37
33 42	40
33 46	21
33 48	18
34 0	26
34 1	23
34 2	48
34 5	34
34 7	21
34 9	45
34 10	19
34 12	6
34 15	44
34 17	32
34 18	2
34 19	11
34 20	16
34 22	30
34 23	28
34 26	17
34 28	41
34 29	3
34 30	22
34 32	1
34 34	0
34 35	29
34 36	31
34 41	5
34 45	12
34 46	10
34 47	47
34 48	42
35 0	6
35 1	48
35 2	10
35 4	39
35 7	22
35 9	18
35 11	47
35 12	29
35 13	43
35 16	30
35 20	46
35 21	33
35 24	0
35 25	5
35 26	21
35 27	32
35 29	20
35 32	19
35 33	27
35 34	12
35 41	34
35 42	4
35 43	38
35 45	40
35 46	49
35 47	26
36 0	22
36 1	20
36 3	24
36 9	6
36 10	16
36 11	28
36 12	17
36 13	40
36 14	34
36 16	13
36 19	44
36 20	4
36 23	0
36 25	43
36 26	15
36 27	5
36 28	23
36 35	10
36 37	30
36 38	35
36 42	19
36 44	42
36 47	27
36 48	38
36 49	1
37 0	16
37 1	33
37 3	22
37 4	14
37 8	23
37 10	46
37 12	44
37 13	13
37 16	25
37 19	41
37 21	6
37 23	21
37 24	39
37 26	35
37 28	29
37 29	5
37 34	30
37 35	42
37 36	27
37 39	49
37 40	36
37 41	11
37 42	38
37 47	15
37 48	37
37 49	10
38 4	17
38 8	28
38 9	19
38 10	24
38 13	12
38 14	6
38 15	39
38 17	15
38 18	40
38 19	36
38 20	14
38 21	10
38 22	32
38 23	43
38 24	20
38 25	34
38 26	13
38 28	37
38 30	42
38 31	25
38 33	5
38 34	23
38 35	49
38 36	48
38 38	21
38 39	7
38 40	2
38 41	9
38 44	16
38 45	26
38 47	4
38 49	38
39 3	36
39 6	35
39 7	1
39 8	0
39 15	27
39 17	11
39 18	22
39 25	48
39 26	7
39 27	19
39 29	39
39 32	17
39 33	2
39 34	47
39 37	24
39 42	37
39 46	13
39 49	46
40 0	29
40 1	10
40 2	12
40 3	2
40 4	9
40 8	24
40 9	31
40 13	35
40 14	26
40 15	32
40 16	5
40 24	43
40 29	33
40 32	18
40 33	45
40 36	40
40 37	34
40 38	23
40 39	17
40 42	39
40 43	0
40 44	48
40 46	46
40 47	19
40 48	15
41 0	7
41 2	28
41 3	12
41 4	27
41 12	14
41 15	24
41 16	44
41 19	15
41 20	21
41 23	33
41 24	35
41 25	2
41 26	47
41 28	49
41 29	42
41 31	20
41 32	48
41 33	26
41 36	23
41 37	37
41 43	10
41 44	1
41 45	6
41 46	22
41 47	17
41 48	13
41 49	31
42 0	5
42 1	14
42 2	0
42 4	18
42 5	12
42 9	21
42 13	17
42 15	11
42 16	45
42 18	38
42 19	37
42 20	30
42 21	24
42 23	48
42 25	27
42 28	13
42 29	46
42 31	8
42 32	43
42 36	20
42 38	2
42 40	1
42 43	9
42 45	28
43 1	28
43 5	22
43 6	20
43 7	31
43 12	32
43 14	45
43 15	3
43 17	25
43 18	29
43 20	9
43 21	42
43 22	0
43 23	4
43 25	12
43 26	36
43 28	30
43 29	48
43 30	49
43 31	19
43 33	44
43 38	37
43 39	47
43 46	27
43 47	2
44 1	19
44 3	4
44 4	32
44 6	21
44 7	40
44 11	18
44 12	37
44 13	22
44 14	15
44 15	7
44 17	6
44 20	39
44 21	17
44 23	31
44 25	42
44 27	30
44 28	36
44 31	11
44 34	24
44 36	43
44 37	46
44 38	41
44 40	28
44 41	10
44 42	5
44 43	47
44 44	25
44 47	49
44 49	33
45 5	17
45 6	29
45 7	44
45 8	11
45 9	22
45 10	5
45 11	23
45 12	35
45 13	3
45 14	2
45 16	6
45 17	27
45 18	30
45 19	25
45 23	14
45 25	15
45 29	21
45 30	16
45 32	37
45 33	34
45 34	28
45 37	10
45 44	46
45 45	8
45 48	19
45 49	12
46 1	42
46 3	40
46 4	23
46 5	6
46 7	26
46 9	44
46 14	1
46 19	12
46 22	45
46 23	10
46 26	20
46 27	13
46 29	8
46 30	24
46 31	38
46 32	21
46 33	4
46 34	37
46 36	5
46 38	39
46 44	49
46 45	35
46 46	17
46 48	11
47 0	17
47 1	45
47 2	27
47 3	28
47 4	5
47 5	47
47 6	48
47 7	24
47 8	46
47 10	0
47 12	42
47 13	41
47 18	4
47 19	38
47 20	19
47 21	14
47 22	35
47 24	44
47 26	22
47 27	6
47 28	1
47 31	33
47 33	39
47 34	9
47 40	43
47 41	16
47 43	3
47 44	15
47 45	7
47 46	25
47 47	21
48 1	47
48 6	40
48 8	41
48 9	46
48 10	3
48 11	9
48 13	24
48 15	35
48 16	36
48 17	37
48 18	33
48 19	16
48 20	10
48 21	18
48 22	12
48 25	4
48 26	19
48 29	1
48 30	7
48 32	34
48 34	49
48 35	25
48 36	45
48 39	2
48 41	38
48 43	14
48 44	32
48 47	6
48 48	17
48 49	39
49 0	30
49 1	46
49 4	43
49 5	32
49 6	14
49 7	15
49 15	49
49 17	21
49 18	13
49 19	26
49 20	28
49 22	42
49 23	1
49 24	36
49 25	31
49 26	6
49 27	41
49 28	45
49 29	18
49 30	44
49 32	20
49 35	34
49 36	10
49 38	11
49 41	47
49 44	3
49 47	35
