50
0 1	47
0 4	28
0 5	29
0 7	6
0 9	25
0 15	23
0 18	2
0 29	9
0 36	32
0 38	7
0 45	15
0 48	40
0 49	45
1 2	37
1 9	33
1 13	36
1 15	8
1 18	18
1 20	28
1 21	48
1 24	4
1 25	11
1 26	41
1 27	15
1 29	27
1 30	40
1 31	20
1 33	32
1 36	10
1 37	24
1 42	39
1 49	14
2 1	6
2 3	47
2 4	49
2 5	5
2 8	27
2 9	39
2 16	33
2 17	15
2 18	28
2 22	1
2 23	41
2 30	7
2 35	22
2 36	40
2 37	8
2 38	18
2 40	42
2 42	32
2 44	43
3 5	37
3 7	5
3 11	10
3 14	27
3 15	15
3 18	29
3 21	38
3 23	46
3 26	3
3 32	30
3 33	18
3 34	44
3 39	26
3 40	49
3 42	47
3 47	17
3 48	11
4 0	14
4 3	1
4 4	12
4 6	28
4 7	20
4 8	49
4 12	0
4 13	21
4 14	15
4 21	39
4 22	24
4 25	5
4 30	13
4 32	34
4 33	4
4 36	27
4 39	42
4 40	16
4 45	30
5 2	34
5 4	25
5 6	10
5 8	43
5 9	28
5 10	48
5 12	42
5 14	37
5 17	20
5 18	4
5 20	33
5 21	0
5 23	35
5 25	31
5 27	2
5 28	8
5 29	47
5 40	24
5 41	36
5 43	40
5 47	9
6 4	2
6 5	33
6 9	20
6 11	9
6 13	38
6 16	24
6 18	45
6 20	40
6 24	0
6 31	14
6 36	18
6 42	7
6 44	10
6 46	23
6 47	15
7 2	9
7 4	39
7 5	30
7 11	4
7 13	46
7 15	22
7 16	1
7 19	41
7 20	32
7 23	7
7 27	31
7 31	21
7 32	6
7 35	11
7 36	43
7 38	0
7 39	27
7 47	3
7 48	45
8 3	11
8 4	24
8 8	44
8 10	31
8 13	12
8 14	10
8 15	38
8 17	21
8 18	13
8 27	5
8 34	26
8 35	20
8 38	1
8 43	3
8 45	9
8 47	30
9 0	19
9 2	40
9 3	45
9 13	14
9 16	10
9 17	39
9 19	24
9 20	31
9 21	4
9 22	0
9 23	12
9 25	44
9 27	17
9 28	34
9 31	27
9 33	6
9 36	8
9 38	9
9 40	32
9 43	21
9 44	35
9 45	38
9 47	20
10 3	13
10 7	42
10 8	14
10 10	44
10 11	45
10 13	9
10 15	36
10 16	11
10 22	34
10 24	48
10 25	41
10 30	30
10 32	29
10 36	0
10 37	38
10 38	2
10 40	40
10 41	4
10 43	16
10 47	6
10 48	25
10 49	18
11 0	23
11 6	22
11 9	0
11 10	2
11 12	41
11 19	7
11 21	43
11 22	26
11 23	40
11 27	48
11 29	44
11 30	36
11 31	39
11 33	28
11 35	10
11 37	18
11 39	37
11 40	11
11 42	16
11 43	1
11 44	19
11 46	34
11 47	24
11 48	3
11 49	15
12 5	35
12 8	10
12 15	17
12 17	36
12 21	1
12 22	4
12 25	43
12 27	28
12 29	26
12 31	30
12 32	44
12 36	13
12 45	18
12 48	27
13 0	20
13 4	21
13 5	4
13 6	1
13 7	27
13 8	42
13 9	22
13 12	35
13 14	13
13 16	25
13 17	18
13 19	23
13 24	19
13 26	10
13 27	34
13 30	44
13 31	47
13 32	45
13 33	46
13 35	48
13 37	26
13 38	12
13 40	9
13 42	36
13 46	39
13 47	8
13 48	33
13 49	7
14 2	19
14 6	40
14 8	22
14 11	42
14 12	34
14 13	25
14 17	12
14 18	33
14 23	43
14 27	24
14 29	15
14 32	10
14 40	37
14 41	39
14 43	7
15 2	26
15 4	29
15 6	48
15 10	46
15 13	28
15 18	34
15 19	15
15 21	10
15 22	35
15 28	23
15 31	49
15 34	13
15 38	44
15 40	17
15 45	16
16 0	35
16 1	7
16 2	31
16 3	24
16 5	27
16 6	37
16 7	12
16 8	26
16 11	40
16 13	6
16 15	2
16 17	25
16 18	0
16 23	32
16 24	49
16 25	13
16 27	20
16 28	36
16 30	17
16 32	5
16 33	15
16 36	28
16 42	22
16 44	9
16 46	21
16 49	10
17 0	39
17 4	38
17 6	45
17 9	44
17 13	33
17 16	48
17 27	10
17 39	24
17 41	20
17 44	26
17 48	15
17 49	3
18 1	23
18 3	49
18 15	0
18 16	27
18 26	14
18 28	21
18 29	34
18 30	3
18 31	5
18 33	48
18 34	12
18 37	45
18 39	10
18 41	24
18 42	9
18 44	29
18 45	43
18 47	28
18 49	41
19 1	3
19 5	12
19 6	17
19 9	19
19 13	26
19 14	0
19 15	11
19 17	46
19 18	43
19 23	4
19 24	30
19 25	22
19 27	40
19 29	41
19 30	8
19 31	31
19 33	5
19 38	21
19 44	16
19 45	13
19 47	18
19 48	47
20 0	13
20 2	47
20 4	27
20 5	44
20 9	34
20 11	22
20 13	45
20 19	32
20 21	21
20 25	19
20 27	14
20 29	43
20 32	9
20 35	7
20 37	39
20 39	48
20 43	24
20 47	49
20 48	5
21 0	2
21 1	25
21 2	39
21 4	35
21 5	31
21 6	20
21 9	46
21 11	16
21 13	1
21 14	7
21 15	4
21 17	41
21 19	17
21 20	6
21 26	22
21 27	44
21 29	10
21 31	33
21 40	47
21 41	45
21 42	24
21 43	30
21 44	32
21 45	23
21 48	28
21 49	29
22 2	14
22 4	23
22 6	24
22 10	37
22 20	17
22 25	15
22 27	47
22 28	18
22 35	36
22 37	9
22 40	30
22 42	35
22 47	34
23 1	18
23 3	4
23 4	45
23 6	39
23 9	7
23 11	34
23 14	41
23 15	27
23 18	22
23 21	12
23 22	19
23 23	25
23 24	13
23 26	9
23 27	37
23 28	5
23 31	46
23 32	26
23 33	11
23 34	0
23 37	30
23 39	47
23 41	43
23 43	2
23 46	14
23 47	29
24 2	24
24 5	25
24 6	7
24 8	30
24 17	10
24 19	42
24 20	27
24 21	40
24 22	13
24 23	26
24 26	1
24 28	9
24 31	3
24 32	28
24 36	11
24 40	44
24 41	14
24 48	31
24 49	22
25 0	48
25 1	27
25 3	22
25 4	32
25 8	47
25 9	35
25 12	31
25 14	16
25 16	29
25 18	6
25 19	34
25 22	11
25 25	4
25 26	40
25 27	36
25 28	33
25 29	2
25 30	1
25 32	18
25 33	12
25 35	21
25 45	28
26 2	46
26 7	15
26 9	40
26 15	43
26 18	27
26 19	28
26 20	16
26 21	22
26 27	26
26 31	36
26 33	30
26 36	9
26 41	21
26 42	1
26 43	41
26 44	17
26 45	4
26 47	44
27 0	38
27 2	45
27 4	1
27 6	35
27 7	19
27 8	29
27 11	41
27 14	28
27 17	24
27 18	3
27 20	12
27 22	20
27 24	46
27 26	18
27 27	25
27 28	30
27 29	22
27 34	47
27 38	42
27 41	17
27 42	48
27 46	10
27 47	2
28 0	42
28 3	25
28 5	19
28 8	46
28 9	21
28 10	22
28 13	27
28 19	48
28 20	7
28 24	26
28 25	30
28 30	4
28 31	38
28 32	2
28 34	41
28 35	32
28 41	33
28 42	45
28 44	20
28 46	9
28 48	35
29 2	29
29 4	37
29 5	9
29 8	24
29 14	46
29 16	17
29 17	4
29 18	21
29 23	47
29 26	30
29 29	48
29 33	31
29 35	44
29 38	45
29 41	12
29 42	28
29 43	38
29 44	25
30 2	48
30 4	15
30 6	27
30 7	1
30 12	43
30 14	2
30 15	46
30 20	39
30 23	34
30 24	29
30 27	21
30 30	0
30 31	6
30 33	47
30 34	36
30 35	25
30 37	42
30 38	17
30 39	19
30 42	26
30 48	13
31 0	1
31 1	38
31 3	37
31 4	40
31 5	43
31 13	23
31 15	20
31 16	9
31 19	16
31 22	45
31 23	6
31 27	42
31 28	32
31 29	30
31 30	12
31 32	35
31 33	0
31 34	8
31 36	3
31 39	34
31 43	47
31 48	17
31 49	11
32 10	16
32 11	48
32 17	1
32 18	44
32 19	19
32 21	37
32 23	29
32 25	28
32 30	9
32 32	41
32 36	14
32 38	15
32 40	46
32 41	27
32 45	32
32 48	0
32 49	25
33 0	9
33 3	33
33 5	18
33 6	13
33 7	8
33 8	34
33 9	1
33 10	25
33 11	28
33 15	24
33 18	32
33 20	37
33 34	38
33 35	19
33 38	22
33 39	30
33 44	27
33 46	44
34 0	22
34 5	26
34 7	34
34 9	5
34 18	30
34 19	3
34 20	2
34 24	33
34 27	16
34 29	6
34 30	24
34 32	27
34 35	42
34 36	1
34 38	13
34 44	37
34 46	40
34 49	47
35 0	10
35 4	6
35 8	19
35 9	41
35 10	21
35 12	8
35 14	32
35 16	7
35 19	0
35 20	45
35 21	28
35 22	38
35 23	42
35 25	33
35 31	13
35 32	3
35 34	18
35 36	12
35 37	43
35 41	25
35 42	4
35 43	20
35 44	22
35 46	47
35 49	27
36 0	33
36 6	0
36 7	38
36 8	23
36 9	8
36 10	1
36 12	46
36 14	14
36 17	16
36 18	35
36 20	18
36 24	17
36 25	34
36 30	29
36 31	9
36 32	12
36 38	20
36 39	45
36 40	3
36 41	6
36 44	44
36 45	5
36 49	37
37 3	10
37 5	20
37 7	41
37 10	32
37 16	12
37 22	25
37 23	9
37 25	1
37 27	23
37 28	28
37 31	7
37 32	39
37 34	31
37 41	16
37 44	0
37 45	24
37 47	43
38 0	49
38 3	36
38 4	20
38 6	8
38 7	32
38 9	17
38 11	15
38 13	5
38 14	12
38 17	19
38 21	23
38 22	16
38 25	14
38 26	26
38 28	48
38 31	35
38 32	7
38 33	34
38 34	29
38 36	41
38 38	25
38 40	33
38 41	28
38 44	30
38 45	47
38 46	42
38 47	1
39 0	16
39 1	5
39 4	44
39 6	19
39 9	12
39 10	18
39 11	33
39 12	38
39 16	47
39 17	6
39 24	37
39 25	26
39 26	23
39 27	46
39 30	28
39 31	2
39 34	22
39 37	3
39 41	32
39 42	10
39 43	27
40 1	32
40 2	3
40 3	40
40 4	42
40 5	0
40 6	12
40 8	2
40 9	15
40 12	7
40 20	13
40 23	30
40 25	47
40 28	44
40 29	45
40 32	14
40 33	35
40 35	28
40 37	6
40 41	9
40 42	43
40 43	4
40 47	21
41 5	28
41 10	42
41 11	11
41 18	9
41 19	43
41 20	41
41 25	46
41 26	20
41 29	14
41 31	19
41 34	3
41 35	16
41 37	17
41 38	26
41 43	15
41 45	0
41 47	33
42 0	41
42 1	36
42 2	43
42 4	19
42 5	3
42 7	13
42 8	48
42 18	39
42 19	40
42 23	44
42 26	28
42 30	14
42 31	8
42 33	27
42 35	30
42 38	11
42 39	38
42 40	20
42 41	0
42 45	7
42 49	24
43 0	46
43 2	30
43 9	26
43 11	23
43 13	22
43 16	15
43 19	37
43 21	2
43 23	3
43 28	1
43 29	20
43 31	40
43 33	49
43 34	7
43 36	44
43 39	41
43 45	21
43 49	19
44 2	42
44 3	20
44 6	44
44 8	1
44 9	13
44 10	35
44 11	17
44 14	30
44 15	21
44 19	38
44 21	6
44 23	5
44 26	32
44 29	28
44 35	40
44 37	48
44 41	41
44 43	25
44 48	39
45 0	18
45 3	34
45 4	36
45 5	13
45 7	10
45 12	20
45 14	42
45 15	1
45 17	27
45 20	24
45 21	3
45 23	48
45 25	9
45 30	37
45 31	45
45 36	33
45 37	28
45 38	39
45 40	5
45 41	23
45 43	17
45 44	47
45 47	46
45 48	41
46 1	30
46 3	6
46 5	1
46 9	36
46 10	39
46 11	20
46 13	17
46 14	38
46 19	11
46 21	13
46 23	15
46 25	16
46 29	42
46 30	27
46 31	25
46 32	37
46 33	9
46 34	10
46 35	47
46 37	21
46 38	35
46 39	14
46 41	18
47 0	5
47 1	49
47 6	42
47 9	6
47 10	45
47 15	35
47 17	7
47 19	4
47 20	46
47 21	9
47 22	44
47 25	21
47 27	1
47 29	0
47 30	19
47 31	23
47 32	24
47 36	15
47 41	26
47 45	37
47 46	27
47 47	41
48 1	4
48 6	31
48 15	7
48 17	26
48 20	11
48 21	35
48 23	45
48 26	15
48 30	47
48 31	41
48 33	21
48 36	38
48 43	22
48 44	42
48 45	48
48 49	1
49 0	43
49 1	35
49 3	15
49 5	8
49 11	30
49 15	28
49 18	1
49 19	31
49 23	0
49 25	25
49 26	21
49 27	33
49 28	19
49 30	32
49 31	42
49 32	16
49 36	4
49 37	2
49 39	29
49 40	48
49 43	44
49 47	37
49 48	12
49 49	34
