50
0 1	43
0 4	40
0 5	21
0 6	24
0 7	34
0 8	9
0 10	35
0 12	31
0 13	20
0 15	10
0 16	3
0 18	23
0 19	42
0 20	17
0 22	39
0 23	25
0 24	13
0 25	47
0 26	36
0 28	22
0 29	33
0 31	38
0 32	6
0 33	30
0 36	27
0 37	12
0 38	29
0 39	44
0 41	11
0 42	16
0 43	26
0 46	8
0 48	2
0 49	37
1 0	26
1 4	41
1 5	18
1 6	44
1 7	21
1 9	42
1 10	38
1 12	6
1 13	31
1 14	47
1 15	7
1 16	48
1 18	39
1 20	16
1 21	33
1 22	24
1 23	34
1 24	12
1 25	19
1 27	2
1 28	9
1 29	14
1 32	5
1 34	25
1 36	17
1 37	32
1 38	37
1 39	36
1 40	11
1 41	46
1 42	20
1 43	3
1 44	30
1 45	27
1 46	0
1 49	23
2 0	39
2 1	2
2 3	47
2 4	27
2 8	40
2 10	17
2 11	21
2 12	1
2 14	20
2 15	12
2 16	22
2 17	5
2 18	0
2 19	19
2 21	46
2 22	25
2 24	33
2 26	16
2 27	35
2 28	37
2 29	28
2 30	3
2 31	15
2 33	29
2 34	6
2 35	10
2 36	34
2 37	9
2 39	14
2 40	49
2 41	48
2 42	30
2 43	44
2 44	4
2 47	38
2 48	31
2 49	7
3 0	0
3 2	45
3 3	43
3 4	22
3 5	2
3 6	19
3 7	3
3 8	35
3 9	49
3 10	44
3 11	33
3 12	26
3 13	30
3 15	1
3 17	24
3 19	14
3 20	39
3 21	28
3 22	11
3 25	37
3 28	13
3 29	46
3 30	29
3 31	5
3 33	4
3 34	8
3 35	34
3 36	47
3 37	38
3 38	17
3 40	7
3 41	16
3 42	40
3 43	32
3 45	20
3 49	21
4 0	43
4 1	18
4 2	0
4 3	14
4 4	1
4 5	15
4 6	40
4 7	42
4 8	26
4 9	13
4 10	19
4 11	9
4 14	21
4 15	28
4 16	17
4 18	27
4 19	47
4 20	36
4 21	16
4 22	33
4 24	6
4 25	38
4 26	44
4 29	2
4 31	32
4 32	31
4 34	3
4 35	20
4 38	7
4 40	22
4 41	37
4 42	11
4 44	23
4 45	30
5 0	25
5 1	31
5 2	7
5 3	10
5 5	16
5 6	13
5 8	34
5 9	20
5 11	30
5 14	32
5 15	9
5 16	21
5 18	22
5 20	5
5 21	49
5 22	3
5 23	1
5 24	35
5 25	15
5 26	40
5 27	43
5 28	14
5 29	24
5 30	36
5 31	28
5 32	8
5 33	47
5 34	45
5 37	11
5 38	12
5 40	33
5 41	38
5 42	26
5 43	0
5 44	37
5 45	39
5 46	6
5 47	42
5 48	19
5 49	29
6 0	40
6 1	3
6 2	22
6 5	14
6 7	27
6 9	30
6 10	48
6 11	17
6 12	2
6 14	46
6 16	41
6 17	10
6 18	9
6 19	16
6 23	12
6 27	45
6 28	11
6 30	4
6 31	23
6 33	37
6 34	47
6 35	6
6 37	44
6 38	8
6 40	5
6 41	18
6 46	29
6 47	20
6 48	0
6 49	39
7 1	8
7 3	22
7 4	16
7 5	28
7 6	41
7 9	44
7 10	37
7 12	13
7 13	38
7 15	18
7 19	34
7 20	20
7 21	47
7 22	4
7 23	43
7 24	29
7 25	25
7 27	5
7 29	35
7 30	26
7 31	21
7 32	33
7 33	6
7 35	24
7 36	1
7 38	19
7 39	40
7 40	32
7 42	3
7 43	39
7 44	31
7 45	7
7 46	10
7 48	15
8 0	16
8 1	10
8 2	14
8 3	23
8 4	2
8 5	37
8 6	8
8 7	25
8 8	12
8 9	9
8 10	39
8 12	19
8 16	30
8 18	42
8 21	4
8 22	44
8 24	17
8 25	5
8 26	43
8 31	31
8 32	34
8 34	1
8 36	26
8 37	15
8 38	46
8 40	40
8 41	27
8 47	32
8 49	45
9 0	36
9 1	9
9 2	12
9 3	42
9 5	17
9 7	41
9 8	44
9 9	24
9 11	23
9 12	0
9 13	7
9 14	22
9 15	14
9 16	18
9 18	11
9 19	31
9 21	2
9 22	46
9 23	30
9 24	27
9 25	49
9 28	8
9 30	47
9 31	13
9 35	16
9 36	39
9 37	37
9 38	3
9 40	4
9 44	5
9 45	10
9 47	29
9 48	33
9 49	40
10 0	38
10 1	11
10 3	18
10 4	15
10 5	10
10 9	1
10 10	31
10 11	4
10 12	14
10 13	44
10 14	35
10 15	5
10 16	26
10 17	45
10 18	6
10 19	32
10 21	20
10 24	48
10 25	29
10 26	22
10 27	34
10 31	9
10 32	39
10 35	33
10 37	19
10 39	25
10 41	17
10 42	24
10 43	49
10 45	28
10 47	21
10 49	36
11 0	14
11 1	39
11 2	37
11 3	31
11 4	21
11 6	6
11 7	43
11 8	48
11 9	27
11 10	15
11 11	34
11 12	35
11 16	47
11 17	49
11 18	38
11 20	12
11 21	9
11 22	42
11 24	2
11 29	4
11 30	40
11 31	25
11 32	0
11 33	5
11 34	46
11 37	13
11 38	20
11 39	10
11 41	26
11 42	36
11 44	19
11 45	33
11 46	41
11 48	3
11 49	11
12 0	4
12 1	22
12 2	28
12 5	5
12 6	30
12 9	35
12 10	6
12 11	32
12 12	25
12 13	21
12 16	7
12 17	38
12 19	15
12 21	34
12 23	49
12 24	20
12 26	37
12 27	33
12 28	23
12 29	31
12 31	40
12 32	3
12 33	17
12 34	44
12 35	45
12 36	36
12 39	46
12 41	19
12 42	29
12 43	1
12 44	0
12 45	9
12 46	18
12 48	27
13 0	47
13 2	35
13 3	5
13 4	0
13 6	48
13 7	38
13 8	10
13 9	12
13 11	8
13 14	11
13 15	31
13 18	28
13 20	21
13 21	40
13 23	4
13 24	37
13 25	9
13 26	23
13 27	17
13 29	27
13 30	34
13 31	46
13 33	32
13 34	2
13 35	14
13 37	3
13 38	18
13 39	20
13 41	49
13 42	33
13 43	6
13 46	43
13 47	44
13 48	13
14 0	22
14 1	29
14 2	38
14 4	23
14 5	0
14 7	30
14 8	42
14 9	15
14 11	2
14 13	35
14 17	44
14 19	11
14 22	21
14 24	4
14 25	6
14 26	1
14 27	12
14 30	14
14 33	25
14 34	33
14 35	9
14 36	3
14 37	47
14 38	34
14 40	41
14 41	24
14 42	28
14 43	19
14 44	26
14 45	18
14 46	13
15 0	32
15 1	41
15 2	4
15 3	38
15 5	6
15 7	45
15 8	11
15 9	0
15 11	7
15 12	17
15 13	40
15 15	33
15 16	12
15 17	46
15 18	35
15 19	1
15 23	20
15 24	21
15 25	3
15 26	25
15 27	19
15 28	47
15 29	29
15 30	8
15 31	44
15 32	2
15 34	13
15 35	49
15 36	18
15 38	9
15 39	23
15 40	36
15 41	42
15 44	39
15 45	14
15 46	28
15 47	5
15 49	22
16 1	40
16 4	48
16 6	15
16 9	31
16 11	39
16 13	1
16 14	10
16 15	41
16 16	38
16 17	11
16 18	20
16 19	37
16 20	45
16 21	43
16 22	36
16 24	47
16 25	24
16 26	2
16 27	8
16 28	3
16 29	12
16 30	21
16 32	26
16 33	28
16 35	32
16 36	4
16 37	18
16 38	23
16 39	49
16 44	16
16 45	44
16 48	9
17 0	37
17 2	16
17 3	19
17 5	20
17 6	5
17 7	13
17 8	0
17 9	48
17 11	25
17 13	2
17 15	46
17 16	33
17 17	42
17 18	4
17 19	8
17 22	14
17 23	3
17 24	32
17 25	12
17 26	24
17 29	21
17 30	18
17 32	40
17 33	7
17 35	30
17 38	1
17 39	15
17 41	35
17 42	45
17 43	27
17 45	41
17 47	23
17 48	43
17 49	31
18 2	19
18 3	44
18 6	18
18 7	11
18 8	30
18 9	22
18 10	47
18 12	34
18 13	28
18 16	46
18 17	1
18 18	5
18 20	14
18 21	15
18 22	45
18 23	27
18 25	43
18 26	17
18 27	10
18 28	42
18 29	0
18 30	2
18 32	13
18 35	23
18 37	20
18 38	16
18 39	48
18 40	24
18 41	9
18 42	39
18 43	8
18 49	6
19 0	41
19 2	6
19 3	15
19 4	3
19 5	4
19 6	49
19 7	32
19 9	14
19 10	22
19 11	26
19 12	24
19 13	46
19 15	44
19 16	10
19 19	20
19 20	42
19 21	39
19 24	30
19 25	18
19 27	1
19 28	36
19 30	48
19 31	29
19 32	47
19 33	43
19 34	27
19 36	33
19 37	0
19 40	9
19 41	12
19 42	8
19 43	11
19 45	23
19 46	5
19 47	2
19 48	40
20 0	18
20 1	16
20 2	48
20 3	9
20 4	43
20 5	29
20 6	42
20 7	46
20 8	13
20 10	8
20 11	10
20 12	27
20 13	36
20 14	15
20 15	30
20 16	6
20 17	23
20 20	44
20 21	26
20 22	49
20 24	0
20 25	35
20 26	47
20 27	4
20 28	32
20 29	34
20 30	37
20 31	20
20 33	14
20 34	17
20 35	39
20 37	28
20 38	33
20 40	31
20 41	1
20 42	41
20 43	21
20 44	11
20 49	2
21 0	17
21 1	23
21 2	8
21 4	11
21 6	38
21 7	26
21 8	24
21 9	18
21 10	29
21 12	4
21 13	45
21 16	13
21 17	7
21 18	47
21 19	36
21 20	49
21 21	22
21 22	10
21 24	9
21 26	30
21 27	15
21 28	21
21 29	41
21 31	0
21 34	48
21 35	43
21 38	14
21 39	5
21 40	19
21 41	28
21 42	32
21 43	31
21 44	40
21 45	25
21 47	39
21 49	33
22 0	23
22 1	44
22 2	29
22 3	28
22 5	35
22 6	27
22 7	4
22 8	5
22 9	46
22 10	33
22 11	13
22 12	3
22 15	19
22 16	39
22 17	14
22 18	41
22 19	0
22 22	22
22 23	18
22 24	7
22 25	16
22 26	15
22 27	11
22 28	12
22 29	1
22 32	17
22 33	20
22 35	25
22 37	49
22 38	48
22 39	31
22 41	36
22 42	34
22 44	21
22 45	40
22 46	38
22 48	32
22 49	24
23 1	24
23 2	34
23 3	1
23 4	19
23 7	23
23 9	39
23 10	26
23 11	15
23 12	40
23 13	0
23 15	20
23 16	42
23 17	33
23 18	43
23 20	28
23 21	6
23 22	31
23 24	5
23 26	46
23 27	21
23 29	18
23 30	38
23 31	41
23 32	16
23 36	45
23 37	30
23 38	11
23 39	29
23 40	14
23 41	32
23 42	4
23 43	37
23 44	44
23 49	49
24 0	11
24 1	27
24 3	37
24 6	0
24 7	16
24 8	46
24 10	2
24 11	45
24 12	23
24 13	43
24 14	48
24 16	44
24 17	4
24 18	3
24 19	25
24 20	9
24 22	40
24 23	38
24 24	28
24 26	19
24 27	42
24 28	30
24 29	8
24 30	15
24 34	49
24 37	17
24 38	21
24 39	41
24 40	20
24 41	6
24 42	10
24 43	29
24 44	14
24 45	32
24 46	39
24 47	33
24 48	26
25 2	13
25 3	46
25 7	31
25 8	20
25 11	41
25 12	12
25 13	11
25 14	18
25 15	8
25 16	15
25 19	33
25 20	29
25 22	16
25 23	42
25 24	40
25 26	35
25 27	49
25 28	7
25 29	26
25 31	3
25 34	0
25 35	37
25 36	6
25 37	10
25 38	38
25 40	47
25 41	23
25 42	27
25 44	2
25 45	48
25 46	14
25 47	22
25 48	17
25 49	32
26 0	33
26 1	42
26 2	10
26 3	17
26 4	31
26 6	22
26 8	36
26 10	16
26 12	18
26 13	25
26 14	1
26 15	47
26 16	35
26 18	32
26 19	43
26 20	8
26 21	13
26 22	34
26 23	46
26 24	24
26 25	41
26 26	11
26 30	45
26 31	12
26 32	14
26 33	27
26 35	15
26 36	30
26 37	5
26 39	0
26 40	23
26 42	37
26 43	9
26 44	20
26 45	2
26 46	3
26 49	4
27 1	17
27 2	30
27 3	29
27 5	7
27 6	4
27 8	39
27 9	2
27 10	18
27 11	0
27 12	48
27 13	15
27 14	9
27 15	21
27 16	8
27 23	11
27 24	34
27 25	44
27 27	22
27 29	5
27 30	6
27 31	16
27 32	28
27 34	41
27 35	13
27 37	25
27 38	45
27 40	42
27 41	47
27 42	12
27 44	43
27 45	37
27 46	23
27 49	46
28 0	15
28 2	33
28 4	42
28 5	9
28 6	2
28 7	36
28 9	21
28 10	3
28 11	11
28 12	32
28 13	37
28 15	43
28 16	34
28 17	26
28 18	31
28 19	44
28 22	13
28 23	41
28 24	1
28 25	45
28 26	39
28 27	28
28 28	0
28 29	30
28 30	20
28 31	27
28 32	18
28 33	49
28 34	23
28 36	10
28 37	4
28 38	35
28 39	22
28 40	29
28 42	25
28 43	16
28 44	6
28 45	8
28 46	46
28 47	40
28 48	48
28 49	17
29 0	35
29 1	49
29 2	44
29 3	20
29 4	29
29 6	32
29 7	37
29 9	19
29 10	28
29 11	47
29 12	45
29 13	12
29 14	33
29 15	4
29 16	11
29 21	31
29 23	14
29 24	36
29 25	10
29 29	13
29 31	6
29 32	23
29 33	1
29 34	26
29 35	8
29 36	16
29 37	7
29 39	34
29 41	22
29 42	5
29 47	17
29 49	25
30 2	2
30 3	26
30 4	46
30 5	1
30 7	14
30 8	27
30 9	5
30 11	29
30 12	44
30 13	19
30 14	7
30 15	42
30 17	20
30 18	34
30 19	23
30 20	48
30 21	3
30 22	6
30 24	31
30 25	22
30 26	28
30 27	16
30 28	4
30 29	17
30 30	12
30 31	30
30 32	37
30 33	11
30 34	39
30 37	33
30 38	43
30 39	47
30 40	13
30 42	9
30 43	25
30 44	18
30 45	21
30 47	41
30 48	36
31 0	10
31 1	4
31 2	11
31 3	45
31 4	44
31 5	31
31 6	20
31 7	2
31 8	38
31 9	37
31 10	41
31 11	42
31 13	9
31 14	19
31 15	49
31 16	5
31 18	29
31 20	23
31 21	30
31 23	7
31 24	39
31 26	6
31 27	26
31 28	24
31 29	22
31 32	27
31 33	36
31 34	16
31 36	14
31 37	48
31 38	40
31 39	12
31 41	25
31 44	17
31 46	15
31 47	46
31 48	18
31 49	43
32 0	9
32 1	32
32 2	5
32 3	4
32 4	30
32 5	12
32 6	7
32 9	25
32 14	45
32 15	27
32 16	1
32 17	48
32 18	49
32 19	10
32 20	13
32 22	15
32 23	8
32 24	22
32 25	31
32 26	26
32 27	3
32 30	39
32 31	37
32 36	23
32 37	43
32 38	6
32 40	21
32 41	44
32 42	35
32 44	41
32 45	19
32 46	36
32 48	46
32 49	38
33 0	31
33 2	46
33 3	48
33 4	35
33 5	23
33 6	1
33 7	0
33 8	6
33 9	16
33 11	19
33 13	3
33 14	5
33 15	11
33 16	43
33 19	49
33 24	41
33 26	9
33 27	47
33 29	45
33 30	33
33 33	38
33 37	24
33 38	44
33 39	39
33 40	27
33 42	13
33 43	4
33 44	12
33 46	21
33 47	28
33 48	22
33 49	18
34 0	5
34 3	25
34 4	6
34 5	32
34 6	10
34 7	33
34 8	43
34 10	40
34 11	44
34 12	36
34 13	16
34 14	41
34 15	17
34 16	0
34 17	21
34 18	37
34 24	42
34 25	11
34 27	24
34 28	2
34 30	19
34 31	47
34 32	35
34 34	18
34 36	15
34 37	23
34 38	49
34 40	12
34 41	30
34 43	46
34 44	8
34 48	14
34 49	1
35 0	6
35 1	48
35 2	17
35 3	0
35 4	26
35 6	36
35 7	1
35 8	15
35 9	47
35 11	5
35 12	39
35 13	14
35 14	28
35 15	3
35 16	37
35 17	16
35 19	22
35 20	25
35 21	29
35 22	20
35 23	33
35 24	8
35 26	38
35 27	13
35 28	44
35 29	7
35 30	49
35 31	45
35 32	41
35 33	9
35 35	2
35 36	42
35 38	31
35 39	24
35 41	43
35 42	23
35 46	12
35 47	19
35 49	34
36 1	28
36 3	3
36 4	7
36 6	16
36 7	19
36 10	13
36 13	8
36 16	29
36 18	21
36 19	41
36 21	17
36 23	15
36 24	11
36 28	43
36 29	10
36 30	30
36 31	34
36 32	9
36 33	40
36 34	4
36 35	26
36 36	32
36 39	37
36 41	14
36 42	49
36 43	48
36 44	46
36 48	6
36 49	12
37 3	49
37 4	33
37 5	13
37 6	39
37 7	47
37 8	23
37 9	26
37 11	6
37 13	34
37 15	29
37 16	4
37 17	40
37 18	36
37 19	5
37 22	41
37 23	48
37 24	3
37 27	9
37 28	19
37 29	44
37 31	14
37 32	11
37 33	21
37 34	12
37 35	7
37 36	37
37 37	16
37 38	10
37 39	1
37 40	17
37 42	31
37 45	15
37 46	20
37 48	30
37 49	0
38 0	42
38 3	21
38 4	4
38 5	27
38 7	5
38 8	31
38 9	17
38 11	24
38 12	7
38 13	49
38 14	2
38 16	19
38 17	13
38 18	10
38 20	11
38 22	29
38 23	9
38 24	26
38 25	40
38 28	16
38 30	23
38 31	22
38 32	38
38 33	0
38 34	28
38 35	18
38 36	35
38 37	8
38 40	25
38 41	39
38 42	14
38 45	12
38 47	43
38 49	44
39 1	19
39 2	31
39 4	5
39 5	11
39 6	21
39 7	28
39 9	32
39 11	40
39 12	41
39 13	33
39 14	29
39 15	48
39 16	27
39 17	17
39 18	8
39 19	18
39 20	4
39 21	1
39 22	26
39 24	25
39 26	10
39 28	35
39 29	42
39 30	16
39 31	43
39 33	23
39 34	38
39 35	22
39 36	44
39 38	47
39 39	45
39 40	39
39 41	3
39 42	46
39 43	24
39 44	15
39 45	0
39 47	14
39 48	34
39 49	9
40 0	34
40 1	25
40 2	32
40 3	36
40 4	14
40 5	40
40 7	29
40 8	37
40 9	23
40 10	21
40 12	30
40 13	47
40 17	8
40 19	9
40 20	24
40 21	7
40 22	1
40 23	35
40 24	46
40 25	17
40 26	0
40 27	18
40 28	39
40 30	31
40 32	49
40 33	44
40 34	20
40 35	3
40 36	38
40 37	22
40 38	5
40 39	42
40 40	15
40 43	12
40 44	33
40 45	16
40 46	27
40 48	28
41 0	29
41 3	30
41 4	28
41 5	33
41 6	46
41 7	35
41 8	4
41 9	43
41 10	24
41 11	48
41 12	11
41 13	13
41 16	32
41 17	3
41 18	1
41 19	7
41 22	37
41 23	44
41 24	15
41 25	20
41 26	41
41 27	38
41 29	40
41 35	36
41 37	6
41 40	2
41 41	5
41 42	17
41 43	23
41 44	47
41 45	49
41 48	42
41 49	14
42 1	20
42 2	47
42 3	8
42 4	36
42 5	38
42 7	12
42 10	27
42 13	10
42 15	22
42 16	23
42 17	9
42 18	17
42 19	26
42 20	41
42 22	5
42 23	31
42 26	14
42 27	39
42 28	1
42 29	16
42 30	46
42 31	18
42 32	4
42 33	35
42 34	43
42 35	21
42 36	19
42 37	40
42 38	13
42 39	2
42 40	37
42 42	42
42 43	34
42 44	7
42 45	24
42 47	30
43 0	30
43 1	0
43 2	3
43 3	35
43 4	24
43 6	9
43 9	33
43 11	36
43 12	21
43 13	6
43 14	13
43 16	40
43 17	43
43 18	16
43 19	2
43 20	46
43 21	32
43 22	47
43 24	44
43 25	34
43 26	12
43 27	37
43 31	11
43 32	22
43 33	18
43 34	29
43 35	28
43 36	41
43 37	14
43 38	4
43 39	8
43 40	1
43 41	31
43 42	15
43 43	10
43 44	48
43 45	5
43 46	7
43 47	27
43 48	23
43 49	42
44 0	21
44 1	33
44 2	9
44 4	17
44 5	45
44 6	11
44 8	22
44 9	10
44 11	28
44 12	20
44 13	18
44 14	8
44 16	31
44 18	14
44 20	3
44 22	38
44 24	23
44 25	4
44 26	34
44 27	46
44 28	15
44 29	32
44 31	19
44 32	48
44 33	42
44 34	5
44 36	13
44 38	27
44 39	43
44 41	40
44 42	2
44 43	36
44 46	47
44 47	49
44 48	1
44 49	35
45 0	19
45 1	6
45 2	43
45 4	45
45 7	15
45 10	42
45 11	31
45 12	29
45 13	23
45 14	34
45 15	40
45 16	9
45 17	12
45 20	33
45 21	27
45 23	2
45 24	49
45 26	4
45 27	0
45 29	36
45 30	28
45 31	48
45 32	24
45 33	41
45 34	21
45 36	22
45 37	1
45 40	8
45 42	7
45 43	13
45 47	47
45 49	5
46 0	7
46 1	36
46 2	40
46 3	11
46 4	37
46 5	8
46 7	24
46 8	3
46 10	32
46 13	5
46 14	49
46 16	25
46 17	41
46 18	33
46 19	6
46 21	44
46 22	12
46 23	17
46 24	19
46 25	14
46 26	21
46 27	23
46 28	48
46 29	39
46 33	10
46 34	22
46 35	31
46 36	43
46 37	27
46 40	30
46 43	20
46 44	45
46 45	42
46 46	34
46 47	16
47 0	45
47 1	7
47 2	42
47 3	34
47 4	39
47 5	49
47 6	29
47 7	17
47 8	1
47 9	41
47 11	12
47 12	43
47 14	40
47 15	2
47 16	20
47 17	0
47 20	10
47 24	14
47 25	33
47 29	23
47 30	32
47 31	4
47 32	15
47 33	48
47 34	9
47 35	35
47 37	31
47 39	3
47 41	8
47 42	21
47 43	47
47 44	13
47 45	6
47 47	37
47 48	24
47 49	16
48 0	1
48 1	5
48 3	2
48 5	47
48 7	39
48 8	16
48 9	11
48 10	25
48 12	22
48 14	14
48 15	45
48 16	28
48 18	46
48 19	4
48 20	6
48 22	9
48 23	0
48 24	10
48 25	30
48 26	8
48 27	27
48 28	31
48 30	7
48 33	24
48 34	40
48 36	21
48 37	41
48 39	19
48 40	34
48 41	33
48 42	18
48 43	15
48 44	29
48 46	26
49 3	33
49 4	38
49 5	3
49 6	34
49 7	48
49 8	8
49 10	11
49 12	47
49 13	17
49 14	4
49 16	49
49 17	27
49 18	18
49 19	30
49 23	29
49 24	16
49 25	32
49 27	36
49 28	6
49 29	25
49 31	26
49 32	1
49 33	39
49 35	46
49 38	2
49 40	43
49 41	41
49 42	44
49 43	28
49 44	10
49 46	42
49 48	21
