50
0 0	17
0 2	24
0 3	27
0 4	11
0 6	19
0 7	46
0 9	22
0 11	7
0 12	38
0 13	48
0 14	4
0 16	49
0 17	28
0 18	33
0 19	29
0 20	44
0 21	40
0 22	12
0 23	3
0 24	14
0 26	10
0 27	43
0 28	32
0 29	8
0 30	23
0 31	47
0 32	9
0 33	21
0 34	39
0 35	15
0 37	5
0 40	16
0 41	20
0 42	0
0 43	2
0 44	34
0 45	25
0 46	18
0 47	41
0 48	6
1 0	30
1 1	43
1 3	12
1 6	17
1 7	47
1 8	9
1 9	38
1 10	24
1 12	29
1 13	46
1 15	16
1 16	18
1 18	31
1 19	13
1 20	0
1 22	6
1 25	25
1 26	8
1 27	22
1 28	21
1 29	28
1 31	48
1 32	3
1 34	15
1 36	19
1 37	42
1 38	34
1 39	7
1 41	14
1 42	1
1 43	20
1 45	4
1 46	32
1 47	11
2 1	27
2 2	16
2 3	46
2 4	34
2 5	18
2 7	25
2 9	35
2 10	30
2 11	41
2 13	31
2 14	49
2 17	2
2 20	32
2 21	23
2 23	15
2 24	24
2 25	10
2 26	26
2 27	48
2 29	12
2 30	40
2 32	43
2 33	37
2 34	38
2 35	0
2 36	14
2 37	9
2 39	21
2 42	28
2 44	29
2 47	17
2 48	22
3 0	44
3 6	34
3 7	10
3 8	5
3 9	11
3 10	35
3 12	27
3 13	29
3 14	36
3 16	40
3 17	25
3 18	41
3 23	1
3 24	28
3 25	33
3 27	30
3 28	8
3 30	37
3 32	45
3 33	15
3 34	18
3 36	2
3 37	39
3 40	48
3 42	24
3 43	6
3 44	32
3 46	16
3 48	4
4 2	5
4 3	22
4 5	4
4 6	23
4 7	45
4 8	46
4 9	43
4 10	0
4 11	27
4 12	18
4 13	37
4 14	44
4 15	42
4 16	3
4 17	19
4 18	39
4 19	26
4 22	40
4 24	47
4 26	7
4 28	10
4 29	49
4 30	14
4 32	1
4 34	20
4 35	29
4 36	33
4 37	17
4 38	36
4 39	41
4 40	12
4 42	2
4 44	16
4 47	21
4 48	32
4 49	15
5 0	32
5 2	20
5 3	29
5 4	9
5 5	22
5 7	35
5 8	2
5 9	12
5 10	47
5 11	30
5 12	34
5 14	18
5 15	11
5 16	27
5 18	38
5 19	28
5 20	43
5 24	7
5 26	37
5 27	40
5 28	48
5 29	3
5 32	49
5 33	14
5 34	5
5 35	21
5 36	41
5 37	10
5 38	24
5 40	36
5 41	1
5 42	13
5 43	26
5 44	23
5 46	31
5 47	42
5 48	8
6 0	31
6 3	9
6 4	35
6 5	16
6 6	10
6 8	21
6 9	15
6 11	17
6 12	42
6 13	1
6 15	12
6 16	45
6 17	5
6 19	41
6 20	46
6 22	48
6 24	22
6 25	49
6 26	18
6 27	33
6 28	28
6 29	24
6 30	4
6 31	3
6 32	44
6 33	38
6 34	29
6 37	27
6 38	13
6 41	26
6 43	36
6 44	30
6 45	40
6 46	43
6 47	39
6 48	37
6 49	47
7 0	33
7 2	49
7 3	5
7 4	20
7 5	2
7 7	13
7 9	10
7 10	8
7 11	12
7 13	25
7 14	24
7 16	28
7 17	17
7 19	47
7 20	1
7 21	48
7 22	35
7 24	45
7 25	18
7 26	19
7 28	36
7 30	43
7 31	0
7 32	15
7 34	32
7 36	38
7 37	30
7 39	4
7 41	34
7 42	29
7 44	27
7 45	39
7 46	22
7 48	23
8 0	8
8 1	49
8 2	17
8 4	16
8 5	35
8 6	48
8 7	5
8 11	46
8 12	25
8 13	42
8 14	32
8 16	34
8 17	14
8 19	27
8 20	26
8 22	18
8 23	41
8 24	3
8 26	6
8 27	19
8 28	12
8 29	38
8 31	24
8 32	22
8 33	7
8 34	30
8 37	45
8 39	2
8 40	43
8 41	37
8 44	15
8 45	13
8 46	0
8 47	23
8 48	20
9 0	9
9 1	31
9 2	48
9 3	40
9 4	26
9 6	6
9 7	12
9 10	38
9 11	8
9 12	49
9 13	36
9 14	5
9 15	18
9 16	39
9 17	44
9 18	43
9 19	23
9 20	24
9 21	42
9 23	17
9 27	45
9 28	30
9 29	41
9 30	16
9 32	0
9 33	28
9 34	1
9 35	13
9 36	22
9 38	21
9 39	10
9 41	32
9 44	11
9 45	14
9 46	46
9 47	7
10 0	22
10 2	15
10 3	24
10 4	1
10 5	25
10 8	0
10 9	16
10 10	32
10 11	40
10 12	3
10 13	27
10 15	45
10 17	7
10 20	17
10 21	19
10 22	14
10 23	6
10 25	47
10 26	13
10 27	28
10 28	23
10 29	5
10 30	9
10 31	30
10 33	36
10 34	42
10 35	4
10 36	20
10 37	38
10 40	33
10 42	18
10 43	12
10 46	8
10 47	44
10 48	49
10 49	43
11 0	42
11 1	22
11 2	9
11 5	7
11 6	41
11 8	17
11 9	14
11 11	16
11 14	3
11 15	15
11 16	24
11 18	40
11 19	19
11 21	0
11 23	8
11 24	21
11 25	32
11 30	36
11 32	6
11 35	37
11 37	25
11 39	33
11 40	27
11 41	30
11 43	47
11 44	20
11 46	1
11 47	34
11 48	31
11 49	18
12 2	7
12 3	33
12 4	32
12 5	21
12 6	45
12 7	27
12 8	26
12 9	29
12 10	41
12 11	25
12 12	10
12 18	30
12 19	42
12 20	12
12 21	9
12 22	39
12 23	14
12 24	20
12 25	34
12 26	23
12 29	4
12 30	0
12 31	37
12 32	46
12 34	43
12 35	19
12 37	8
12 39	44
12 40	49
12 41	18
12 42	36
12 43	15
12 44	31
12 46	17
12 47	1
12 49	40
13 0	34
13 3	3
13 4	42
13 5	32
13 6	12
13 7	22
13 8	39
13 9	2
13 10	18
13 11	36
13 13	28
13 14	17
13 15	7
13 16	9
13 17	43
13 18	5
13 19	21
13 21	8
13 22	31
13 23	16
13 24	13
13 28	26
13 29	46
13 30	47
13 33	23
13 36	35
13 37	33
13 38	49
13 40	38
13 42	6
13 43	10
13 44	14
13 46	48
13 47	29
14 1	24
14 2	38
14 3	0
14 4	30
14 5	34
14 6	31
14 9	8
14 10	26
14 11	18
14 12	6
14 13	5
14 14	25
14 15	10
14 17	45
14 18	11
14 19	14
14 20	27
14 21	46
14 22	36
14 24	33
14 25	35
14 27	47
14 28	7
14 30	22
14 32	29
14 33	3
14 35	43
14 36	15
14 38	23
14 39	17
14 40	21
14 41	40
14 42	20
14 43	41
14 45	44
14 47	9
14 49	42
15 0	21
15 1	16
15 2	27
15 3	49
15 4	19
15 5	23
15 6	15
15 7	4
15 8	7
15 9	0
15 11	10
15 12	2
15 13	44
15 14	6
15 15	14
15 17	9
15 18	1
15 19	36
15 20	37
15 21	45
15 22	8
15 23	43
15 24	31
15 25	12
15 26	39
15 27	24
15 28	11
15 29	35
15 30	41
15 31	18
15 32	42
15 33	33
15 34	26
15 35	22
15 36	28
15 37	29
15 38	3
15 39	20
15 40	30
15 41	38
15 42	25
15 44	5
15 46	40
15 47	32
15 48	17
15 49	34
16 1	46
16 2	37
16 3	31
16 5	17
16 6	43
16 8	6
16 9	4
16 10	5
16 11	38
16 12	33
16 13	19
16 14	2
16 18	48
16 19	44
16 20	18
16 21	10
16 22	9
16 23	25
16 24	11
16 25	20
16 26	32
16 27	8
16 28	47
16 31	36
16 33	39
16 34	40
16 35	35
16 36	21
16 37	0
16 40	29
16 41	24
16 42	27
16 43	28
16 44	12
16 46	7
16 47	16
17 2	18
17 3	13
17 5	39
17 6	14
17 8	25
17 9	31
17 10	6
17 11	4
17 12	48
17 14	10
17 15	37
17 17	29
17 19	32
17 20	2
17 21	26
17 22	23
17 24	15
17 25	38
17 26	34
17 27	44
17 28	41
17 30	35
17 32	36
17 33	5
17 34	3
17 35	12
17 37	47
17 38	17
17 39	49
17 46	42
17 47	30
18 0	35
18 1	48
18 4	14
18 5	9
18 10	37
18 11	2
18 12	0
18 15	41
18 17	49
18 19	40
18 20	23
18 21	22
18 23	36
18 24	30
18 25	16
18 26	47
18 29	34
18 30	3
18 32	8
18 33	10
18 34	17
18 35	28
18 37	13
18 39	12
18 42	4
18 43	18
18 44	43
18 45	29
18 46	21
18 47	25
18 48	44
18 49	19
19 2	2
19 3	30
19 5	12
19 6	46
19 8	13
19 10	34
19 11	15
19 13	10
19 14	8
19 15	39
19 19	43
19 21	33
19 22	3
19 23	42
19 24	36
19 27	27
19 29	7
19 30	18
19 31	5
19 32	38
19 34	28
19 35	26
19 36	0
19 37	35
19 40	6
19 42	21
19 44	17
19 45	49
19 46	41
19 48	16
19 49	1
20 0	27
20 2	1
20 3	15
20 4	29
20 6	49
20 7	33
20 8	28
20 9	9
20 10	36
20 11	44
20 12	21
20 15	30
20 16	7
20 17	20
20 18	14
20 19	48
20 20	4
20 23	34
20 25	39
20 26	46
20 27	12
20 29	11
20 30	5
20 31	32
20 33	0
20 34	13
20 35	8
20 36	47
20 37	6
20 40	23
20 41	25
20 42	42
20 43	37
20 46	24
20 47	45
20 48	3
20 49	22
21 0	37
21 2	36
21 3	48
21 5	43
21 7	40
21 10	49
21 12	5
21 13	9
21 14	46
21 15	0
21 17	4
21 18	27
21 19	1
21 20	7
21 22	30
21 23	44
21 25	45
21 26	14
21 27	42
21 28	22
21 29	15
21 30	17
21 31	34
21 32	2
21 33	13
21 34	24
21 35	23
21 37	19
21 38	38
21 39	3
21 41	11
21 42	35
21 43	32
21 44	33
21 45	21
21 47	6
21 48	25
21 49	8
22 0	26
22 4	0
22 5	15
22 6	42
22 7	7
22 8	3
22 9	6
22 11	24
22 12	39
22 13	22
22 14	45
22 15	36
22 16	14
22 18	9
22 19	11
22 20	16
22 21	37
22 23	5
22 25	48
22 26	41
22 28	25
22 29	40
22 30	44
22 31	23
22 33	34
22 34	31
22 35	17
22 36	32
22 37	43
22 42	12
22 43	13
22 44	49
22 45	33
22 46	38
22 49	2
23 0	6
23 1	41
23 2	43
23 5	0
23 6	7
23 8	1
23 9	13
23 10	33
23 12	31
23 13	23
23 15	22
23 16	35
23 17	39
23 19	8
23 20	10
23 24	44
23 25	36
23 26	4
23 29	9
23 30	26
23 33	2
23 35	42
23 36	48
23 37	46
23 38	40
23 39	28
23 42	45
23 43	14
23 46	3
23 47	49
24 0	4
24 1	32
24 2	0
24 3	37
24 5	3
24 6	36
24 7	15
24 8	18
24 10	11
24 11	49
24 12	28
24 13	34
24 14	30
24 16	21
24 18	6
24 21	13
24 23	45
24 26	12
24 28	44
24 29	33
24 30	7
24 31	19
24 33	17
24 35	25
24 37	16
24 38	46
24 39	43
24 40	47
24 41	35
24 43	8
24 44	26
24 45	23
24 47	14
24 49	38
25 0	28
25 1	0
25 2	22
25 5	11
25 8	49
25 9	44
25 10	39
25 14	29
25 17	33
25 19	7
25 20	3
25 21	43
25 23	40
25 26	30
25 27	23
25 28	27
25 30	10
25 31	21
25 32	20
25 33	18
25 34	34
25 35	24
25 36	37
25 37	12
25 39	42
25 40	1
25 41	36
25 43	31
25 47	47
25 48	46
25 49	48
26 0	11
26 2	10
26 4	47
26 6	21
26 7	23
26 8	15
26 10	28
26 11	39
26 12	13
26 14	7
26 15	24
26 17	3
26 18	2
26 20	8
26 22	49
26 23	38
26 24	1
26 25	40
26 26	31
26 29	20
26 30	46
26 31	26
26 32	34
26 33	43
26 35	5
26 36	29
26 37	37
26 38	41
26 39	36
26 40	35
26 41	12
26 43	9
26 44	25
26 45	27
26 46	19
26 47	48
26 48	33
26 49	0
27 3	7
27 4	28
27 5	27
27 6	39
27 7	24
27 8	48
27 9	40
27 10	25
27 11	5
27 12	16
27 13	4
27 14	11
27 15	8
27 16	32
27 17	30
27 18	20
27 20	21
27 22	26
27 23	2
27 24	29
27 25	44
27 27	34
27 29	37
27 30	33
27 31	15
27 34	10
27 35	36
27 36	43
27 37	31
27 38	9
27 39	14
27 40	46
27 42	49
27 43	17
27 44	6
27 45	22
27 46	23
27 47	13
27 48	1
28 0	23
28 1	39
28 2	44
28 3	26
28 4	36
28 5	40
28 8	12
28 10	9
28 11	22
28 12	7
28 15	17
28 17	41
28 20	47
28 22	0
28 23	29
28 24	43
28 25	6
28 26	25
28 27	2
28 28	37
28 29	31
28 30	34
28 33	24
28 34	8
28 37	32
28 39	46
28 41	21
28 43	5
28 44	28
28 45	1
28 46	11
28 47	3
28 48	18
28 49	13
29 0	25
29 1	23
29 2	28
29 3	43
29 5	6
29 6	35
29 7	41
29 8	8
29 10	12
29 13	11
29 15	26
29 16	31
29 17	16
29 18	18
29 19	24
29 20	45
29 21	32
29 22	22
29 23	47
29 24	4
29 25	19
29 26	29
29 27	15
29 28	33
29 29	48
29 30	42
29 31	44
29 32	30
29 34	0
29 36	49
29 37	21
29 38	10
29 39	37
29 41	17
29 42	7
29 43	40
29 44	38
29 45	36
29 49	3
30 3	47
30 5	49
30 6	26
30 7	9
30 8	42
30 9	5
30 10	15
30 13	40
30 14	20
30 15	23
30 16	0
30 17	35
30 20	38
30 21	14
30 22	11
30 23	37
30 24	6
30 28	46
30 29	10
30 30	19
30 31	27
30 32	31
30 33	1
30 34	48
30 35	16
30 36	8
30 37	41
30 38	32
30 40	7
30 43	44
30 44	2
30 45	43
30 46	34
30 48	39
30 49	28
31 0	20
31 2	25
31 3	10
31 4	48
31 5	38
31 6	16
31 8	32
31 9	7
31 11	3
31 13	33
31 14	21
31 16	12
31 17	27
31 18	13
31 21	36
31 22	15
31 23	22
31 24	34
31 25	31
31 26	42
31 28	6
31 29	18
31 30	49
31 31	29
31 32	28
31 34	47
31 36	40
31 37	24
31 38	37
31 39	45
31 40	39
31 41	43
31 42	26
31 44	8
31 46	44
31 47	2
31 48	0
31 49	5
32 1	5
32 3	44
32 4	3
32 5	31
32 9	39
32 10	29
32 11	21
32 12	47
32 13	45
32 14	16
32 16	43
32 18	15
32 20	6
32 22	1
32 23	48
32 24	23
32 27	35
32 28	49
32 31	22
32 32	33
32 33	20
32 34	7
32 35	38
32 37	36
32 38	25
32 41	42
32 43	27
32 44	4
32 45	12
32 46	30
32 47	19
32 48	9
33 3	16
33 4	7
33 5	1
33 6	33
33 8	30
33 9	18
33 10	44
33 12	43
33 13	24
33 14	40
33 18	32
33 19	20
33 20	28
33 21	34
33 22	2
33 23	23
33 25	29
33 26	15
33 27	49
33 29	19
33 31	17
33 32	14
33 33	4
33 34	12
33 36	25
33 40	45
33 41	46
33 42	47
33 43	21
33 47	35
33 48	26
33 49	10
34 0	45
34 2	39
34 3	14
34 4	46
34 5	29
34 6	32
34 7	6
34 9	23
34 13	16
34 14	28
34 15	43
34 18	17
34 19	0
34 21	24
34 23	31
34 26	5
34 28	1
34 30	38
34 32	7
34 34	21
34 35	3
34 36	30
34 37	2
34 38	4
34 39	18
34 40	44
34 41	48
34 44	13
34 46	35
34 47	22
34 48	34
34 49	20
35 0	1
35 1	21
35 2	3
35 3	18
35 5	10
35 6	11
35 7	26
35 8	35
35 9	33
35 11	32
35 12	44
35 13	49
35 14	23
35 19	22
35 20	42
35 22	29
35 23	39
35 24	41
35 25	8
35 26	27
35 28	17
35 29	2
35 30	13
35 31	20
35 34	19
35 35	47
35 39	31
35 40	34
35 41	28
35 44	48
35 47	12
35 48	36
36 1	26
36 2	34
36 4	41
36 6	47
36 9	30
36 10	13
36 12	45
36 13	12
36 15	46
36 16	6
36 17	21
36 20	36
36 22	19
36 24	32
36 25	43
36 27	20
36 29	17
36 30	48
36 32	23
36 33	40
36 34	11
36 36	42
36 38	28
36 39	25
36 40	37
36 41	2
36 44	7
36 46	29
36 47	33
36 49	49
37 1	15
37 2	42
37 3	45
37 4	33
37 5	5
37 7	16
37 8	29
37 10	21
37 11	47
37 12	32
37 13	0
37 14	19
37 15	6
37 17	24
37 18	23
37 19	37
37 20	35
37 21	49
37 22	25
37 23	30
37 24	26
37 25	3
37 26	20
37 27	10
37 28	38
37 30	28
37 31	14
37 32	4
37 34	9
37 35	46
37 36	39
37 38	1
37 40	31
37 41	8
37 43	11
37 44	18
37 45	48
37 46	36
37 47	27
37 48	13
37 49	17
38 0	0
38 2	35
38 3	41
38 4	6
38 5	13
38 6	27
38 9	49
38 10	19
38 11	20
38 15	3
38 17	32
38 18	36
38 20	22
38 21	7
38 22	24
38 23	28
38 24	25
38 25	21
38 26	44
38 27	18
38 28	34
38 31	16
38 33	26
38 34	46
38 35	2
38 36	1
38 37	48
38 38	45
38 41	4
38 42	31
38 43	29
38 44	37
38 45	5
38 46	14
38 47	40
38 48	12
38 49	33
39 2	8
39 6	20
39 7	36
39 8	16
39 10	45
39 11	0
39 12	35
39 14	48
39 16	19
39 17	22
39 19	30
39 22	37
39 23	10
39 28	13
39 29	44
39 30	25
39 31	28
39 33	32
39 34	6
39 35	49
39 36	4
39 38	7
39 41	39
39 42	34
39 44	24
39 45	31
39 48	43
39 49	11
40 0	7
40 1	36
40 3	11
40 5	48
40 6	0
40 7	3
40 10	27
40 11	14
40 14	9
40 15	19
40 16	33
40 17	10
40 18	45
40 19	35
40 20	31
40 21	28
40 22	42
40 23	4
40 24	46
40 25	17
40 26	24
40 27	6
40 28	29
40 30	20
40 31	43
40 33	30
40 35	18
40 37	23
40 39	32
40 41	49
40 43	16
40 44	44
40 46	13
40 47	8
40 48	41
40 49	25
41 0	10
41 1	9
41 2	6
41 4	25
41 5	28
41 6	40
41 7	14
41 8	23
41 9	36
41 10	43
41 12	8
41 13	21
41 14	47
41 15	34
41 16	42
41 18	3
41 19	15
41 20	39
41 22	20
41 23	35
41 24	37
41 25	46
41 26	45
41 27	13
41 28	0
41 29	22
41 30	12
41 31	7
41 32	18
41 33	29
41 34	4
41 35	31
41 36	17
41 37	49
41 39	48
41 41	19
41 42	41
41 43	30
41 47	5
41 48	27
41 49	24
42 0	2
42 2	45
42 4	4
42 5	30
42 8	24
42 9	47
42 10	14
42 12	40
42 14	37
42 15	27
42 16	29
42 17	12
42 18	21
42 19	10
42 20	13
42 22	7
42 23	11
42 24	8
42 25	5
42 26	17
42 27	36
42 28	35
42 30	31
42 31	25
42 33	41
42 34	16
42 35	48
42 36	34
42 37	15
42 38	33
42 40	22
42 41	3
42 42	43
42 44	46
42 45	42
42 46	28
42 47	0
42 48	38
42 49	44
43 2	19
43 4	43
43 6	38
43 7	20
43 9	45
43 10	22
43 13	8
43 14	39
43 15	4
43 16	23
43 17	13
43 18	28
43 19	33
43 21	44
43 22	32
43 23	12
43 24	18
43 26	21
43 27	25
43 28	3
43 29	27
43 31	49
43 34	14
43 35	41
43 36	26
43 37	11
43 38	29
43 39	5
43 40	10
43 41	6
43 42	9
43 43	34
43 44	0
43 45	16
43 46	15
43 48	40
43 49	31
44 0	49
44 1	10
44 2	30
44 7	29
44 8	41
44 10	17
44 11	11
44 13	43
44 14	31
44 17	46
44 18	7
44 20	5
44 21	15
44 22	34
44 23	27
44 24	16
44 25	42
44 27	9
44 28	40
44 30	21
44 32	13
44 33	22
44 34	33
44 36	44
44 37	18
44 38	39
44 39	35
44 40	14
44 42	23
44 43	1
44 44	36
44 45	20
44 47	28
44 48	19
44 49	26
45 0	16
45 1	34
45 5	8
45 6	2
45 7	28
45 8	38
45 9	42
45 10	3
45 13	47
45 14	26
45 16	36
45 17	48
45 18	0
45 20	14
45 21	1
45 22	5
45 23	49
45 24	19
45 26	40
45 27	21
45 28	31
45 33	6
45 34	35
45 35	20
45 36	46
45 37	44
45 38	27
45 39	29
45 40	24
45 41	10
45 42	37
45 43	33
45 45	11
45 46	45
45 47	4
45 48	7
45 49	39
46 1	3
46 2	46
46 3	25
46 4	37
46 5	44
46 6	28
46 8	14
46 10	7
46 11	45
46 12	11
46 13	26
46 14	43
46 15	48
46 16	10
46 18	4
46 19	6
46 22	33
46 25	23
46 27	16
46 28	20
46 30	29
46 31	12
46 32	27
46 33	8
46 34	36
46 35	9
46 37	34
46 38	30
46 41	31
46 42	5
46 43	22
46 47	15
46 48	35
47 0	43
47 3	2
47 4	49
47 5	24
47 6	18
47 8	47
47 9	25
47 10	1
47 11	34
47 12	22
47 13	6
47 14	33
47 15	21
47 16	46
47 18	44
47 19	4
47 20	15
47 21	29
47 22	13
47 24	42
47 27	39
47 29	26
47 30	32
47 31	9
47 34	23
47 35	27
47 36	12
47 37	40
47 39	19
47 41	45
47 42	17
47 43	38
47 44	3
47 45	30
47 46	10
47 47	37
47 48	14
47 49	16
48 1	28
48 2	4
48 3	8
48 5	20
48 6	5
48 8	27
48 10	16
48 11	31
48 13	3
48 14	13
48 15	38
48 16	44
48 17	18
48 18	19
48 21	21
48 22	45
48 23	33
48 24	9
48 28	24
48 29	25
48 30	39
48 32	47
48 34	41
48 35	30
48 36	7
48 37	22
48 38	14
48 39	1
48 43	35
48 44	42
48 46	37
48 48	11
48 49	6
49 0	5
49 1	11
49 2	13
49 4	8
49 5	19
49 6	4
49 8	43
49 9	17
49 10	40
49 13	7
49 14	41
49 15	33
49 18	25
49 20	20
49 22	21
49 23	24
49 24	0
49 25	30
49 27	46
49 28	2
49 30	6
49 32	16
49 33	44
49 34	27
49 36	3
49 38	22
49 40	9
49 42	38
49 44	45
49 45	32
