50
0 1	6
0 3	44
0 9	17
0 10	14
0 19	28
0 32	49
0 33	43
0 34	35
0 35	0
0 43	22
0 44	26
0 45	5
0 48	19
1 4	34
1 7	41
1 9	37
1 23	33
1 25	32
1 29	17
1 32	10
1 34	23
1 37	13
1 39	15
1 43	29
1 45	36
1 46	20
2 0	19
2 1	45
2 2	6
2 9	18
2 10	24
2 14	9
2 15	35
2 16	39
2 19	25
2 20	4
2 21	12
2 22	38
2 24	13
2 26	46
2 27	34
2 30	44
2 32	36
2 33	37
2 37	16
2 38	42
2 42	47
2 44	49
2 46	28
2 48	1
3 5	37
3 7	3
3 11	11
3 12	4
3 15	9
3 16	15
3 19	34
3 24	46
3 25	25
3 30	38
3 31	14
3 36	8
3 37	39
3 40	36
3 41	47
3 42	33
3 44	18
3 45	48
3 47	7
3 48	49
4 1	3
4 5	17
4 10	25
4 11	48
4 13	34
4 19	21
4 20	9
4 22	41
4 25	13
4 27	0
4 33	19
4 37	42
4 39	11
4 40	22
4 45	27
4 46	18
4 48	35
5 13	11
5 15	7
5 16	13
5 17	19
5 18	30
5 20	48
5 21	34
5 27	45
5 28	31
5 29	40
5 36	2
5 40	0
5 45	25
5 48	32
6 1	29
6 5	32
6 7	24
6 9	35
6 11	12
6 20	39
6 40	37
6 41	23
6 42	11
6 45	1
6 46	46
7 0	49
7 1	43
7 6	10
7 8	8
7 10	20
7 13	45
7 15	34
7 16	14
7 21	2
7 22	5
7 27	1
7 28	6
7 29	33
7 30	48
7 37	25
7 41	40
7 43	9
7 48	44
8 1	4
8 2	18
8 9	38
8 12	49
8 14	26
8 16	44
8 23	1
8 24	9
8 26	41
8 29	6
8 39	45
8 41	46
8 45	21
8 46	23
9 1	30
9 5	14
9 6	40
9 15	0
9 22	17
9 25	46
9 26	11
9 28	28
9 31	15
9 42	31
10 13	21
10 14	34
10 15	32
10 18	27
10 19	23
10 27	12
10 28	14
10 38	9
10 40	48
10 43	47
11 2	29
11 6	49
11 8	37
11 9	36
11 10	41
11 11	47
11 14	45
11 17	40
11 20	28
11 25	34
11 26	30
11 27	15
11 31	44
11 32	12
11 35	3
11 44	8
11 47	20
11 49	24
12 5	40
12 14	22
12 16	8
12 17	4
12 18	23
12 24	48
12 26	3
12 30	33
12 31	43
12 32	29
12 34	1
12 38	47
12 42	32
12 47	45
13 0	0
13 4	42
13 10	16
13 16	9
13 17	21
13 21	31
13 26	19
13 32	3
13 40	44
13 42	12
13 43	18
13 44	39
13 45	40
13 47	24
13 48	2
13 49	34
14 1	28
14 2	45
14 5	35
14 6	36
14 7	12
14 13	9
14 14	6
14 15	4
14 17	16
14 18	47
14 25	37
14 27	19
14 28	11
14 29	1
14 31	31
14 36	22
14 39	8
15 2	35
15 3	41
15 5	45
15 6	27
15 11	38
15 13	44
15 16	47
15 17	14
15 22	46
15 23	25
15 32	21
15 44	32
15 46	30
15 47	29
16 2	21
16 3	16
16 7	9
16 10	38
16 13	19
16 14	1
16 19	46
16 21	7
16 24	11
16 26	40
16 28	33
16 31	6
16 33	44
16 39	14
16 40	20
16 41	2
16 46	39
17 9	9
17 10	19
17 14	13
17 18	33
17 19	7
17 20	5
17 21	27
17 31	1
17 36	26
17 37	20
17 44	6
17 45	28
17 46	15
18 3	22
18 5	7
18 7	44
18 8	45
18 17	49
18 19	41
18 20	24
18 21	19
18 22	3
18 28	10
18 29	34
18 31	2
18 32	20
18 35	4
18 36	14
18 44	29
19 3	7
19 6	46
19 8	26
19 10	4
19 17	24
19 20	23
19 21	45
19 23	10
19 24	38
19 25	42
19 32	18
19 35	39
19 36	6
19 37	40
19 38	1
19 40	31
19 44	36
19 48	9
20 0	45
20 2	16
20 6	21
20 8	27
20 9	26
20 10	31
20 14	7
20 15	8
20 17	42
20 19	44
20 22	40
20 26	9
20 28	35
20 32	11
20 33	29
20 34	39
20 39	2
20 42	30
20 43	20
20 44	28
20 45	37
20 46	6
21 0	12
21 4	36
21 13	15
21 15	45
21 19	35
21 21	5
21 25	7
21 27	42
21 30	27
21 34	11
21 36	39
21 38	6
21 39	34
21 41	4
21 43	8
21 45	3
22 12	21
22 17	46
22 21	37
22 23	24
22 36	7
22 38	20
22 40	47
22 41	15
22 43	16
22 44	0
23 0	16
23 5	20
23 17	3
23 19	22
23 22	33
23 29	46
23 35	9
23 36	37
23 40	45
23 44	17
23 45	4
24 1	20
24 2	7
24 8	14
24 16	10
24 19	3
24 25	31
24 26	38
24 28	40
24 30	41
24 34	45
24 37	37
24 39	36
24 43	30
24 49	13
25 1	11
25 5	13
25 8	5
25 9	49
25 16	29
25 17	8
25 18	43
25 22	1
25 24	20
25 30	37
25 32	24
25 37	23
25 40	42
25 41	18
25 43	32
25 46	33
25 48	21
25 49	41
26 1	47
26 2	12
26 5	18
26 9	11
26 12	45
26 15	26
26 17	32
26 19	49
26 21	44
26 24	7
26 26	21
26 28	9
26 32	37
26 34	19
26 38	16
26 44	30
26 48	15
27 1	34
27 4	37
27 7	6
27 8	9
27 12	1
27 19	36
27 21	4
27 24	25
27 25	47
27 31	41
27 36	48
27 37	3
27 38	46
27 39	40
27 42	39
27 45	45
27 47	18
28 1	31
28 3	1
28 7	48
28 11	32
28 14	21
28 19	27
28 26	49
28 32	6
28 37	28
28 41	11
28 42	0
28 43	5
28 46	2
29 6	32
29 7	4
29 12	15
29 18	39
29 20	10
29 22	8
29 30	49
29 38	12
29 40	28
29 42	18
29 45	30
29 48	17
30 4	8
30 6	16
30 11	3
30 13	17
30 15	33
30 16	42
30 19	48
30 24	28
30 25	44
30 26	26
30 27	23
30 29	36
30 31	13
30 35	18
30 36	41
30 38	25
30 41	29
30 43	4
30 45	12
30 46	5
31 3	2
31 6	4
31 10	48
31 12	41
31 16	24
31 19	20
31 25	11
31 29	38
31 31	21
31 34	17
31 35	5
31 39	0
31 45	22
31 47	32
31 49	30
32 2	8
32 5	6
32 9	0
32 10	47
32 16	32
32 20	11
32 25	3
32 32	31
32 37	19
32 38	2
32 39	49
32 42	37
32 46	24
32 48	38
33 0	33
33 1	44
33 3	40
33 6	12
33 8	21
33 16	28
33 18	1
33 20	30
33 21	41
33 26	16
33 28	26
33 33	36
33 36	45
33 38	34
33 39	18
33 40	32
33 43	0
33 45	13
33 47	48
33 48	25
34 0	37
34 3	32
34 4	0
34 6	6
34 9	14
34 15	41
34 21	28
34 22	19
34 30	21
34 35	16
34 37	9
34 42	8
34 45	7
34 47	3
35 1	17
35 2	31
35 11	0
35 12	44
35 13	36
35 19	13
35 21	3
35 23	20
35 24	19
35 28	15
35 32	8
35 34	34
35 36	18
35 44	12
36 3	10
36 7	1
36 12	20
36 14	36
36 15	19
36 25	16
36 27	49
36 35	34
36 45	18
36 49	25
37 3	0
37 6	28
37 8	48
37 24	30
37 29	13
37 33	3
37 38	19
37 39	32
37 41	22
37 44	27
37 49	20
38 0	1
38 8	28
38 9	6
38 10	26
38 12	9
38 13	42
38 15	11
38 19	31
38 21	23
38 28	34
38 30	12
38 33	20
38 35	10
38 41	3
38 47	37
39 2	20
39 3	48
39 4	33
39 9	12
39 11	22
39 21	30
39 22	14
39 24	32
39 25	10
39 26	37
39 28	46
39 29	0
39 39	35
39 40	27
39 42	9
39 43	28
39 49	17
40 0	40
40 5	22
40 8	20
40 9	15
40 10	5
40 12	7
40 13	18
40 15	25
40 16	34
40 25	29
40 29	19
40 30	9
40 33	27
40 38	21
40 44	10
40 49	3
41 2	38
41 7	0
41 9	29
41 11	33
41 12	37
41 16	11
41 26	43
41 27	7
41 30	2
41 31	28
41 34	16
41 41	32
41 42	22
41 43	3
41 44	42
41 46	19
42 6	9
42 9	1
42 11	23
42 15	18
42 16	30
42 18	26
42 19	5
42 22	37
42 24	8
42 31	39
42 33	21
42 34	44
42 41	34
42 42	2
42 44	22
42 45	31
43 4	43
43 6	33
43 14	3
43 15	30
43 18	16
43 21	20
43 25	1
43 27	31
43 28	7
43 36	40
43 42	25
43 43	37
43 44	38
44 0	44
44 1	25
44 16	17
44 24	27
44 25	21
44 26	18
44 30	28
44 35	33
44 37	15
44 38	36
44 44	2
45 1	24
45 5	21
45 6	0
45 9	45
45 10	2
45 13	14
45 17	7
45 24	12
45 26	29
45 32	28
45 33	31
45 34	9
45 36	11
45 39	25
45 44	15
46 0	9
46 5	26
46 6	35
46 7	32
46 8	30
46 10	17
46 11	8
46 13	6
46 15	12
46 16	1
46 18	38
46 19	2
46 21	22
46 30	0
46 38	33
46 42	20
46 46	29
47 3	29
47 5	4
47 8	2
47 12	28
47 14	44
47 15	42
47 18	45
47 21	24
47 26	32
47 27	48
47 34	18
47 40	38
47 42	34
48 3	8
48 4	3
48 6	31
48 9	5
48 13	37
48 15	6
48 21	25
48 23	39
48 27	16
48 31	38
48 32	34
48 33	28
48 37	18
48 49	26
49 13	30
49 18	19
49 19	11
49 23	21
49 29	37
49 30	1
49 33	24
49 38	43
49 39	31
49 41	25
49 43	33
49 46	32
