50
0 2	46
0 5	11
0 6	17
0 12	25
0 19	23
0 22	43
0 25	38
0 26	29
0 32	18
0 39	36
0 40	34
0 42	45
0 47	0
0 49	30
1 0	13
1 10	0
1 14	11
1 16	17
1 18	3
1 22	16
1 32	28
1 38	6
1 39	18
1 44	45
1 46	30
1 49	29
2 0	2
2 3	5
2 4	11
2 7	37
2 8	48
2 9	6
2 10	9
2 11	45
2 14	35
2 21	7
2 22	31
2 26	42
2 31	38
2 32	4
2 33	21
2 34	17
2 36	39
2 37	47
2 38	43
2 43	25
2 44	3
2 49	34
3 1	33
3 4	27
3 5	14
3 7	12
3 10	18
3 11	16
3 13	2
3 26	30
3 31	19
3 34	31
3 35	20
3 36	42
4 1	16
4 2	6
4 6	2
4 14	28
4 18	21
4 21	18
4 22	17
4 26	47
4 28	13
4 30	25
4 32	29
4 34	36
4 35	0
4 37	37
4 40	46
4 41	1
5 3	26
5 4	33
5 11	40
5 12	37
5 16	48
5 17	31
5 19	43
5 21	8
5 23	9
5 24	17
5 26	46
5 33	28
5 34	47
5 35	49
5 36	1
5 37	38
5 39	23
5 43	39
5 48	20
6 1	20
6 5	34
6 6	28
6 7	23
6 15	12
6 17	26
6 23	1
6 28	37
6 30	30
6 45	13
6 47	29
6 48	40
6 49	31
7 0	8
7 3	7
7 7	22
7 13	35
7 15	49
7 19	19
7 28	41
7 30	34
7 34	9
7 35	32
7 37	17
7 45	25
7 46	42
7 48	39
8 2	7
8 11	21
8 12	39
8 13	4
8 14	38
8 16	20
8 18	15
8 23	44
8 24	19
8 26	45
8 35	24
8 39	37
8 40	5
8 41	41
8 42	17
8 44	42
9 1	32
9 3	33
9 5	2
9 8	25
9 10	11
9 11	44
9 12	31
9 17	17
9 18	43
9 20	28
9 24	38
9 26	36
9 27	39
9 30	6
9 31	8
9 32	49
9 33	22
9 34	18
9 35	23
9 42	7
9 45	3
10 0	6
10 1	25
10 6	39
10 7	2
10 9	3
10 18	40
10 24	5
10 32	44
10 37	45
10 48	30
10 49	7
11 0	35
11 4	17
11 5	13
11 6	4
11 12	38
11 15	48
11 17	1
11 18	47
11 23	12
11 24	37
11 25	34
11 31	20
11 33	24
11 35	43
11 38	31
11 40	11
11 46	26
11 47	32
11 48	6
12 0	17
12 2	23
12 8	49
12 19	41
12 20	30
12 21	11
12 23	21
12 31	5
12 32	33
12 36	40
12 38	46
12 45	38
13 2	35
13 3	20
13 4	0
13 9	1
13 10	39
13 11	49
13 20	25
13 28	36
13 30	46
13 35	48
13 38	30
13 40	23
13 42	34
13 44	43
13 45	37
14 2	3
14 3	17
14 5	33
14 8	22
14 13	6
14 18	32
14 21	26
14 22	9
14 25	4
14 31	12
14 34	30
14 36	49
14 39	19
14 42	13
14 46	45
15 3	34
15 19	20
15 23	16
15 25	44
15 28	42
15 31	25
15 32	1
15 33	14
15 34	19
15 37	3
15 39	11
15 40	21
15 42	40
15 45	49
16 0	14
16 2	9
16 4	35
16 11	20
16 13	10
16 19	46
16 23	37
16 25	41
16 28	11
16 32	43
16 45	7
17 0	24
17 4	37
17 6	5
17 7	26
17 10	49
17 11	14
17 14	48
17 20	38
17 26	44
17 29	34
17 30	20
17 31	21
17 32	3
17 35	29
17 38	45
17 42	4
17 43	43
18 4	39
18 6	7
18 10	14
18 11	23
18 12	21
18 13	1
18 15	31
18 20	11
18 22	40
18 24	33
18 34	0
18 37	15
18 39	44
18 40	32
18 42	18
18 43	10
18 45	41
18 48	34
19 0	47
19 2	26
19 3	15
19 6	36
19 7	8
19 8	29
19 13	21
19 17	9
19 19	17
19 21	23
19 26	27
19 29	30
19 32	46
19 39	7
19 42	35
19 48	13
20 2	20
20 5	28
20 7	13
20 8	33
20 9	26
20 12	45
20 13	9
20 18	42
20 23	35
20 24	10
20 25	8
20 30	44
20 32	7
20 35	46
20 37	14
20 38	19
20 39	12
20 41	40
21 1	1
21 5	3
21 8	40
21 10	32
21 14	44
21 20	17
21 26	20
21 30	33
21 33	27
21 35	34
21 40	48
21 42	12
21 44	22
21 47	24
22 3	6
22 4	30
22 5	29
22 8	14
22 10	15
22 11	3
22 13	25
22 14	23
22 15	28
22 16	43
22 18	26
22 19	27
22 20	42
22 24	11
22 31	48
22 35	2
22 46	31
23 2	30
23 8	37
23 9	29
23 10	19
23 11	11
23 15	36
23 19	48
23 20	43
23 22	3
23 30	5
23 31	24
23 34	26
23 35	35
23 36	12
23 38	44
23 40	1
23 47	2
23 48	14
24 0	19
24 4	1
24 11	6
24 13	23
24 15	41
24 16	14
24 19	3
24 21	20
24 23	39
24 24	16
24 26	49
24 29	15
24 30	26
24 48	48
25 4	25
25 7	48
25 8	1
25 10	44
25 16	0
25 17	38
25 21	24
25 22	21
25 23	3
25 24	34
25 27	26
25 30	43
25 35	39
25 37	49
25 38	13
25 39	42
25 43	20
25 44	29
25 47	22
25 48	12
25 49	35
26 2	40
26 4	24
26 7	34
26 8	3
26 17	11
26 21	43
26 27	47
26 35	37
26 45	19
26 47	25
26 48	1
26 49	17
27 0	5
27 1	43
27 7	35
27 14	3
27 21	0
27 23	32
27 26	9
27 29	28
27 37	39
27 41	29
28 0	49
28 3	43
28 4	41
28 5	9
28 8	26
28 9	7
28 10	38
28 13	17
28 15	19
28 26	34
28 27	28
28 28	48
28 40	33
28 49	21
29 1	0
29 3	19
29 4	20
29 7	11
29 10	2
29 16	30
29 19	35
29 26	3
29 27	40
29 30	29
29 32	23
29 33	9
29 35	1
29 40	10
29 43	36
29 44	16
30 5	32
30 7	38
30 8	17
30 12	13
30 17	4
30 18	1
30 22	2
30 29	49
30 40	8
30 41	43
31 0	15
31 1	39
31 5	6
31 6	31
31 9	24
31 16	16
31 18	14
31 20	1
31 22	0
31 23	23
31 24	29
31 25	47
31 29	9
31 34	28
31 37	10
31 38	40
31 43	4
31 46	32
31 48	18
32 1	44
32 7	18
32 10	46
32 12	11
32 14	41
32 16	27
32 17	2
32 19	29
32 20	15
32 23	36
32 28	40
32 29	12
32 33	20
32 40	25
32 43	13
32 44	39
32 48	5
32 49	19
33 0	12
33 1	14
33 3	38
33 10	37
33 17	22
33 21	34
33 23	7
33 24	21
33 25	27
33 28	33
33 30	18
33 35	9
33 37	29
33 38	36
33 41	8
33 44	30
34 0	9
34 3	48
34 5	47
34 7	5
34 8	10
34 14	31
34 18	46
34 19	8
34 20	29
34 21	35
34 26	19
34 33	7
34 39	6
34 42	42
34 46	0
34 48	23
34 49	24
35 2	25
35 4	28
35 5	17
35 10	34
35 12	15
35 16	3
35 17	37
35 18	12
35 21	4
35 22	42
35 23	18
35 24	45
35 35	47
36 1	49
36 3	2
36 9	17
36 10	1
36 20	24
36 24	48
36 27	33
36 29	20
36 33	47
36 36	3
36 38	26
36 41	23
36 47	40
36 48	41
36 49	9
37 6	6
37 8	15
37 9	0
37 18	10
37 20	37
37 22	20
37 24	40
37 27	49
37 29	7
37 31	4
37 34	25
37 41	13
37 42	28
37 43	3
37 45	34
37 46	23
37 47	26
37 48	46
38 0	45
38 8	31
38 11	29
38 15	37
38 19	10
38 20	47
38 22	36
38 25	35
38 28	28
38 29	14
38 30	0
38 33	3
38 35	13
38 39	32
38 42	22
38 43	48
38 45	20
38 48	9
39 13	42
39 14	43
39 21	47
39 22	33
39 26	11
39 27	29
39 28	27
39 30	2
39 37	24
39 38	25
39 42	6
39 43	49
39 44	21
39 49	38
40 0	3
40 2	8
40 3	44
40 7	30
40 9	4
40 18	17
40 22	29
40 26	37
40 27	14
40 33	43
40 34	23
40 37	25
40 41	36
40 42	31
40 47	12
40 48	42
41 3	28
41 9	47
41 14	7
41 16	41
41 17	30
41 24	14
41 25	1
41 28	29
41 37	4
41 41	16
42 1	31
42 2	37
42 3	46
42 9	25
42 12	23
42 17	21
42 21	38
42 22	27
42 24	7
42 25	20
42 33	48
42 39	30
42 41	33
42 42	39
42 43	9
42 47	49
43 2	24
43 7	33
43 13	37
43 16	13
43 26	25
43 28	49
43 33	46
43 35	30
43 37	5
43 38	35
43 39	17
43 42	47
44 2	15
44 7	32
44 14	37
44 16	42
44 22	30
44 31	16
44 32	17
44 34	40
44 35	8
44 38	12
44 39	39
44 46	6
45 2	34
45 3	41
45 4	40
45 9	46
45 12	19
45 14	4
45 23	6
45 27	21
45 28	45
45 36	0
45 41	47
45 44	31
45 49	49
46 0	31
46 7	24
46 10	25
46 11	43
46 14	8
46 22	37
46 27	3
46 30	45
46 32	35
46 33	41
46 34	15
46 35	42
46 39	4
46 44	49
46 45	17
47 8	9
47 11	4
47 13	44
47 20	6
47 22	25
47 23	26
47 24	46
47 28	18
47 29	39
47 38	0
47 39	40
47 40	3
47 43	28
48 0	34
48 5	43
48 7	15
48 8	41
48 13	8
48 20	23
48 22	49
48 27	10
48 31	9
48 39	24
49 0	20
49 6	29
49 11	9
49 12	27
49 14	17
49 15	18
49 17	23
49 20	39
49 23	15
49 32	12
49 37	28
49 43	35
49 46	37
49 48	44
