50
0 1	16
0 4	12
0 14	24
0 20	22
0 23	9
0 24	7
0 26	32
0 28	8
0 32	1
0 33	34
0 39	25
0 40	19
0 48	33
1 2	1
1 6	31
1 9	14
1 11	34
1 12	43
1 18	44
1 20	33
1 21	11
1 22	7
1 23	26
1 27	15
1 32	35
1 33	28
1 34	42
1 35	22
1 36	0
1 42	37
1 48	21
2 3	45
2 7	40
2 9	24
2 14	15
2 15	31
2 18	19
2 19	27
2 20	8
2 21	48
2 24	4
2 27	34
2 30	13
2 36	1
2 39	6
2 42	14
2 46	29
2 47	3
3 1	14
3 2	48
3 6	24
3 7	8
3 27	11
3 35	40
3 37	3
3 39	33
3 43	29
4 0	7
4 5	9
4 7	3
4 10	6
4 12	11
4 14	4
4 18	32
4 19	37
4 23	46
4 26	5
4 27	31
4 29	18
4 34	10
4 44	48
4 47	47
4 49	40
5 1	25
5 2	31
5 5	14
5 6	20
5 8	13
5 9	28
5 10	18
5 17	2
5 19	15
5 32	48
5 33	44
5 35	11
5 43	10
5 44	0
6 2	32
6 3	49
6 6	45
6 13	15
6 16	25
6 17	33
6 19	26
6 22	2
6 24	23
6 39	27
6 45	37
6 49	41
7 0	4
7 6	33
7 9	12
7 10	9
7 11	3
7 12	17
7 13	8
7 15	21
7 19	1
7 28	15
7 29	44
7 30	0
7 36	6
7 37	43
7 38	46
7 39	35
7 40	42
7 44	49
7 47	14
8 0	45
8 11	42
8 16	12
8 18	9
8 19	33
8 21	26
8 24	5
8 29	21
8 30	31
8 33	29
8 34	22
8 39	41
8 40	20
8 47	27
8 48	28
8 49	8
9 2	11
9 4	1
9 5	47
9 10	49
9 12	5
9 17	45
9 20	25
9 24	6
9 25	14
9 26	2
9 27	9
9 28	16
9 30	15
9 33	39
9 35	21
9 38	3
9 41	35
10 2	49
10 16	35
10 19	41
10 24	17
10 26	19
10 29	34
10 31	22
10 32	0
10 36	32
10 41	45
10 45	6
10 47	9
10 48	48
11 1	33
11 2	35
11 5	25
11 6	36
11 12	4
11 24	0
11 33	30
11 40	44
11 42	3
11 46	45
12 3	25
12 6	35
12 11	27
12 14	41
12 18	22
12 20	21
12 22	28
12 24	39
12 25	32
12 26	42
12 28	49
12 32	26
12 37	2
12 39	44
12 48	4
13 1	11
13 2	33
13 3	42
13 8	9
13 9	36
13 15	37
13 22	23
13 25	8
13 26	20
13 31	5
13 33	15
13 43	48
13 46	21
14 0	32
14 1	17
14 3	34
14 4	11
14 5	18
14 8	39
14 11	19
14 12	45
14 13	23
14 16	28
14 19	10
14 20	37
14 21	8
14 23	0
14 24	2
14 25	5
14 29	22
14 31	43
14 37	44
14 40	25
14 41	6
14 44	31
14 45	21
15 10	15
15 13	48
15 20	46
15 24	29
15 31	6
15 32	47
15 37	42
15 40	5
15 42	10
15 48	14
16 1	19
16 4	6
16 16	48
16 17	18
16 21	0
16 22	8
16 23	2
16 25	22
16 37	17
16 40	3
16 42	44
16 44	7
16 46	25
17 2	4
17 3	24
17 6	49
17 10	22
17 11	16
17 12	9
17 14	30
17 21	5
17 27	29
17 30	33
17 31	0
17 35	46
17 37	8
17 40	39
17 42	11
17 45	26
17 48	6
17 49	48
18 0	33
18 1	37
18 3	13
18 12	31
18 19	44
18 21	28
18 27	21
18 28	29
18 31	27
18 37	18
18 40	15
18 44	23
18 46	1
18 49	49
19 1	20
19 2	21
19 4	17
19 9	40
19 18	41
19 19	16
19 23	44
19 25	42
19 27	1
19 30	39
19 34	29
19 37	26
19 40	31
19 47	2
20 8	41
20 10	29
20 11	33
20 12	30
20 14	32
20 17	16
20 18	8
20 21	1
20 24	3
20 26	49
20 27	2
20 33	48
20 35	43
20 38	23
20 39	9
20 44	47
20 45	44
20 48	0
21 0	30
21 6	34
21 8	16
21 16	41
21 17	28
21 18	7
21 26	0
21 29	46
21 30	47
21 34	48
21 36	10
21 37	6
21 40	23
21 42	26
21 43	17
21 44	29
21 46	9
21 48	32
22 1	24
22 4	30
22 10	44
22 11	2
22 12	14
22 13	35
22 15	4
22 25	13
22 26	25
22 27	5
22 28	26
22 34	41
22 35	29
22 41	38
22 43	15
22 49	46
23 4	36
23 5	5
23 6	48
23 9	22
23 10	39
23 12	26
23 14	10
23 22	40
23 23	21
23 36	29
23 37	38
23 44	6
23 45	17
23 47	25
24 0	25
24 10	7
24 12	18
24 13	11
24 14	6
24 16	44
24 19	23
24 21	41
24 25	31
24 31	1
24 33	38
24 36	43
24 39	47
24 47	32
25 0	36
25 1	29
25 3	26
25 4	37
25 7	1
25 8	35
25 13	27
25 16	24
25 17	31
25 18	43
25 19	11
25 28	23
25 33	20
25 36	12
25 37	41
25 38	19
25 40	49
25 41	47
25 44	32
26 2	8
26 3	40
26 4	45
26 6	19
26 10	28
26 11	26
26 12	1
26 13	10
26 15	11
26 16	3
26 17	35
26 22	22
26 24	33
26 28	21
26 31	30
26 32	49
26 37	39
26 38	31
26 40	29
26 43	20
26 44	34
26 45	42
26 46	48
26 48	44
26 49	4
27 0	31
27 1	27
27 5	48
27 6	44
27 7	23
27 14	40
27 19	45
27 24	18
27 25	12
27 26	26
27 34	39
27 38	30
27 40	24
27 41	42
27 43	28
27 44	33
27 46	16
28 0	28
28 1	35
28 2	27
28 4	48
28 9	41
28 10	31
28 13	7
28 15	1
28 18	13
28 22	26
28 23	43
28 31	12
28 32	33
28 40	2
28 41	34
28 46	11
28 48	25
28 49	9
29 1	5
29 7	42
29 8	44
29 10	43
29 11	31
29 15	49
29 23	23
29 27	39
29 35	24
29 36	22
29 37	21
29 38	34
29 40	27
29 41	33
29 42	36
29 44	9
29 46	28
29 47	4
29 49	37
30 7	10
30 10	41
30 11	36
30 12	3
30 13	19
30 19	48
30 24	37
30 27	0
30 29	20
30 35	7
30 36	47
30 38	33
30 39	42
30 43	6
31 3	3
31 4	25
31 7	26
31 23	22
31 26	37
31 30	23
31 35	49
31 41	28
31 47	18
32 0	40
32 1	28
32 3	2
32 4	4
32 6	15
32 16	36
32 23	5
32 29	24
32 36	44
32 40	14
33 1	6
33 2	41
33 3	44
33 7	49
33 10	37
33 11	38
33 12	32
33 15	34
33 17	5
33 19	14
33 23	39
33 24	25
33 27	43
33 29	15
33 30	27
33 31	17
33 32	40
33 34	28
33 38	26
33 41	16
34 6	43
34 17	41
34 21	16
34 28	37
34 33	33
34 35	47
34 49	34
35 3	48
35 7	29
35 9	4
35 12	10
35 13	17
35 14	1
35 16	2
35 19	12
35 20	43
35 30	7
35 38	18
35 40	21
35 42	34
35 43	3
35 44	42
35 45	28
36 3	37
36 4	8
36 11	17
36 14	31
36 16	22
36 18	35
36 24	1
36 25	6
36 35	13
36 36	26
36 38	48
36 39	5
36 40	41
36 44	39
36 45	2
36 47	21
36 49	38
37 2	6
37 6	32
37 7	14
37 10	20
37 16	27
37 17	22
37 20	1
37 21	39
37 22	33
37 25	45
37 30	4
37 36	40
37 37	15
37 39	37
37 40	7
37 44	13
37 47	36
38 0	8
38 1	34
38 4	27
38 5	4
38 6	12
38 7	36
38 11	11
38 12	20
38 18	14
38 19	17
38 21	45
38 23	3
38 28	19
38 34	35
38 35	15
38 38	2
38 41	43
38 42	31
38 43	0
38 46	46
38 47	37
38 48	30
38 49	6
39 2	16
39 5	33
39 12	19
39 14	43
39 33	10
39 42	5
39 45	36
39 46	34
40 3	32
40 5	19
40 7	27
40 8	46
40 11	22
40 12	41
40 15	36
40 27	24
40 29	29
40 30	43
40 32	34
40 40	4
40 41	20
40 46	12
40 47	48
40 49	35
41 0	41
41 4	3
41 5	21
41 6	27
41 7	45
41 8	31
41 12	33
41 15	16
41 32	37
41 36	9
41 42	46
41 47	5
41 48	17
41 49	26
42 1	21
42 4	28
42 5	17
42 6	42
42 9	15
42 10	5
42 11	41
42 13	13
42 16	38
42 26	48
42 32	25
42 34	24
42 42	1
42 44	36
42 45	22
43 4	15
43 6	3
43 16	34
43 17	37
43 19	31
43 26	18
43 30	44
43 39	8
43 40	32
43 41	25
43 46	30
43 48	23
43 49	39
44 2	19
44 5	40
44 6	18
44 12	38
44 27	3
44 31	34
44 33	49
44 35	30
44 44	5
45 2	17
45 3	33
45 5	11
45 6	1
45 13	44
45 14	23
45 17	6
45 24	32
45 26	14
45 43	39
46 1	13
46 7	38
46 8	19
46 10	35
46 14	11
46 16	20
46 17	25
46 18	6
46 21	42
46 28	47
46 29	33
46 32	15
46 41	17
46 42	9
46 45	1
46 46	40
46 48	37
47 0	27
47 1	47
47 3	8
47 6	37
47 7	32
47 9	5
47 11	24
47 12	44
47 14	33
47 16	13
47 17	29
47 23	48
47 31	35
47 32	28
47 45	25
47 46	4
47 48	46
48 2	15
48 9	17
48 10	10
48 14	19
48 17	14
48 18	48
48 19	46
48 21	13
48 25	36
48 31	32
48 36	11
48 37	33
48 49	16
49 0	42
49 7	25
49 9	44
49 14	45
49 16	29
49 20	2
49 23	7
49 32	6
49 34	23
49 38	39
49 39	31
49 42	41
49 47	11
