50
0 2	39
0 6	26
0 14	18
0 15	9
0 17	49
0 19	22
0 21	47
0 25	13
0 26	10
0 29	32
0 40	7
0 44	11
0 46	12
0 47	24
0 49	43
1 3	12
1 4	1
1 7	18
1 8	27
1 11	15
1 15	14
1 20	23
1 21	45
1 25	7
1 32	31
1 33	25
1 34	36
1 35	41
1 36	35
1 37	42
1 40	8
1 49	37
2 1	40
2 3	25
2 6	14
2 7	48
2 11	9
2 12	38
2 16	18
2 17	7
2 18	11
2 19	8
2 20	17
2 21	32
2 23	29
2 26	46
2 28	27
2 29	3
2 33	44
2 35	45
2 38	35
2 43	20
2 44	19
2 45	16
2 46	42
2 47	2
2 48	33
3 1	27
3 5	25
3 8	39
3 10	17
3 13	45
3 14	4
3 16	28
3 17	46
3 20	40
3 21	9
3 22	10
3 23	43
3 24	49
3 27	33
3 29	0
3 31	23
3 35	19
3 41	29
3 45	7
3 49	38
4 0	36
4 8	30
4 10	34
4 12	4
4 13	31
4 15	33
4 18	15
4 19	45
4 20	32
4 21	42
4 25	19
4 27	29
4 29	49
4 30	21
4 33	43
4 37	11
4 46	14
4 48	17
4 49	39
5 1	16
5 2	1
5 3	23
5 5	18
5 13	30
5 18	35
5 23	39
5 26	48
5 27	26
5 28	9
5 31	49
5 36	8
5 37	31
5 38	29
5 39	7
5 42	22
5 47	14
5 49	11
6 0	46
6 1	44
6 13	6
6 15	16
6 18	43
6 19	41
6 23	35
6 34	25
6 36	48
6 37	21
6 39	20
6 40	42
6 42	27
6 44	3
6 45	36
6 48	12
6 49	34
7 1	8
7 4	27
7 6	30
7 7	12
7 8	34
7 9	6
7 11	5
7 18	38
7 20	22
7 21	40
7 22	3
7 24	16
7 25	14
7 29	43
7 32	18
7 35	47
7 37	7
7 41	1
7 43	17
7 45	19
7 46	24
7 47	9
7 48	26
7 49	32
8 3	28
8 6	46
8 10	1
8 13	47
8 14	14
8 16	35
8 18	8
8 22	45
8 23	16
8 24	21
8 27	37
8 28	4
8 29	39
8 30	38
8 36	0
8 39	9
8 41	11
8 42	36
8 45	24
8 46	29
8 47	42
9 3	35
9 7	49
9 10	7
9 11	36
9 12	47
9 16	9
9 17	21
9 21	3
9 29	17
9 30	30
9 31	18
9 36	42
9 40	34
9 42	8
9 43	5
9 44	10
9 45	40
9 46	22
9 47	13
10 3	13
10 4	18
10 5	48
10 6	35
10 7	10
10 10	29
10 11	25
10 12	15
10 13	21
10 14	47
10 16	6
10 19	5
10 21	26
10 24	43
10 28	22
10 29	11
10 32	2
10 38	7
10 40	49
10 41	17
10 43	32
10 46	8
10 48	24
11 0	23
11 2	9
11 4	30
11 5	12
11 6	19
11 7	22
11 28	18
11 31	38
11 33	31
11 38	34
11 39	26
11 43	11
11 45	13
11 46	3
11 49	8
12 1	15
12 2	30
12 3	40
12 4	42
12 5	43
12 9	31
12 12	21
12 18	32
12 19	11
12 20	3
12 22	27
12 26	35
12 27	48
12 28	17
12 31	25
12 34	47
12 35	34
12 37	16
12 39	5
12 40	14
12 41	24
12 47	12
12 48	28
13 1	9
13 4	37
13 6	39
13 7	43
13 9	28
13 10	25
13 14	46
13 15	29
13 17	35
13 18	3
13 21	14
13 22	20
13 25	45
13 26	1
13 32	15
13 33	4
13 35	40
13 40	19
13 42	44
13 44	0
13 48	23
14 1	46
14 2	24
14 3	30
14 4	29
14 5	14
14 9	1
14 12	33
14 14	40
14 15	20
14 16	48
14 17	37
14 21	4
14 22	0
14 25	42
14 26	7
14 30	44
14 35	11
14 36	34
14 42	5
14 46	2
14 48	22
14 49	35
15 1	19
15 4	4
15 6	34
15 7	15
15 13	12
15 14	49
15 15	22
15 17	17
15 22	48
15 24	11
15 25	29
15 28	35
15 31	33
15 33	36
15 34	13
15 36	28
15 40	46
15 42	9
15 44	7
15 49	30
16 1	23
16 2	7
16 3	19
16 6	48
16 19	1
16 21	18
16 22	43
16 26	11
16 27	9
16 32	3
16 34	4
16 43	16
17 0	2
17 1	34
17 2	29
17 3	42
17 5	45
17 6	17
17 7	27
17 8	25
17 10	8
17 16	26
17 17	0
17 18	19
17 23	41
17 24	22
17 26	20
17 27	7
17 28	15
17 29	35
17 34	16
17 38	10
17 40	5
17 44	47
17 47	31
17 48	11
17 49	4
18 2	47
18 4	33
18 7	16
18 9	32
18 10	36
18 17	30
18 21	44
18 24	35
18 25	5
18 29	34
18 33	13
18 34	20
18 39	19
18 40	48
18 41	39
18 43	7
18 44	4
18 48	15
19 0	37
19 10	24
19 11	47
19 14	20
19 17	9
19 19	28
19 20	42
19 22	8
19 23	7
19 26	2
19 27	0
19 33	49
19 34	30
19 40	23
19 42	11
19 43	18
19 44	26
19 46	16
19 47	43
20 0	24
20 1	32
20 2	41
20 3	20
20 4	38
20 5	29
20 6	12
20 9	45
20 11	49
20 14	0
20 17	34
20 18	13
20 24	40
20 25	15
20 30	42
20 31	26
20 32	10
20 37	48
20 39	30
20 40	33
20 43	21
20 45	5
20 47	25
21 1	43
21 4	39
21 5	36
21 6	3
21 7	23
21 11	31
21 12	12
21 16	49
21 18	22
21 21	15
21 27	16
21 28	21
21 29	37
21 30	41
21 31	13
21 33	24
21 36	33
21 39	48
21 42	29
21 43	4
21 45	14
21 46	5
21 47	30
21 48	9
22 7	30
22 11	8
22 13	49
22 18	4
22 20	7
22 26	44
22 27	10
22 29	22
22 31	16
22 33	0
22 35	46
22 38	36
22 41	5
22 43	34
23 1	11
23 2	14
23 3	9
23 7	24
23 9	27
23 15	47
23 20	10
23 23	26
23 25	21
23 26	0
23 32	25
23 34	22
23 36	15
23 38	20
23 40	30
23 41	45
23 43	33
23 49	13
24 0	0
24 2	2
24 3	5
24 6	32
24 8	17
24 11	10
24 13	23
24 16	45
24 17	41
24 20	27
24 22	37
24 23	4
24 25	24
24 26	47
24 27	19
24 29	20
24 31	42
24 34	46
24 35	21
24 38	31
24 39	16
24 40	3
24 41	22
24 45	26
24 48	6
25 1	4
25 3	38
25 6	21
25 7	26
25 10	11
25 11	23
25 12	14
25 15	44
25 20	39
25 21	13
25 23	20
25 26	34
25 36	3
25 40	40
25 44	12
25 47	28
25 49	15
26 0	22
26 1	48
26 4	40
26 5	15
26 6	27
26 7	14
26 8	19
26 11	11
26 12	44
26 17	43
26 20	0
26 24	36
26 26	16
26 28	42
26 31	20
26 35	38
26 37	8
26 39	37
26 42	3
26 46	49
27 4	12
27 5	41
27 7	13
27 9	44
27 15	24
27 20	38
27 21	35
27 22	9
27 23	34
27 28	30
27 29	28
27 31	22
27 34	2
27 36	39
27 38	5
27 39	21
27 40	43
27 41	48
27 44	25
27 45	29
27 46	23
27 47	8
27 49	6
28 7	25
28 8	12
28 10	47
28 14	34
28 17	3
28 19	14
28 20	49
28 24	29
28 28	8
28 31	40
28 33	37
28 35	6
28 37	23
28 38	11
28 39	22
28 40	16
28 46	18
29 2	38
29 3	10
29 4	3
29 5	22
29 8	0
29 11	34
29 14	44
29 15	23
29 17	28
29 18	12
29 19	40
29 22	11
29 23	42
29 24	5
29 26	27
29 27	20
29 28	16
29 32	39
29 33	8
29 35	9
29 36	19
29 38	6
29 43	25
29 44	48
29 49	21
30 0	26
30 1	1
30 2	37
30 4	24
30 7	8
30 13	44
30 16	4
30 21	2
30 24	7
30 26	13
30 28	5
30 29	12
30 30	15
30 31	41
30 33	32
30 35	3
30 39	47
30 44	16
30 45	33
31 0	27
31 4	35
31 9	11
31 16	7
31 17	10
31 18	18
31 20	8
31 22	47
31 23	31
31 24	17
31 25	49
31 28	46
31 29	23
31 30	14
31 31	5
31 33	1
31 34	38
31 35	43
31 39	33
31 42	34
31 43	28
31 45	32
31 47	20
32 1	14
32 4	15
32 11	24
32 13	10
32 15	5
32 20	33
32 21	8
32 24	38
32 26	32
32 28	12
32 31	46
32 33	6
32 36	16
32 38	25
32 40	37
32 41	40
32 44	18
32 45	11
32 47	41
33 1	37
33 5	5
33 10	12
33 15	34
33 17	25
33 19	33
33 20	30
33 24	4
33 25	11
33 26	19
33 27	13
33 28	47
33 29	24
33 37	38
33 38	26
33 42	10
33 44	8
33 45	1
33 46	35
33 47	40
33 48	27
34 0	39
34 3	15
34 5	7
34 11	30
34 13	5
34 14	38
34 21	48
34 22	14
34 23	13
34 26	23
34 29	1
34 32	11
34 34	42
34 35	35
34 37	26
34 38	40
34 42	45
34 43	9
34 44	44
34 49	24
35 0	34
35 2	26
35 6	38
35 7	42
35 9	49
35 13	32
35 15	11
35 19	27
35 27	15
35 30	7
35 31	9
35 32	44
35 37	35
35 38	16
35 39	8
35 43	19
35 44	22
35 47	21
35 48	29
36 2	22
36 3	32
36 4	49
36 10	2
36 11	1
36 14	21
36 16	11
36 18	42
36 20	48
36 26	6
36 27	3
36 33	23
36 35	8
36 38	27
36 40	10
36 45	31
36 46	46
36 47	39
36 48	19
36 49	12
37 0	44
37 1	12
37 3	7
37 6	24
37 7	1
37 14	23
37 15	6
37 16	34
37 18	46
37 23	15
37 24	3
37 28	0
37 31	28
37 34	17
37 41	2
37 44	33
37 47	27
37 48	20
38 0	18
38 1	45
38 6	47
38 7	35
38 9	38
38 11	7
38 15	13
38 18	39
38 19	12
38 20	11
38 21	31
38 24	8
38 26	43
38 27	28
38 28	23
38 29	41
38 31	21
38 36	46
38 38	42
38 45	15
38 46	32
38 48	16
38 49	19
39 0	31
39 1	21
39 4	47
39 11	29
39 13	28
39 19	25
39 20	43
39 25	30
39 27	23
39 29	16
39 30	10
39 34	12
39 36	22
39 38	41
39 39	49
39 40	45
39 43	38
39 44	5
39 47	1
39 48	0
39 49	26
40 0	28
40 1	20
40 3	46
40 4	22
40 6	11
40 16	42
40 18	34
40 21	41
40 23	18
40 24	23
40 26	38
40 27	25
40 29	21
40 30	40
40 33	30
40 34	8
40 35	49
40 36	5
40 37	44
40 38	37
40 39	12
40 40	47
40 42	0
40 43	15
40 45	39
40 47	33
41 0	20
41 6	42
41 14	33
41 20	19
41 21	21
41 24	2
41 27	30
41 30	47
41 36	13
41 38	44
41 40	28
41 42	31
41 43	27
41 46	0
41 47	35
41 48	14
41 49	36
42 1	31
42 3	27
42 4	41
42 5	35
42 7	4
42 9	47
42 11	19
42 12	22
42 13	43
42 14	37
42 17	48
42 20	16
42 22	25
42 23	33
42 34	21
42 35	44
42 36	32
42 38	46
42 42	13
42 43	8
42 47	26
42 48	40
42 49	20
43 3	18
43 6	8
43 8	35
43 9	33
43 10	5
43 11	43
43 14	11
43 19	29
43 32	37
43 33	42
43 34	39
43 35	24
43 39	41
43 42	46
43 43	40
43 47	49
43 49	14
44 3	49
44 4	2
44 6	31
44 7	29
44 9	9
44 11	37
44 12	0
44 13	48
44 17	18
44 18	6
44 19	34
44 20	5
44 26	15
44 29	25
44 30	16
44 31	1
44 33	41
44 35	4
44 36	44
44 38	13
44 41	30
44 47	11
44 49	3
45 1	22
45 9	48
45 12	19
45 14	32
45 15	8
45 18	47
45 20	36
45 22	46
45 25	2
45 29	33
45 30	6
45 32	35
45 39	0
45 40	27
45 42	17
46 0	9
46 1	42
46 3	39
46 7	17
46 8	3
46 11	2
46 12	20
46 14	5
46 16	29
46 17	32
46 23	21
46 30	49
46 31	10
46 33	45
46 34	1
46 35	31
46 38	19
46 42	41
46 48	4
47 3	1
47 5	20
47 10	3
47 12	29
47 14	15
47 18	37
47 21	0
47 22	40
47 27	14
47 31	12
47 32	42
47 33	17
47 37	46
47 38	8
47 41	43
47 43	39
47 44	49
47 46	30
48 0	7
48 1	26
48 4	17
48 8	2
48 9	5
48 10	30
48 15	49
48 17	6
48 20	15
48 23	32
48 25	10
48 26	4
48 31	44
48 32	23
48 34	43
48 36	1
48 39	3
48 42	47
48 44	27
48 46	34
48 48	31
48 49	18
49 0	30
49 3	34
49 4	19
49 7	47
49 10	15
49 11	48
49 12	17
49 23	0
49 24	41
49 30	13
49 32	36
49 35	20
49 36	9
49 37	3
49 42	23
49 43	26
49 45	42
49 48	44
