50
0 0	44
0 2	33
0 3	29
0 4	39
0 5	3
0 6	16
0 8	26
0 9	8
0 13	1
0 14	4
0 16	21
0 17	41
0 19	40
0 20	18
0 21	32
0 22	11
0 23	34
0 24	2
0 25	23
0 26	6
0 27	30
0 28	12
0 29	0
0 31	10
0 32	27
0 33	5
0 34	20
0 35	35
0 36	25
0 38	38
0 39	13
0 40	15
0 41	49
0 42	7
0 43	43
0 44	46
0 46	14
0 48	19
0 49	47
1 1	11
1 2	29
1 3	33
1 4	5
1 7	28
1 8	48
1 9	44
1 12	15
1 13	36
1 14	37
1 17	12
1 19	39
1 20	35
1 21	0
1 22	7
1 23	49
1 24	24
1 25	14
1 26	40
1 27	31
1 28	30
1 29	38
1 30	23
1 31	3
1 32	34
1 34	46
1 35	20
1 36	47
1 38	42
1 40	13
1 41	2
1 42	6
1 43	25
1 44	4
1 45	9
1 46	32
1 47	45
1 49	19
2 0	35
2 5	36
2 6	45
2 9	1
2 10	7
2 11	14
2 13	37
2 16	42
2 18	48
2 19	30
2 20	19
2 22	25
2 23	24
2 24	47
2 25	34
2 26	2
2 27	3
2 28	27
2 29	31
2 30	22
2 31	13
2 33	23
2 34	28
2 35	41
2 36	32
2 37	10
2 38	15
2 40	18
2 41	9
2 42	12
2 44	17
2 45	16
2 46	29
2 47	26
2 48	39
3 0	31
3 1	41
3 2	9
3 3	39
3 4	46
3 5	10
3 6	5
3 7	16
3 8	19
3 11	23
3 12	45
3 13	35
3 14	47
3 15	14
3 16	12
3 17	42
3 21	27
3 22	4
3 23	36
3 24	6
3 26	29
3 27	1
3 28	33
3 29	8
3 30	2
3 31	18
3 32	38
3 33	40
3 34	25
3 35	17
3 38	7
3 39	49
3 40	32
3 41	21
3 42	22
3 43	37
3 45	28
3 47	13
3 48	20
3 49	43
4 0	47
4 1	39
4 2	18
4 3	2
4 4	16
4 5	25
4 6	26
4 7	17
4 9	36
4 10	11
4 11	30
4 12	14
4 13	40
4 14	24
4 15	43
4 16	4
4 17	7
4 18	20
4 19	44
4 21	19
4 22	6
4 24	33
4 25	15
4 26	0
4 27	13
4 28	42
4 29	48
4 32	46
4 33	9
4 34	32
4 35	38
4 37	41
4 38	22
4 39	5
4 41	8
4 42	31
4 43	1
4 44	45
4 45	12
4 46	34
4 48	35
5 1	28
5 2	46
5 3	42
5 4	26
5 5	13
5 6	21
5 7	12
5 8	33
5 10	37
5 11	44
5 12	20
5 13	41
5 14	7
5 15	24
5 16	10
5 17	35
5 18	39
5 20	31
5 22	17
5 23	45
5 24	18
5 25	40
5 26	25
5 27	16
5 28	43
5 29	9
5 30	19
5 32	32
5 33	2
5 34	49
5 35	14
5 36	15
5 37	36
5 40	4
5 41	47
5 42	34
5 43	6
5 44	48
5 45	30
5 46	38
5 47	23
5 48	27
5 49	1
6 0	26
6 1	18
6 2	7
6 3	27
6 4	11
6 5	29
6 6	24
6 7	0
6 8	28
6 9	20
6 10	45
6 11	5
6 12	39
6 13	2
6 14	31
6 16	41
6 17	47
6 19	8
6 20	23
6 22	9
6 23	22
6 24	49
6 25	43
6 26	42
6 27	36
6 29	3
6 30	6
6 31	25
6 32	37
6 33	15
6 34	34
6 35	12
6 36	21
6 37	48
6 38	4
6 40	19
6 41	44
6 42	13
6 44	35
6 45	10
6 46	30
6 47	46
6 49	33
7 0	45
7 1	43
7 2	41
7 3	47
7 4	8
7 6	35
7 8	14
7 9	12
7 10	13
7 11	38
7 12	48
7 13	0
7 15	4
7 16	22
7 18	31
7 19	10
7 20	46
7 22	28
7 23	1
7 24	40
7 25	20
7 27	6
7 28	5
7 29	42
7 31	19
7 32	11
7 33	30
7 35	3
7 36	16
7 38	18
7 40	44
7 41	7
7 43	17
7 45	49
7 47	15
7 48	36
7 49	24
8 0	25
8 1	17
8 2	49
8 3	15
8 4	20
8 6	47
8 9	5
8 10	28
8 11	4
8 12	1
8 13	18
8 14	36
8 15	37
8 17	40
8 18	33
8 19	11
8 21	48
8 22	43
8 24	23
8 25	45
8 26	39
8 27	0
8 28	7
8 30	26
8 32	9
8 33	19
8 35	2
8 36	34
8 37	8
8 39	24
8 40	3
8 41	22
8 42	27
8 44	6
8 45	13
8 46	21
8 47	32
8 48	16
8 49	44
9 0	2
9 2	24
9 3	26
9 4	45
9 6	14
9 7	22
9 8	41
9 10	30
9 11	9
9 12	46
9 13	47
9 15	49
9 16	16
9 17	13
9 18	34
9 19	15
9 20	4
9 21	39
9 22	0
9 23	28
9 26	27
9 27	37
9 28	35
9 29	44
9 30	20
9 31	11
9 32	5
9 33	29
9 34	40
9 36	48
9 37	17
9 38	6
9 41	42
9 42	1
9 43	8
9 44	21
9 46	36
9 47	19
9 48	23
9 49	12
10 0	29
10 1	31
10 2	11
10 3	36
10 4	25
10 5	7
10 6	41
10 10	18
10 11	40
10 12	23
10 13	49
10 14	48
10 15	10
10 16	8
10 17	0
10 22	2
10 23	42
10 24	21
10 25	17
10 26	34
10 27	4
10 28	16
10 29	32
10 30	14
10 31	46
10 32	6
10 33	24
10 34	19
10 37	13
10 40	35
10 41	37
10 42	43
10 43	9
10 45	38
10 46	20
10 47	47
10 48	5
10 49	30
11 0	8
11 1	23
11 2	16
11 3	1
11 4	47
11 5	0
11 6	38
11 8	31
11 9	41
11 10	35
11 11	2
11 12	12
11 14	17
11 15	33
11 16	28
11 17	26
11 18	46
11 19	9
11 20	3
11 21	14
11 22	15
11 23	11
11 24	27
11 25	5
11 26	21
11 28	10
11 29	22
11 30	42
11 31	44
11 32	29
11 33	36
11 34	39
11 36	43
11 37	6
11 38	49
11 40	30
11 41	13
11 43	4
11 44	20
11 45	25
11 47	34
11 49	40
12 0	34
12 1	12
12 2	10
12 3	32
12 4	17
12 5	16
12 6	46
12 7	48
12 8	43
12 9	23
12 10	44
12 11	29
12 12	22
12 13	8
12 14	33
12 15	38
12 16	14
12 17	19
12 18	18
12 19	45
12 24	26
12 25	30
12 26	9
12 27	27
12 28	0
12 29	7
12 30	49
12 31	41
12 32	25
12 33	4
12 34	42
12 35	15
12 37	11
12 38	40
12 39	6
12 41	20
12 42	47
12 43	28
12 44	5
12 45	35
12 46	1
12 47	37
12 48	31
12 49	3
13 0	42
13 1	29
13 2	32
13 3	17
13 4	33
13 5	40
13 6	4
13 8	49
13 9	0
13 10	10
13 12	11
13 14	44
13 16	26
13 19	23
13 21	37
13 23	14
13 24	35
13 25	38
13 26	5
13 27	39
13 28	24
13 29	21
13 30	31
13 31	48
13 32	1
13 33	47
13 34	13
13 37	30
13 38	3
13 39	41
13 40	43
13 41	27
13 42	28
13 43	45
13 46	8
13 48	6
13 49	2
14 0	39
14 2	35
14 3	45
14 4	18
14 6	43
14 8	2
14 9	9
14 10	46
14 11	8
14 12	5
14 13	30
14 19	37
14 21	28
14 22	29
14 23	15
14 24	16
14 25	32
14 26	12
14 27	49
14 29	19
14 30	25
14 31	1
14 32	24
14 33	10
14 35	7
14 36	31
14 37	21
14 38	33
14 39	11
14 40	42
14 41	41
14 42	4
14 43	47
14 45	0
14 46	23
14 48	13
14 49	26
15 0	27
15 2	43
15 3	23
15 4	35
15 6	11
15 8	24
15 9	13
15 10	9
15 11	12
15 12	18
15 13	26
15 14	28
15 18	42
15 19	22
15 21	36
15 22	1
15 23	8
15 24	41
15 27	21
15 29	47
15 30	48
15 31	15
15 33	3
15 35	39
15 36	38
15 37	49
15 39	46
15 40	14
15 43	31
15 44	7
15 46	33
15 47	30
15 48	17
15 49	16
16 1	7
16 4	10
16 5	2
16 6	42
16 7	8
16 10	22
16 11	3
16 12	13
16 13	9
16 15	1
16 16	30
16 17	38
16 18	49
16 21	35
16 22	45
16 23	26
16 24	4
16 25	27
16 26	37
16 27	48
16 28	20
16 29	15
16 30	40
16 31	5
16 32	44
16 33	21
16 34	14
16 35	34
16 36	0
16 37	28
16 39	16
16 40	31
16 41	43
16 42	17
16 43	11
16 44	47
16 46	24
16 47	39
16 48	25
17 0	43
17 1	0
17 2	36
17 4	24
17 5	21
17 7	23
17 8	13
17 9	16
17 10	38
17 11	28
17 13	29
17 15	46
17 16	37
17 17	5
17 18	9
17 19	6
17 20	17
17 21	30
17 22	26
17 23	3
17 24	22
17 25	49
17 26	4
17 27	35
17 28	18
17 31	20
17 32	31
17 33	27
17 34	33
17 35	42
17 38	39
17 39	47
17 40	41
17 41	1
17 43	48
17 45	7
17 46	45
17 47	2
17 48	8
17 49	25
18 0	18
18 1	1
18 2	2
18 4	21
18 5	26
18 6	17
18 7	42
18 8	20
18 9	30
18 12	4
18 13	48
18 15	9
18 16	3
18 17	24
18 18	44
18 19	38
18 20	49
18 21	43
18 22	23
18 24	10
18 25	12
18 26	47
18 27	14
18 29	37
18 30	16
18 31	33
18 32	19
18 33	45
18 34	7
18 35	36
18 36	13
18 38	32
18 39	35
18 40	28
18 41	25
18 42	29
18 43	5
18 44	31
18 45	39
18 46	46
18 47	41
18 48	34
18 49	8
19 0	4
19 3	9
19 4	29
19 9	17
19 10	39
19 12	35
19 13	22
19 14	42
19 15	16
19 16	48
19 17	37
19 21	12
19 22	38
19 23	30
19 24	1
19 25	31
19 26	24
19 29	28
19 30	11
19 31	14
19 32	8
19 33	44
19 35	5
19 36	33
19 37	26
19 38	13
19 39	19
19 40	20
19 41	34
19 42	32
19 43	7
19 44	36
19 45	3
19 46	41
19 47	43
19 48	10
19 49	0
20 0	23
20 1	32
20 2	8
20 3	44
20 4	22
20 5	15
20 6	3
20 7	19
20 8	40
20 9	10
20 11	18
20 12	26
20 13	28
20 15	29
20 16	24
20 17	31
20 18	21
20 19	7
20 20	39
20 21	25
20 22	48
20 23	47
20 24	0
20 25	46
20 27	41
20 29	4
20 30	37
20 31	12
20 32	2
20 34	16
20 35	13
20 36	1
20 37	43
20 38	30
20 39	42
20 40	17
20 41	38
20 42	49
20 43	14
20 45	20
20 47	36
20 48	33
21 0	1
21 1	5
21 2	12
21 3	0
21 5	42
21 6	34
21 7	29
21 8	25
21 10	47
21 11	46
21 12	43
21 13	16
21 15	8
21 16	27
21 17	44
21 18	35
21 21	31
21 22	33
21 23	2
21 24	19
21 26	38
21 27	10
21 28	6
21 29	14
21 30	24
21 31	7
21 32	30
21 33	17
21 34	36
21 35	4
21 36	40
21 38	20
21 39	45
21 42	3
21 43	32
21 44	41
21 45	11
21 46	48
21 47	9
21 48	21
21 49	22
22 0	22
22 1	36
22 2	1
22 3	7
22 5	14
22 6	6
22 7	9
22 8	5
22 9	46
22 10	31
22 11	11
22 13	13
22 14	25
22 15	41
22 16	15
22 17	20
22 20	2
22 21	4
22 22	16
22 23	27
22 24	39
22 27	32
22 28	8
22 29	26
22 30	35
22 31	40
22 32	47
22 34	12
22 37	18
22 39	23
22 40	37
22 41	33
22 42	0
22 43	44
22 44	30
22 45	34
22 47	10
22 48	43
22 49	45
23 0	15
23 1	45
23 2	38
23 3	10
23 4	3
23 5	31
23 7	49
23 8	27
23 10	36
23 11	33
23 12	34
23 13	19
23 15	6
23 16	7
23 19	16
23 20	42
23 21	41
23 22	44
23 23	12
23 24	20
23 25	24
23 26	48
23 27	47
23 28	25
23 29	30
23 30	43
23 31	0
23 32	13
23 33	8
23 34	5
23 35	29
23 36	4
23 37	9
23 38	37
23 39	14
23 40	22
23 41	39
23 42	26
23 43	18
23 44	11
23 45	1
23 46	28
23 47	35
23 48	2
24 0	33
24 1	21
24 3	14
24 4	31
24 7	41
24 8	32
24 9	6
24 11	13
24 12	25
24 13	5
24 14	39
24 15	40
24 16	11
24 17	18
24 18	29
24 19	48
24 20	8
24 21	47
24 22	30
24 23	23
24 24	17
24 25	4
24 26	20
24 28	37
24 29	45
24 30	10
24 31	38
24 33	35
24 35	16
24 36	19
24 37	7
24 38	26
24 39	15
24 41	24
24 42	36
24 43	46
24 44	42
24 45	2
24 46	44
24 47	1
24 48	49
25 0	21
25 2	20
25 3	24
25 4	12
25 5	4
25 6	30
25 8	39
25 9	7
25 10	5
25 11	34
25 12	49
25 13	44
25 14	35
25 16	47
25 17	2
25 19	46
25 20	10
25 21	18
25 22	32
25 23	0
25 24	37
25 25	16
25 26	11
25 27	19
25 29	29
25 30	13
25 31	8
25 32	43
25 33	48
25 34	27
25 36	6
25 37	14
25 39	28
25 40	45
25 41	17
25 42	38
25 43	41
25 44	22
25 45	31
25 46	3
25 48	9
25 49	15
26 1	46
26 2	26
26 3	31
26 4	30
26 5	11
26 6	23
26 7	47
26 8	15
26 9	3
26 10	32
26 12	8
26 13	4
26 14	1
26 15	22
26 16	38
26 17	33
26 20	12
26 21	17
26 22	21
26 23	39
26 24	34
26 25	0
26 27	43
26 28	44
26 30	27
26 32	7
26 33	37
26 34	6
26 36	20
26 37	45
26 39	10
26 40	48
26 41	5
26 43	19
26 44	2
26 45	29
26 46	25
26 48	41
26 49	28
27 0	46
27 1	22
27 2	44
27 3	13
27 5	48
27 7	20
27 9	14
27 10	25
27 11	19
27 12	47
27 14	29
27 15	31
27 17	32
27 18	37
27 19	26
27 20	7
27 21	9
27 22	27
27 24	45
27 25	41
27 26	8
27 27	2
27 29	5
27 30	17
27 31	36
27 32	10
27 33	12
27 34	30
27 36	42
27 37	38
27 38	11
27 40	0
27 41	3
27 42	39
27 43	35
27 44	1
27 45	33
27 46	40
27 48	24
27 49	21
28 0	19
28 1	40
28 2	39
28 3	35
28 6	0
28 7	13
28 8	42
28 9	34
28 11	43
28 12	9
28 13	46
28 14	3
28 15	2
28 16	23
28 17	49
28 18	27
28 19	29
28 20	30
28 21	15
28 22	37
28 23	4
28 25	11
28 26	36
28 27	38
28 28	14
28 29	25
28 30	7
28 31	47
28 32	45
28 33	18
28 34	1
28 36	17
28 37	44
28 39	12
28 40	8
28 41	16
28 42	10
28 43	22
28 44	33
28 45	41
28 46	26
28 47	21
28 48	32
28 49	48
29 0	7
29 1	26
29 2	17
29 4	38
29 5	35
29 6	48
29 8	3
29 9	47
29 10	33
29 11	20
29 12	21
29 13	10
29 14	2
29 15	36
29 16	34
29 17	9
29 18	23
29 19	27
29 21	6
29 22	24
29 24	8
29 25	18
29 26	45
29 28	46
29 29	40
29 30	39
29 33	43
29 36	22
29 38	1
29 39	30
29 41	14
29 42	19
29 43	0
29 44	29
29 45	15
29 47	25
29 49	13
30 1	8
30 3	30
30 4	14
30 5	41
30 7	1
30 8	35
30 9	42
30 10	16
30 12	31
30 13	11
30 14	21
30 16	9
30 19	24
30 20	6
30 21	5
30 22	10
30 23	44
30 24	13
30 25	33
30 26	7
30 27	23
30 28	32
30 29	43
30 31	34
30 32	3
30 33	28
30 34	18
30 35	48
30 36	29
30 37	19
30 38	12
30 39	36
30 40	40
30 41	0
30 42	46
30 43	27
30 45	4
30 46	47
30 47	20
30 48	22
30 49	49
31 0	40
31 1	25
31 3	41
31 4	48
31 5	8
31 6	33
31 7	26
31 8	16
31 9	28
31 10	14
31 11	36
31 12	29
31 13	3
31 15	19
31 16	0
31 18	15
31 20	27
31 21	2
31 22	20
31 23	7
31 25	35
31 26	46
31 27	11
31 29	10
31 30	44
31 31	45
31 32	42
31 34	31
31 35	18
31 36	49
31 38	23
31 40	39
31 41	4
31 42	21
31 43	24
31 44	34
31 47	38
31 48	12
32 0	13
32 2	45
32 4	44
32 6	37
32 7	10
32 8	47
32 10	8
32 11	27
32 12	19
32 13	38
32 14	30
32 15	12
32 17	4
32 18	0
32 19	18
32 20	16
32 21	7
32 23	25
32 24	11
32 25	39
32 26	1
32 27	5
32 28	9
32 29	34
32 30	36
32 31	31
32 32	23
32 34	22
32 35	24
32 36	3
32 38	43
32 39	40
32 40	2
32 41	15
32 42	35
32 43	33
32 44	28
32 47	29
32 49	17
33 0	0
33 2	31
33 3	16
33 4	9
33 6	15
33 7	39
33 8	1
33 9	38
33 11	22
33 12	32
33 13	27
33 14	34
33 15	17
33 16	25
33 17	8
33 18	19
33 19	12
33 20	28
33 21	11
33 22	47
33 23	33
33 24	43
33 25	42
33 26	30
33 27	45
33 28	36
33 29	13
33 30	18
33 31	4
33 32	21
33 33	14
33 35	10
33 36	26
33 37	3
33 40	6
33 41	29
33 42	48
33 43	49
33 44	23
33 45	44
33 46	37
33 48	40
33 49	35
34 0	9
34 1	30
34 2	4
34 3	25
34 4	13
34 5	47
34 6	29
34 7	45
34 8	37
34 9	49
34 10	1
34 11	17
34 13	31
34 14	11
34 15	44
34 16	2
34 17	21
34 20	32
34 21	16
34 22	22
34 24	5
34 25	8
34 26	15
34 27	20
34 28	19
34 30	28
34 31	6
34 34	38
34 35	40
34 36	39
34 37	46
34 38	48
34 39	3
34 40	7
34 41	23
34 42	33
34 43	34
34 44	24
34 46	12
34 47	27
34 49	10
35 0	41
35 1	24
35 4	4
35 5	45
35 6	20
35 7	2
35 8	29
35 11	26
35 12	7
35 13	43
35 14	46
35 15	3
35 16	44
35 17	1
35 19	36
35 22	31
35 25	9
35 26	13
35 27	18
35 28	38
35 31	28
35 32	39
35 33	34
35 34	48
35 35	33
35 37	32
35 38	47
35 40	21
35 41	35
35 42	30
35 44	15
35 45	6
35 46	42
35 47	12
35 48	37
36 0	32
36 1	38
36 2	37
36 3	40
36 4	49
36 6	27
36 8	44
36 9	25
36 10	19
36 12	10
36 13	15
36 14	12
36 16	20
36 17	16
36 18	14
36 19	42
36 21	33
36 22	36
36 23	31
36 24	7
36 26	28
36 27	9
36 28	26
36 29	2
36 30	21
36 32	22
36 34	23
36 36	30
36 37	4
36 38	17
36 39	29
36 42	41
36 43	39
36 44	0
36 45	5
36 46	43
36 47	6
36 48	3
36 49	18
37 0	28
37 2	13
37 3	5
37 4	32
37 5	22
37 7	6
37 9	2
37 10	49
37 11	37
37 12	17
37 13	7
37 14	16
37 15	42
37 16	39
37 17	3
37 18	12
37 19	31
37 20	40
37 21	1
37 22	18
37 24	9
37 25	10
37 26	14
37 27	24
37 28	34
37 29	27
37 30	4
37 31	35
37 33	33
37 34	43
37 35	30
37 36	36
37 37	23
37 38	45
37 39	21
37 41	26
37 42	44
37 43	38
37 44	25
37 45	47
37 46	15
37 49	29
38 0	14
38 1	6
38 2	47
38 3	34
38 4	36
38 6	44
38 7	30
38 8	38
38 9	45
38 11	10
38 15	21
38 16	1
38 17	23
38 18	41
38 19	20
38 20	22
38 22	49
38 25	19
38 26	43
38 27	15
38 28	28
38 29	17
38 30	46
38 31	37
38 32	4
38 33	31
38 35	27
38 36	35
38 37	33
38 38	0
38 39	9
38 42	42
38 43	3
38 45	8
38 47	18
38 48	7
38 49	39
39 0	20
39 1	15
39 2	3
39 4	0
39 6	49
39 7	43
39 8	17
39 10	12
39 11	47
39 12	38
39 13	23
39 14	27
39 15	30
39 16	35
39 17	45
39 18	7
39 19	33
39 20	11
39 21	10
39 22	40
39 23	18
39 24	42
39 25	2
39 26	41
39 27	34
39 29	46
39 30	29
39 31	22
39 32	16
39 33	39
39 34	9
39 35	44
39 36	14
39 37	1
39 38	19
39 39	25
39 40	36
39 41	31
39 43	26
39 44	13
39 45	24
39 46	5
40 0	12
40 1	16
40 2	42
40 3	37
40 4	27
40 5	19
40 6	25
40 7	24
40 8	30
40 9	35
40 11	1
40 12	28
40 13	33
40 15	18
40 16	29
40 17	39
40 18	38
40 19	41
40 20	13
40 22	5
40 23	40
40 24	48
40 25	44
40 26	49
40 27	26
40 28	3
40 30	47
40 31	32
40 32	14
40 34	8
40 36	45
40 37	0
40 40	11
40 41	36
40 42	9
40 43	10
40 44	43
40 45	17
40 46	7
40 47	4
40 49	46
41 0	37
41 1	9
41 2	30
41 3	12
41 5	23
41 7	21
41 8	34
41 9	43
41 10	27
41 11	49
41 12	40
41 13	39
41 15	45
41 16	46
41 17	15
41 18	11
41 20	33
41 21	24
41 22	3
41 25	22
41 26	26
41 27	25
41 28	41
41 30	8
41 31	2
41 32	18
41 33	16
41 34	44
41 36	7
41 37	35
41 38	31
41 39	38
41 41	28
41 43	36
41 44	10
41 45	32
41 46	13
41 47	17
41 48	48
41 49	42
42 0	17
42 1	3
42 3	11
42 4	2
42 5	49
42 8	7
42 9	18
42 13	21
42 15	0
42 16	13
42 17	29
42 18	32
42 19	19
42 22	42
42 23	35
42 26	22
42 27	12
42 29	6
42 30	33
42 32	48
42 34	26
42 35	47
42 36	46
42 37	40
42 38	16
42 40	9
42 41	10
42 43	20
42 44	14
42 45	23
42 46	39
42 47	5
42 48	30
42 49	38
43 0	30
43 1	47
43 3	20
43 4	23
43 6	22
43 7	5
43 10	26
43 12	41
43 13	12
43 14	19
43 15	7
43 18	8
43 19	34
43 20	38
43 22	35
43 23	46
43 24	3
43 25	21
43 27	17
43 28	1
43 29	24
43 30	0
43 31	39
43 32	15
43 33	42
43 34	2
43 35	11
43 36	37
43 37	29
43 38	28
43 39	43
43 40	25
43 42	16
43 43	13
43 44	49
43 45	27
43 46	10
43 47	14
43 48	18
44 0	24
44 1	35
44 2	48
44 3	43
44 4	7
44 5	30
44 6	18
44 7	36
44 8	11
44 10	42
44 11	16
44 12	6
44 13	45
44 14	8
44 15	20
44 16	49
44 17	22
44 18	3
44 19	2
44 20	0
44 21	21
44 22	34
44 23	38
44 25	13
44 26	23
44 27	33
44 28	39
44 30	41
44 31	17
44 33	1
44 36	5
44 37	37
44 38	9
44 39	32
44 40	27
44 41	19
44 42	25
44 43	15
44 44	44
44 45	14
44 47	40
44 48	47
44 49	4
45 1	44
45 2	34
45 3	3
45 4	1
45 5	6
45 6	13
45 7	18
45 8	9
45 9	40
45 10	48
45 11	41
45 12	2
45 13	14
45 15	47
45 18	24
45 19	17
45 20	43
45 21	20
45 23	37
45 25	25
45 27	8
45 28	22
45 29	36
45 30	32
45 32	49
45 33	46
45 34	4
45 35	21
45 36	12
45 37	39
45 38	35
45 39	33
45 40	38
45 41	30
45 42	45
45 43	23
45 44	27
45 45	42
45 46	0
45 47	11
45 48	29
45 49	7
46 0	48
46 1	37
46 2	0
46 3	21
46 4	41
46 5	39
46 6	36
46 7	7
46 8	23
46 9	32
46 10	15
46 11	31
46 13	25
46 14	22
46 15	35
46 16	33
46 17	6
46 18	4
46 19	43
46 20	47
46 21	26
46 22	8
46 23	13
46 24	28
46 25	29
46 27	42
46 28	2
46 29	1
46 30	38
46 31	9
46 32	17
46 34	3
46 35	19
46 36	11
46 38	34
46 39	44
46 40	12
46 41	40
46 42	24
46 43	30
46 44	18
46 45	45
46 46	49
46 48	46
47 1	13
47 2	25
47 3	48
47 5	27
47 6	9
47 7	3
47 8	8
47 9	22
47 10	23
47 11	35
47 12	30
47 13	34
47 14	38
47 15	39
47 16	45
47 17	14
47 18	5
47 19	47
47 20	1
47 21	46
47 23	32
47 24	44
47 26	17
47 27	29
47 28	31
47 29	18
47 31	21
47 33	0
47 34	24
47 35	43
47 36	28
47 38	10
47 39	2
47 41	6
47 42	11
47 43	12
47 44	40
47 45	26
47 46	4
47 47	33
47 49	37
48 0	11
48 1	19
48 4	15
48 5	38
48 6	10
48 7	14
48 8	18
48 9	24
48 10	4
48 11	39
48 12	37
48 13	42
48 14	32
48 15	23
48 16	17
48 17	30
48 18	6
48 19	3
48 20	34
48 21	45
48 23	9
48 24	12
48 25	36
48 26	16
48 27	46
48 28	49
48 29	33
48 30	1
48 31	43
48 32	40
48 33	7
48 34	47
48 36	41
48 37	25
48 38	27
48 39	31
48 40	29
48 41	48
48 42	20
48 43	2
48 45	22
48 46	35
48 49	5
49 0	5
49 1	34
49 2	14
49 3	8
49 4	43
49 5	1
49 6	7
49 8	6
49 9	27
49 10	2
49 11	0
49 12	33
49 13	17
49 15	13
49 16	19
49 17	36
49 18	47
49 21	42
49 22	46
49 23	10
49 24	32
49 25	37
49 26	3
49 27	28
49 28	48
49 30	30
49 31	23
49 32	20
49 33	49
49 34	35
49 35	22
49 37	12
49 38	21
49 39	4
49 40	26
49 41	11
49 42	15
49 43	29
49 44	16
49 46	18
49 48	38
