50
0 1	12
0 7	7
0 9	37
0 13	27
0 17	22
0 18	5
0 19	4
0 20	49
0 21	26
0 22	42
0 23	39
0 24	25
0 25	29
0 29	41
0 30	18
0 35	9
0 36	13
0 37	47
0 38	23
0 40	33
0 42	14
0 46	38
0 48	19
1 1	38
1 2	30
1 5	12
1 7	23
1 8	25
1 9	49
1 11	17
1 14	21
1 16	46
1 17	41
1 18	19
1 19	3
1 23	0
1 24	32
1 25	11
1 28	44
1 30	2
1 33	28
1 36	7
1 37	8
1 38	47
1 41	27
1 44	29
1 45	31
1 47	45
1 48	24
1 49	34
2 2	33
2 6	4
2 7	29
2 8	48
2 10	15
2 11	8
2 12	37
2 14	49
2 16	7
2 20	3
2 22	25
2 23	38
2 24	26
2 26	9
2 30	5
2 31	11
2 32	35
2 33	41
2 34	13
2 35	28
2 36	20
2 37	27
2 38	24
2 39	39
2 40	32
2 41	17
2 42	21
2 43	23
2 44	45
2 45	47
2 46	30
2 47	40
2 48	1
2 49	19
3 3	17
3 4	26
3 6	42
3 7	6
3 8	30
3 9	46
3 12	5
3 13	44
3 14	39
3 16	41
3 19	28
3 20	10
3 21	16
3 23	2
3 24	35
3 25	3
3 27	48
3 28	9
3 29	18
3 31	20
3 34	43
3 41	38
3 43	47
3 45	45
3 46	13
3 47	23
3 49	49
4 0	20
4 2	17
4 3	3
4 4	5
4 5	47
4 6	31
4 7	14
4 8	27
4 9	23
4 10	42
4 13	16
4 15	18
4 17	39
4 18	4
4 20	21
4 21	8
4 22	6
4 23	1
4 24	19
4 25	33
4 26	12
4 27	9
4 29	22
4 31	41
4 33	44
4 34	38
4 36	10
4 37	46
4 41	35
4 42	15
4 44	0
4 45	11
4 46	26
4 48	7
4 49	28
5 0	34
5 1	47
5 2	43
5 3	24
5 4	42
5 7	5
5 8	21
5 12	33
5 14	30
5 15	10
5 17	32
5 20	19
5 24	7
5 27	23
5 33	38
5 35	40
5 37	6
5 39	17
5 42	45
5 43	0
5 44	44
5 45	2
5 47	12
5 48	25
6 0	18
6 2	36
6 3	14
6 4	30
6 5	15
6 6	32
6 8	4
6 10	25
6 11	42
6 13	38
6 14	37
6 15	7
6 16	29
6 17	48
6 18	16
6 19	24
6 21	41
6 22	20
6 24	27
6 25	2
6 26	8
6 28	45
6 30	0
6 32	9
6 33	12
6 35	23
6 36	35
6 37	11
6 40	1
6 43	33
6 46	47
6 47	39
6 48	3
7 0	0
7 2	49
7 4	45
7 6	25
7 7	10
7 12	42
7 15	41
7 16	23
7 17	43
7 18	21
7 21	18
7 23	14
7 25	17
7 26	5
7 28	30
7 29	46
7 36	2
7 37	33
7 39	38
7 40	22
7 41	32
7 42	24
7 43	4
7 44	39
7 46	40
7 47	37
7 48	36
7 49	20
8 1	4
8 4	24
8 6	15
8 7	22
8 11	0
8 12	39
8 13	32
8 15	1
8 17	20
8 18	11
8 20	41
8 21	10
8 24	29
8 25	37
8 27	2
8 28	46
8 29	7
8 30	43
8 31	14
8 32	5
8 33	9
8 34	23
8 35	48
8 36	17
8 37	34
8 39	36
8 40	42
8 42	40
8 43	31
8 44	6
8 46	18
8 47	47
9 0	13
9 2	35
9 4	25
9 5	4
9 6	8
9 9	36
9 10	9
9 11	27
9 14	38
9 15	40
9 16	30
9 18	17
9 19	6
9 21	0
9 24	11
9 25	43
9 26	18
9 28	49
9 29	23
9 31	22
9 32	26
9 33	37
9 34	5
9 36	44
9 40	45
9 41	19
9 43	2
9 47	3
9 49	24
10 2	41
10 3	37
10 5	42
10 7	45
10 8	47
10 9	24
10 10	48
10 11	4
10 16	6
10 18	40
10 19	32
10 20	28
10 22	26
10 23	21
10 24	2
10 25	23
10 26	44
10 28	18
10 29	25
10 30	16
10 31	15
10 34	8
10 35	49
10 36	0
10 37	36
10 38	39
10 39	46
10 40	9
10 41	12
10 46	19
10 47	30
11 1	16
11 2	47
11 3	46
11 4	23
11 5	45
11 6	11
11 9	32
11 10	34
11 12	4
11 15	19
11 16	14
11 18	28
11 19	49
11 20	40
11 21	15
11 22	43
11 23	35
11 25	1
11 27	27
11 28	48
11 29	36
11 30	3
11 31	24
11 33	42
11 35	29
11 36	26
11 38	25
11 40	30
11 41	21
11 42	22
11 43	37
11 45	7
11 47	18
11 49	44
12 1	22
12 4	4
12 6	44
12 7	26
12 8	10
12 10	8
12 11	20
12 12	32
12 14	41
12 15	28
12 16	16
12 17	19
12 18	33
12 21	23
12 22	9
12 24	24
12 25	36
12 29	6
12 30	31
12 31	2
12 32	48
12 35	1
12 36	30
12 37	17
12 39	18
12 40	7
12 41	37
12 42	12
12 43	25
12 44	49
12 46	46
12 48	45
12 49	15
13 0	39
13 3	26
13 4	44
13 7	20
13 9	47
13 10	22
13 11	38
13 13	11
13 14	34
13 19	14
13 20	31
13 21	40
13 22	10
13 24	4
13 26	6
13 28	32
13 29	2
13 31	19
13 32	1
13 33	25
13 34	36
13 35	17
13 37	48
13 39	12
13 40	15
13 41	13
13 42	23
13 43	9
13 46	37
13 47	35
13 48	46
13 49	45
14 0	11
14 1	32
14 2	28
14 3	40
14 5	44
14 7	27
14 9	41
14 11	5
14 14	16
14 15	33
14 16	20
14 17	4
14 19	19
14 20	35
14 21	9
14 22	23
14 23	42
14 24	46
14 27	36
14 28	43
14 29	24
14 30	48
14 31	45
14 32	30
14 33	10
14 35	25
14 40	34
14 42	7
14 43	18
14 44	38
14 45	21
14 46	29
14 47	31
14 48	2
14 49	14
15 1	8
15 3	27
15 4	36
15 6	38
15 7	0
15 8	20
15 11	18
15 12	1
15 13	26
15 15	21
15 16	12
15 18	48
15 20	42
15 21	13
15 23	6
15 24	30
15 25	31
15 26	11
15 28	16
15 29	19
15 30	9
15 31	40
15 35	45
15 36	24
15 37	3
15 40	17
15 41	43
15 43	49
15 44	22
15 46	14
15 48	28
15 49	25
16 1	36
16 2	20
16 4	47
16 5	8
16 6	27
16 7	48
16 8	14
16 11	26
16 13	18
16 15	35
16 17	49
16 20	32
16 21	28
16 22	7
16 24	33
16 25	25
16 26	1
16 27	3
16 29	30
16 30	29
16 31	37
16 35	13
16 36	4
16 37	45
16 38	11
16 39	40
16 40	44
16 41	31
16 42	34
16 44	19
16 45	16
16 48	23
16 49	38
17 0	12
17 2	13
17 3	42
17 5	24
17 7	36
17 8	0
17 9	11
17 11	29
17 12	26
17 13	41
17 15	9
17 17	6
17 18	14
17 21	45
17 23	44
17 25	40
17 26	4
17 28	37
17 37	16
17 38	2
17 40	10
17 41	47
17 43	21
17 44	48
17 45	5
17 46	32
17 47	7
17 48	30
18 0	36
18 1	30
18 2	46
18 3	11
18 4	22
18 6	26
18 7	31
18 12	16
18 13	19
18 16	44
18 17	23
18 18	29
18 19	35
18 21	25
18 23	7
18 24	40
18 27	34
18 28	20
18 29	39
18 30	6
18 31	0
18 33	13
18 35	24
18 37	2
18 38	43
18 39	42
18 42	5
18 43	8
18 44	32
18 45	14
18 46	1
18 47	21
18 48	38
18 49	17
19 1	3
19 3	44
19 5	46
19 6	33
19 7	43
19 8	39
19 9	26
19 10	47
19 11	16
19 13	40
19 15	42
19 18	2
19 20	25
19 24	38
19 25	28
19 26	20
19 27	41
19 29	1
19 30	14
19 31	8
19 32	13
19 33	17
19 35	22
19 36	49
19 37	21
19 38	29
19 41	5
19 45	37
19 46	11
19 47	10
19 49	31
20 1	26
20 3	29
20 4	1
20 6	46
20 8	19
20 9	39
20 10	40
20 12	43
20 14	4
20 17	17
20 18	25
20 21	33
20 22	5
20 23	27
20 24	18
20 28	34
20 29	11
20 30	41
20 31	32
20 33	47
20 36	31
20 37	38
20 39	23
20 40	20
20 41	22
20 42	9
20 43	42
20 44	36
20 48	16
21 0	45
21 1	42
21 7	47
21 8	37
21 9	5
21 11	46
21 13	6
21 18	27
21 20	38
21 26	16
21 30	22
21 32	12
21 34	1
21 35	11
21 36	32
21 38	0
21 40	2
21 43	7
21 46	4
21 47	48
22 2	5
22 4	37
22 5	9
22 9	30
22 11	7
22 12	3
22 15	25
22 16	26
22 18	10
22 19	11
22 20	48
22 22	19
22 24	21
22 25	34
22 26	47
22 28	33
22 31	29
22 34	49
22 35	46
22 36	23
22 37	22
22 42	44
22 44	15
22 45	1
23 0	33
23 1	37
23 3	13
23 4	9
23 5	43
23 7	3
23 9	19
23 10	11
23 12	40
23 13	35
23 14	26
23 15	20
23 18	32
23 19	41
23 20	14
23 21	27
23 22	45
23 23	25
23 24	16
23 27	22
23 28	0
23 31	36
23 32	49
23 33	46
23 34	48
23 37	44
23 38	10
23 40	24
23 41	7
23 42	30
23 46	31
23 47	4
23 49	18
24 1	0
24 2	27
24 4	21
24 5	10
24 6	41
24 9	7
24 10	14
24 12	15
24 13	49
24 14	18
24 16	43
24 17	11
24 21	46
24 22	17
24 23	9
24 25	5
24 29	20
24 31	30
24 32	8
24 35	3
24 36	28
24 37	13
24 38	19
24 41	39
24 44	34
24 48	31
24 49	37
25 0	4
25 3	10
25 4	0
25 6	1
25 7	16
25 8	6
25 10	17
25 11	31
25 12	12
25 14	22
25 15	15
25 17	46
25 18	36
25 19	8
25 20	23
25 21	3
25 22	24
25 23	48
25 26	25
25 27	38
25 28	2
25 29	14
25 32	45
25 36	37
25 37	43
25 38	21
25 39	27
25 40	28
25 43	32
25 44	20
25 45	13
25 46	41
25 48	11
25 49	26
26 1	25
26 2	22
26 3	1
26 4	29
26 6	12
26 7	11
26 8	15
26 9	3
26 11	6
26 12	18
26 14	32
26 16	42
26 19	43
26 20	36
26 21	7
26 22	35
26 23	34
26 24	44
26 26	24
26 27	13
26 28	40
26 29	9
26 30	8
26 31	48
26 35	37
26 37	39
26 38	45
26 39	10
26 40	0
26 41	33
26 42	17
26 43	26
26 44	21
26 45	38
26 47	16
26 49	2
27 0	21
27 1	41
27 5	17
27 9	10
27 10	36
27 11	43
27 12	44
27 13	1
27 15	2
27 16	11
27 18	47
27 19	18
27 20	7
27 21	48
27 22	29
27 25	32
27 26	19
27 27	45
27 28	8
27 29	26
27 30	42
27 34	6
27 35	34
27 36	22
27 40	49
27 42	27
27 43	15
27 44	33
27 45	23
27 47	5
27 49	16
28 1	35
28 2	2
28 5	26
28 6	9
28 7	46
28 8	8
28 9	28
28 11	47
28 12	30
28 13	21
28 14	12
28 16	3
28 18	24
28 20	34
28 22	22
28 25	38
28 28	36
28 30	13
28 31	42
28 33	20
28 34	18
28 35	4
28 37	41
28 38	44
28 39	25
28 40	40
28 41	0
28 43	45
28 44	31
28 46	48
28 49	1
29 1	10
29 4	46
29 5	22
29 6	7
29 8	42
29 10	38
29 11	23
29 12	14
29 15	4
29 16	8
29 18	12
29 20	43
29 21	32
29 22	3
29 23	36
29 24	45
29 25	16
29 26	48
29 27	28
29 28	47
29 29	31
29 31	5
29 33	27
29 35	30
29 37	40
29 38	15
29 40	21
29 44	37
29 45	9
29 46	20
29 48	26
29 49	0
30 2	6
30 6	23
30 8	2
30 11	9
30 14	27
30 15	39
30 17	29
30 18	30
30 21	43
30 22	32
30 24	20
30 27	21
30 30	38
30 31	47
30 32	3
30 34	33
30 35	15
30 37	37
30 38	5
30 39	28
30 41	18
30 42	42
30 44	10
30 45	26
30 48	48
31 0	19
31 1	29
31 3	33
31 4	28
31 6	40
31 7	18
31 8	46
31 9	6
31 10	37
31 15	8
31 16	39
31 17	0
31 18	1
31 19	31
31 20	30
31 22	38
31 26	32
31 28	35
31 29	42
31 30	15
31 32	34
31 35	10
31 36	47
31 37	5
31 38	16
31 40	11
31 42	36
31 43	12
31 44	25
31 45	27
31 49	21
32 0	47
32 2	9
32 3	5
32 6	0
32 9	17
32 10	28
32 11	24
32 15	16
32 16	27
32 18	26
32 21	12
32 23	4
32 24	6
32 25	41
32 27	37
32 28	19
32 30	39
32 31	34
32 32	38
32 35	21
32 37	7
32 39	33
32 40	36
32 41	2
32 42	48
32 45	25
32 49	42
33 0	22
33 1	23
33 2	18
33 3	32
33 4	34
33 5	0
33 6	13
33 8	43
33 11	1
33 14	36
33 15	26
33 16	33
33 17	31
33 19	15
33 21	4
33 22	48
33 23	47
33 26	35
33 27	19
33 28	24
33 29	49
33 30	11
33 31	17
33 33	16
33 34	45
33 38	40
33 40	46
33 41	3
33 45	39
33 46	12
33 47	9
33 48	29
34 2	15
34 4	8
34 5	41
34 7	25
34 9	4
34 13	10
34 15	6
34 16	38
34 17	34
34 18	43
34 19	44
34 21	37
34 23	12
34 25	19
34 26	23
34 29	32
34 35	0
34 36	11
34 37	20
34 39	9
34 42	2
34 48	35
35 1	48
35 2	1
35 3	4
35 6	22
35 7	28
35 8	11
35 10	10
35 11	44
35 14	25
35 15	45
35 16	31
35 17	2
35 18	3
35 20	29
35 22	47
35 23	24
35 24	0
35 25	21
35 30	30
35 32	32
35 34	14
35 36	42
35 38	7
35 42	49
35 43	20
35 47	33
36 0	10
36 1	13
36 3	39
36 4	16
36 7	9
36 9	20
36 10	18
36 11	37
36 13	2
36 15	17
36 16	22
36 17	35
36 20	5
36 21	49
36 22	0
36 23	31
36 26	41
36 28	28
36 30	7
36 31	12
36 32	11
36 34	32
36 35	8
36 36	27
36 37	4
36 38	48
36 42	6
36 43	14
36 44	26
36 46	23
36 48	40
36 49	29
37 0	25
37 1	7
37 2	16
37 3	8
37 4	15
37 5	2
37 6	3
37 7	37
37 8	49
37 9	21
37 10	46
37 11	11
37 12	36
37 13	43
37 14	29
37 16	45
37 17	14
37 18	0
37 19	12
37 20	4
37 21	20
37 22	27
37 23	22
37 27	42
37 30	33
37 31	18
37 32	31
37 33	32
37 37	28
37 39	1
37 40	23
37 44	24
37 45	19
37 46	44
37 47	17
37 48	10
37 49	41
38 0	49
38 3	47
38 4	19
38 5	48
38 8	16
38 9	27
38 10	30
38 12	41
38 13	29
38 14	9
38 17	28
38 21	24
38 22	15
38 23	45
38 24	10
38 25	4
38 27	25
38 28	31
38 29	40
38 30	1
38 31	44
38 32	6
38 33	26
38 34	22
38 35	33
38 36	21
38 37	42
38 38	12
38 40	8
38 41	20
38 42	43
38 45	18
38 46	5
39 0	42
39 2	40
39 3	16
39 5	29
39 6	5
39 7	33
39 9	38
39 11	12
39 12	2
39 13	31
39 15	11
39 16	32
39 17	7
39 19	20
39 23	28
39 24	41
39 25	48
39 26	27
39 28	22
39 29	17
39 31	25
39 32	44
39 33	14
39 34	37
39 36	34
39 38	6
39 39	3
39 41	36
39 43	30
39 45	24
39 48	15
39 49	43
40 0	44
40 1	2
40 2	42
40 3	31
40 4	49
40 5	1
40 6	14
40 7	40
40 9	18
40 10	6
40 11	39
40 12	34
40 13	28
40 14	43
40 15	32
40 16	13
40 17	21
40 18	41
40 20	20
40 21	22
40 22	12
40 26	33
40 29	29
40 30	10
40 31	16
40 34	27
40 38	8
40 40	37
40 41	45
40 46	36
40 48	47
41 0	16
41 1	49
41 2	32
41 5	30
41 7	42
41 9	12
41 10	2
41 11	45
41 12	31
41 13	8
41 14	6
41 16	35
41 17	3
41 18	34
41 22	46
41 25	20
41 28	14
41 30	24
41 32	29
41 33	23
41 34	11
41 35	38
41 36	18
41 37	10
41 38	17
41 39	44
41 40	4
41 41	9
41 42	39
41 45	15
41 46	25
41 47	27
41 48	37
41 49	33
42 0	24
42 1	18
42 3	30
42 5	40
42 6	39
42 9	44
42 10	20
42 13	17
42 14	15
42 16	36
42 19	5
42 20	26
42 21	6
42 22	49
42 25	8
42 29	16
42 30	45
42 31	23
42 33	1
42 35	27
42 37	19
42 38	28
42 43	22
42 46	2
42 49	48
43 0	7
43 1	21
43 2	45
43 4	38
43 5	28
43 6	36
43 7	34
43 8	41
43 9	35
43 10	13
43 11	32
43 12	25
43 13	4
43 14	11
43 15	48
43 16	9
43 18	49
43 20	2
43 21	44
43 22	40
43 24	17
43 26	31
43 29	15
43 32	10
43 33	6
43 39	5
43 40	16
43 41	26
43 43	29
43 45	12
43 49	39
44 1	5
44 5	13
44 6	16
44 8	31
44 9	0
44 12	46
44 13	25
44 17	45
44 18	42
44 20	1
44 22	36
44 23	32
44 24	49
44 25	14
44 26	30
44 27	4
44 28	21
44 29	10
44 34	29
44 37	23
44 41	24
44 43	43
44 44	28
44 45	8
44 46	6
44 47	11
44 48	27
45 3	45
45 4	27
45 5	16
45 6	37
45 7	41
45 15	49
45 16	21
45 17	26
45 19	7
45 20	24
45 21	30
45 22	14
45 28	12
45 30	19
45 31	39
45 33	11
45 36	43
45 37	35
45 38	38
45 39	6
45 40	31
45 41	25
45 42	33
45 43	46
45 44	42
45 45	22
45 47	1
45 48	4
46 1	31
46 2	25
46 4	20
46 6	28
46 7	39
46 9	42
46 10	44
46 14	8
46 16	18
46 19	26
46 20	15
46 21	11
46 23	37
46 24	13
46 25	12
46 26	2
46 27	32
46 32	27
46 33	43
46 34	40
46 35	14
46 37	29
46 40	3
46 43	10
46 44	30
46 45	6
46 46	22
46 48	9
47 1	20
47 3	15
47 7	24
47 9	1
47 12	17
47 13	47
47 16	28
47 17	18
47 18	37
47 19	33
47 20	8
47 21	42
47 22	4
47 25	27
47 26	29
47 30	12
47 33	7
47 34	41
47 36	45
47 37	30
47 38	22
47 39	13
47 41	23
47 43	3
47 44	16
47 46	34
47 47	49
48 0	43
48 2	11
48 3	41
48 4	6
48 6	45
48 9	31
48 10	16
48 12	27
48 13	3
48 16	47
48 17	9
48 18	15
48 22	44
48 23	30
48 25	49
48 26	38
48 27	1
48 29	48
48 30	21
48 32	18
48 35	12
48 36	36
48 38	14
48 40	19
48 43	39
48 44	2
48 45	4
48 46	8
48 47	29
48 49	40
49 1	6
49 5	39
49 7	44
49 9	25
49 11	22
49 12	35
49 14	45
49 16	19
49 17	13
49 18	20
49 20	16
49 21	2
49 22	11
49 23	49
49 25	26
49 26	37
49 27	43
49 30	47
49 31	1
49 32	28
49 33	30
49 34	10
49 36	40
49 38	36
49 40	38
49 41	48
49 43	41
49 46	7
49 47	32
49 48	17
