50
0 1	36
0 3	35
0 5	21
0 7	45
0 9	14
0 10	39
0 11	1
0 13	41
0 15	24
0 20	19
0 21	6
0 22	18
0 26	29
0 32	44
0 34	40
0 35	38
0 40	10
0 43	33
1 3	16
1 9	46
1 11	8
1 15	4
1 19	20
1 23	30
1 26	45
1 35	41
1 38	18
1 41	33
1 43	17
1 46	49
2 1	12
2 2	0
2 3	31
2 4	19
2 5	46
2 6	44
2 8	39
2 10	28
2 14	9
2 15	48
2 16	42
2 17	35
2 18	5
2 20	29
2 22	13
2 23	1
2 26	18
2 29	45
2 32	40
2 36	36
2 40	32
2 42	20
2 43	41
2 46	47
2 49	6
3 4	42
3 5	16
3 11	33
3 13	12
3 15	20
3 19	23
3 26	15
3 31	24
3 32	3
3 37	40
3 39	34
3 40	5
3 44	39
3 47	10
3 48	26
4 4	20
4 7	8
4 12	21
4 15	47
4 28	36
4 31	48
4 33	13
4 36	49
4 39	45
4 40	3
4 42	30
4 43	19
4 47	44
5 0	41
5 6	21
5 10	17
5 11	23
5 13	7
5 14	10
5 17	32
5 20	15
5 25	19
5 26	38
5 31	8
5 32	20
5 34	37
5 39	5
5 42	46
6 8	24
6 12	5
6 14	21
6 16	7
6 20	20
6 22	17
6 26	11
6 28	4
6 29	19
6 31	0
6 37	41
6 39	42
6 40	28
6 43	3
7 2	22
7 7	30
7 11	47
7 13	2
7 14	11
7 15	44
7 22	20
7 26	9
7 29	42
7 30	14
7 31	36
7 41	48
7 42	37
7 49	19
8 2	31
8 17	5
8 19	30
8 32	39
8 38	11
8 41	23
8 42	24
8 49	26
9 3	17
9 4	0
9 6	25
9 10	29
9 14	24
9 16	44
9 21	21
9 22	23
9 24	37
9 30	2
9 34	4
9 39	33
9 42	15
9 47	43
10 7	14
10 13	25
10 14	35
10 20	21
10 25	27
10 27	45
10 29	10
10 30	18
10 31	46
10 34	2
10 38	1
10 45	37
11 5	34
11 8	43
11 9	3
11 13	4
11 17	21
11 22	19
11 25	22
11 28	49
11 29	40
11 32	13
11 35	45
11 36	9
11 38	2
11 47	27
11 49	25
12 1	11
12 4	6
12 9	16
12 13	32
12 15	17
12 16	36
12 18	29
12 21	2
12 28	21
12 34	46
12 43	28
13 5	35
13 9	32
13 11	18
13 12	19
13 15	15
13 16	14
13 19	11
13 23	23
13 25	24
13 33	29
13 35	2
13 36	7
13 37	6
13 38	13
13 39	25
13 42	44
13 46	40
13 49	4
14 13	48
14 16	5
14 17	22
14 19	31
14 20	6
14 21	47
14 23	4
14 26	49
14 29	37
14 33	16
14 35	42
14 41	20
14 47	19
14 49	44
15 0	45
15 2	16
15 5	8
15 9	48
15 11	22
15 12	29
15 15	46
15 17	47
15 18	41
15 22	30
15 33	42
15 39	0
15 41	4
15 43	23
15 44	10
15 47	34
15 48	40
16 1	7
16 4	43
16 7	13
16 9	17
16 11	36
16 18	37
16 20	11
16 22	6
16 25	38
16 26	26
16 31	44
16 34	22
16 37	16
16 39	35
16 40	19
16 49	42
17 3	11
17 4	9
17 6	19
17 7	1
17 11	7
17 14	16
17 15	39
17 18	8
17 24	23
17 28	27
17 32	4
17 33	44
17 36	24
17 37	47
17 38	3
17 45	18
18 0	9
18 2	7
18 5	10
18 6	5
18 10	13
18 11	3
18 13	6
18 16	23
18 17	20
18 20	36
18 25	17
18 26	16
18 30	24
18 31	47
18 40	25
18 45	42
18 46	15
18 49	40
19 2	19
19 8	22
19 27	23
19 28	34
19 35	32
19 39	1
19 42	4
19 48	44
19 49	39
20 1	34
20 6	1
20 12	37
20 20	48
20 22	38
20 23	41
20 24	20
20 32	24
20 34	25
20 35	22
20 36	3
20 39	4
20 40	46
20 45	49
20 48	27
21 0	44
21 3	7
21 4	17
21 5	45
21 7	23
21 13	27
21 16	9
21 22	4
21 24	42
21 25	31
21 29	33
21 34	21
21 39	16
21 42	36
21 43	5
21 44	43
21 45	11
22 0	33
22 5	30
22 6	41
22 8	44
22 18	18
22 21	4
22 23	9
22 24	38
22 26	2
22 32	7
22 34	29
22 42	8
22 44	22
22 45	16
22 47	46
23 4	36
23 8	35
23 11	38
23 16	33
23 18	23
23 19	41
23 20	46
23 21	44
23 25	10
23 26	4
23 30	9
23 31	26
23 32	16
23 34	20
23 41	39
23 47	40
23 49	29
24 3	3
24 5	26
24 10	16
24 12	15
24 26	27
24 28	29
24 29	41
24 30	22
24 31	5
24 36	34
24 40	40
25 2	10
25 3	33
25 4	5
25 8	41
25 16	29
25 17	48
25 19	19
25 20	25
25 21	31
25 23	7
25 25	45
25 26	32
25 27	16
25 28	24
25 34	11
25 36	17
25 38	28
25 39	9
25 40	39
25 41	2
25 46	12
26 0	34
26 2	9
26 7	27
26 10	37
26 12	12
26 15	19
26 16	40
26 17	43
26 18	45
26 20	7
26 25	29
26 29	28
26 37	1
26 40	44
26 41	35
26 42	33
26 46	5
27 0	19
27 1	22
27 2	44
27 3	9
27 9	29
27 13	33
27 14	34
27 19	17
27 20	42
27 21	20
27 24	31
27 27	28
27 30	4
27 37	25
27 39	13
27 41	45
27 43	18
28 3	46
28 5	18
28 8	37
28 10	2
28 19	39
28 42	5
28 43	47
28 44	29
28 45	14
29 0	16
29 6	33
29 7	22
29 9	25
29 10	40
29 11	43
29 21	32
29 22	11
29 23	2
29 24	34
29 33	41
29 35	48
29 36	15
29 37	14
29 38	44
29 39	18
29 46	24
29 48	8
30 2	8
30 6	45
30 9	27
30 17	29
30 26	28
30 28	23
30 32	14
30 34	18
30 40	12
30 41	30
30 43	16
31 7	19
31 25	42
31 27	20
31 28	2
31 30	36
31 31	16
31 32	49
31 33	37
31 35	43
31 41	3
31 43	30
31 45	10
32 12	39
32 19	9
32 22	37
32 26	0
32 33	3
32 40	15
32 48	11
33 0	20
33 1	2
33 6	38
33 7	16
33 9	49
33 14	45
33 18	39
33 19	27
33 26	13
33 32	6
33 38	25
33 45	15
33 47	0
34 6	6
34 7	11
34 9	13
34 10	14
34 11	25
34 13	29
34 15	21
34 18	16
34 20	12
34 24	18
34 28	5
34 30	37
34 38	20
34 39	23
34 43	1
34 45	19
34 49	34
35 2	45
35 5	43
35 7	0
35 10	1
35 11	49
35 18	9
35 21	5
35 26	30
35 27	11
35 35	44
35 36	37
35 37	24
35 38	7
35 41	6
35 44	2
35 48	16
36 7	46
36 8	15
36 9	26
36 11	40
36 12	14
36 15	23
36 16	30
36 25	37
36 27	18
36 30	31
36 32	19
36 33	0
36 35	20
36 36	28
36 40	34
36 41	16
36 46	8
36 48	39
37 2	49
37 19	33
37 21	28
37 26	21
37 28	43
37 32	47
37 43	35
37 46	18
38 6	40
38 11	14
38 12	35
38 14	33
38 15	11
38 22	15
38 23	47
38 25	7
38 28	39
38 29	16
38 30	44
38 31	23
38 43	25
38 47	31
39 4	31
39 7	17
39 9	28
39 10	41
39 13	16
39 14	20
39 15	8
39 16	49
39 18	44
39 26	43
39 27	19
39 29	46
39 34	26
39 36	12
39 38	33
39 43	37
39 44	25
39 46	39
39 47	5
39 48	18
40 0	36
40 1	40
40 3	1
40 5	5
40 7	31
40 8	48
40 10	45
40 12	18
40 15	6
40 17	10
40 18	4
40 20	28
40 21	17
40 23	0
40 29	13
40 30	46
40 36	33
40 40	27
40 41	32
40 44	42
41 1	33
41 9	7
41 12	24
41 13	14
41 19	3
41 21	1
41 24	22
41 28	8
41 30	40
41 32	10
41 35	23
41 38	31
41 44	44
41 46	25
41 48	46
42 0	0
42 1	19
42 4	26
42 10	21
42 13	9
42 14	47
42 16	22
42 17	24
42 19	44
42 28	10
42 30	42
42 34	17
42 44	32
42 47	4
42 49	45
43 0	40
43 1	46
43 2	17
43 3	42
43 10	5
43 12	45
43 13	34
43 14	32
43 15	2
43 19	28
43 20	30
43 29	39
43 32	35
43 33	48
43 36	11
43 40	31
43 43	4
43 46	29
44 0	38
44 2	13
44 7	29
44 8	23
44 9	20
44 23	18
44 26	40
44 27	6
44 33	14
44 41	47
44 46	10
44 48	43
45 5	40
45 6	36
45 7	49
45 8	5
45 9	18
45 11	21
45 14	37
45 16	35
45 19	15
45 23	48
45 27	29
45 28	41
45 29	2
45 34	27
45 44	13
46 1	43
46 3	34
46 5	19
46 23	21
46 25	5
46 30	11
46 32	18
46 34	45
46 42	3
46 44	14
47 0	7
47 1	10
47 4	41
47 8	20
47 13	18
47 15	43
47 16	0
47 17	25
47 22	29
47 26	19
47 28	14
47 30	32
47 33	2
47 39	46
47 44	37
47 47	24
48 1	6
48 3	0
48 9	34
48 10	49
48 12	44
48 14	25
48 17	15
48 19	38
48 20	31
48 21	46
48 24	39
48 32	5
48 33	27
48 34	42
48 38	47
48 40	30
48 41	37
48 43	24
48 47	48
49 1	25
49 2	4
49 3	27
49 8	13
49 13	19
49 14	49
49 15	28
49 16	46
49 18	7
49 20	5
49 21	10
49 23	6
49 30	12
49 31	35
49 33	9
49 34	24
49 35	0
49 37	22
49 38	15
49 41	8
49 44	34
49 46	43
49 49	48
