50
0 0	31
0 1	9
0 2	30
0 3	13
0 5	2
0 6	49
0 7	17
0 8	38
0 9	18
0 11	21
0 13	27
0 14	48
0 15	37
0 16	1
0 18	28
0 20	6
0 21	0
0 22	10
0 24	44
0 26	41
0 27	26
0 28	23
0 29	25
0 30	39
0 31	8
0 32	11
0 34	35
0 35	32
0 36	16
0 37	24
0 39	29
0 40	4
0 41	45
0 43	46
0 44	40
0 45	33
0 46	15
0 48	20
0 49	3
1 1	35
1 2	12
1 4	11
1 5	43
1 7	48
1 9	33
1 11	14
1 13	19
1 14	45
1 15	30
1 16	26
1 17	46
1 18	47
1 19	1
1 20	8
1 22	3
1 23	37
1 24	10
1 26	32
1 27	41
1 28	22
1 29	13
1 30	29
1 31	20
1 32	2
1 33	17
1 34	5
1 35	38
1 37	25
1 38	31
1 39	9
1 40	36
1 42	28
1 43	42
1 45	27
1 46	49
1 47	16
1 49	23
2 0	37
2 1	19
2 2	28
2 3	20
2 4	26
2 6	21
2 7	41
2 8	25
2 10	40
2 11	5
2 12	2
2 14	0
2 15	36
2 16	6
2 17	7
2 18	8
2 19	46
2 20	29
2 22	22
2 26	48
2 27	35
2 28	24
2 29	10
2 32	47
2 33	42
2 34	32
2 35	11
2 36	43
2 37	49
2 38	44
2 40	14
2 42	30
2 43	39
2 44	1
2 45	15
2 46	13
2 49	12
3 1	34
3 2	17
3 5	8
3 6	46
3 7	37
3 8	31
3 11	39
3 14	40
3 16	29
3 18	25
3 21	12
3 22	26
3 24	28
3 26	11
3 28	44
3 29	18
3 30	41
3 32	43
3 33	48
3 34	20
3 36	45
3 37	0
3 38	9
3 39	22
3 40	13
3 41	14
3 42	15
3 47	1
4 1	32
4 2	14
4 3	12
4 4	8
4 8	3
4 9	9
4 11	18
4 12	27
4 13	13
4 15	5
4 17	38
4 18	16
4 19	15
4 20	41
4 21	21
4 23	44
4 24	1
4 25	22
4 27	34
4 28	2
4 32	33
4 33	35
4 34	11
4 35	28
4 36	23
4 37	20
4 40	0
4 41	30
4 42	31
4 48	4
4 49	7
5 1	38
5 2	36
5 5	9
5 6	43
5 7	11
5 11	24
5 12	17
5 13	20
5 14	37
5 16	31
5 18	19
5 19	33
5 20	26
5 21	30
5 22	34
5 25	5
5 26	29
5 27	48
5 29	49
5 31	44
5 32	23
5 33	47
5 35	40
5 37	39
5 40	42
5 41	46
5 42	2
5 43	6
5 44	16
5 47	27
5 48	13
5 49	41
6 1	18
6 2	45
6 3	46
6 4	49
6 5	32
6 7	26
6 8	23
6 11	13
6 12	14
6 15	22
6 16	20
6 17	9
6 20	2
6 21	47
6 23	25
6 25	27
6 26	40
6 27	1
6 28	48
6 29	17
6 30	4
6 31	3
6 32	6
6 34	37
6 35	36
6 36	28
6 37	44
6 39	19
6 40	29
6 42	24
6 43	8
6 44	11
6 45	42
6 46	5
6 47	39
6 48	15
6 49	43
7 2	47
7 3	38
7 4	14
7 6	1
7 8	17
7 10	30
7 11	4
7 14	16
7 15	9
7 16	34
7 18	35
7 20	33
7 21	29
7 22	44
7 23	23
7 24	37
7 25	10
7 26	28
7 28	15
7 29	39
7 30	31
7 31	19
7 32	32
7 34	27
7 35	6
7 36	46
7 37	11
7 39	41
7 40	22
7 41	36
7 43	13
7 44	12
7 45	8
7 46	24
7 47	48
7 48	5
7 49	2
8 2	15
8 4	38
8 6	12
8 9	11
8 12	20
8 15	42
8 16	43
8 18	49
8 20	17
8 21	14
8 23	36
8 25	1
8 29	19
8 30	46
8 31	45
8 34	18
8 37	10
8 38	3
8 40	24
8 41	0
8 42	23
8 46	44
8 47	7
8 48	25
9 0	11
9 4	0
9 5	21
9 6	6
9 7	35
9 9	24
9 11	19
9 12	26
9 13	15
9 15	12
9 16	7
9 18	2
9 19	34
9 20	27
9 21	16
9 22	46
9 24	36
9 25	20
9 26	30
9 27	45
9 28	28
9 31	17
9 32	13
9 35	37
9 36	42
9 37	40
9 39	25
9 40	41
9 43	10
9 44	9
9 45	22
9 46	32
9 49	4
10 0	25
10 1	6
10 2	29
10 3	47
10 4	43
10 5	45
10 6	7
10 7	10
10 8	48
10 9	38
10 10	33
10 11	12
10 12	39
10 13	40
10 19	18
10 20	32
10 23	35
10 24	22
10 25	21
10 26	34
10 27	0
10 28	11
10 29	26
10 30	28
10 34	23
10 35	41
10 36	9
10 37	8
10 39	46
10 40	31
10 41	13
10 42	1
10 43	24
10 45	30
10 46	37
10 48	17
11 0	40
11 1	27
11 4	48
11 5	22
11 6	28
11 7	39
11 8	12
11 10	23
11 11	30
11 12	8
11 13	0
11 14	21
11 15	7
11 16	24
11 18	10
11 22	16
11 23	1
11 25	3
11 27	5
11 28	29
11 29	34
11 30	19
11 31	18
11 32	41
11 33	32
11 35	46
11 37	15
11 40	35
11 41	26
11 42	6
11 43	31
11 44	25
11 45	20
11 46	36
11 47	47
11 48	42
12 1	20
12 2	34
12 3	29
12 5	0
12 6	35
12 7	38
12 9	40
12 10	11
12 12	5
12 14	28
12 15	6
12 18	39
12 19	12
12 21	25
12 23	42
12 24	15
12 25	18
12 26	36
12 27	44
12 28	37
12 29	14
12 30	16
12 31	30
12 32	46
12 34	4
12 35	3
12 38	33
12 39	43
12 40	17
12 41	1
12 42	45
12 45	26
12 46	10
12 48	9
12 49	19
13 0	17
13 1	15
13 2	23
13 3	21
13 4	25
13 8	37
13 9	5
13 10	12
13 11	36
13 13	39
13 14	1
13 16	9
13 20	40
13 21	22
13 22	33
13 24	43
13 25	48
13 26	6
13 27	29
13 28	30
13 29	41
13 30	10
13 31	34
13 32	20
13 34	2
13 35	26
13 37	42
13 39	44
13 42	4
13 43	0
13 44	14
13 45	28
13 47	11
13 49	45
14 0	27
14 1	49
14 2	32
14 4	3
14 7	14
14 8	16
14 9	10
14 11	44
14 12	18
14 13	37
14 14	38
14 17	6
14 18	17
14 19	5
14 20	20
14 21	31
14 23	24
14 24	11
14 26	39
14 27	13
14 28	19
14 29	12
14 31	25
14 33	1
14 34	48
14 35	42
14 36	4
14 37	9
14 39	45
14 40	21
14 41	8
14 42	29
14 43	30
14 44	34
14 45	40
14 46	33
14 47	0
14 49	36
15 0	19
15 1	46
15 2	38
15 3	43
15 4	30
15 6	47
15 9	25
15 10	10
15 11	49
15 12	0
15 13	7
15 17	4
15 20	5
15 21	40
15 23	17
15 24	48
15 25	45
15 27	20
15 28	32
15 29	27
15 30	9
15 33	22
15 34	33
15 35	12
15 36	24
15 38	2
15 39	3
15 40	44
15 41	39
15 42	37
15 43	23
15 44	13
15 45	18
15 47	35
15 48	21
15 49	11
16 0	5
16 1	12
16 2	49
16 3	32
16 4	20
16 5	36
16 6	24
16 7	28
16 8	8
16 9	4
16 10	48
16 17	3
16 18	0
16 19	26
16 20	15
16 22	13
16 23	10
16 26	2
16 27	31
16 28	41
16 31	16
16 32	40
16 33	45
16 34	44
16 35	9
16 36	35
16 38	23
16 39	42
16 40	37
16 41	27
16 42	21
16 43	33
16 44	7
16 48	30
16 49	29
17 1	29
17 2	20
17 4	41
17 5	25
17 6	8
17 7	47
17 10	13
17 11	3
17 12	31
17 14	6
17 16	17
17 18	37
17 20	22
17 22	48
17 24	14
17 25	11
17 26	12
17 27	19
17 28	36
17 30	15
17 32	30
17 33	24
17 34	26
17 35	23
17 37	5
17 38	28
17 39	16
17 40	2
17 42	10
17 44	49
17 46	7
17 47	18
17 48	0
17 49	1
18 1	0
18 2	24
18 3	40
18 5	39
18 6	14
18 7	4
18 9	26
18 10	20
18 11	34
18 12	9
18 14	35
18 15	38
18 16	25
18 17	16
18 18	13
18 19	36
18 20	43
18 21	15
18 23	46
18 26	44
18 27	3
18 28	49
18 29	33
18 30	27
18 31	37
18 33	12
18 35	31
18 36	8
18 37	6
18 38	17
18 40	5
18 42	7
18 43	21
18 44	29
18 45	41
18 48	22
18 49	42
19 0	3
19 2	42
19 4	47
19 5	26
19 7	0
19 10	36
19 12	28
19 13	5
19 14	30
19 16	32
19 19	23
19 20	16
19 21	13
19 23	8
19 26	9
19 28	40
19 29	46
19 31	21
19 33	31
19 36	12
19 37	22
19 38	37
19 39	2
19 41	44
19 43	25
19 44	10
19 45	38
19 48	7
19 49	17
20 1	1
20 2	41
20 3	17
20 4	16
20 5	6
20 7	2
20 9	22
20 11	29
20 13	8
20 14	5
20 15	47
20 16	40
20 17	18
20 18	34
20 19	20
20 20	19
20 21	33
20 22	42
20 23	30
20 24	7
20 26	4
20 27	23
20 29	44
20 31	39
20 32	48
20 33	3
20 35	45
20 37	14
20 39	32
20 40	12
20 41	31
20 43	11
20 44	46
20 45	13
20 46	28
20 47	37
20 48	43
20 49	26
21 0	12
21 1	3
21 3	33
21 4	45
21 5	19
21 6	20
21 7	6
21 8	4
21 9	29
21 13	23
21 15	14
21 18	41
21 19	17
21 20	24
21 21	9
21 23	11
21 26	31
21 27	21
21 28	13
21 29	5
21 32	0
21 33	2
21 35	7
21 37	18
21 38	26
21 39	39
21 40	46
21 41	10
21 42	25
21 43	44
21 44	48
21 45	36
21 48	32
21 49	38
22 3	15
22 7	23
22 8	33
22 14	32
22 16	14
22 17	22
22 18	3
22 20	28
22 21	44
22 22	24
22 23	27
22 25	17
22 26	7
22 28	31
22 32	39
22 33	25
22 34	9
22 35	0
22 37	48
22 38	45
22 39	35
22 40	47
22 41	43
22 42	19
22 43	12
22 44	30
22 45	16
22 46	38
22 49	18
23 6	23
23 7	43
23 8	22
23 12	33
23 14	11
23 15	39
23 16	18
23 17	37
23 18	9
23 21	24
23 22	21
23 23	41
23 24	47
23 26	16
23 27	14
23 28	7
23 29	15
23 30	48
23 31	10
23 32	5
23 34	31
23 35	19
23 37	45
23 38	0
23 40	28
23 42	36
23 44	42
23 45	3
23 47	34
23 49	49
24 0	4
24 1	26
24 2	39
24 3	31
24 4	5
24 5	18
24 7	13
24 10	6
24 11	42
24 12	38
24 14	29
24 15	19
24 16	15
24 17	10
24 19	35
24 20	21
24 21	23
24 23	22
24 24	24
24 25	8
24 26	45
24 28	17
24 30	0
24 32	36
24 34	3
24 35	47
24 36	37
24 38	30
24 39	34
24 41	20
24 42	12
24 45	14
24 46	40
24 48	1
24 49	48
25 0	1
25 1	16
25 2	18
25 3	36
25 4	40
25 5	48
25 6	13
25 7	9
25 9	32
25 10	22
25 11	11
25 13	33
25 14	4
25 15	45
25 16	39
25 17	27
25 18	38
25 20	34
25 21	20
25 22	25
25 23	3
25 24	41
25 26	17
25 27	8
25 28	0
25 29	24
25 30	30
25 31	7
25 32	29
25 33	37
25 34	49
25 35	10
25 36	5
25 37	19
25 38	35
25 39	15
25 40	26
25 41	2
25 42	44
25 43	28
25 44	23
25 45	31
25 47	6
26 3	41
26 4	27
26 6	16
26 7	30
26 8	36
26 9	43
26 10	39
26 11	22
26 14	2
26 17	17
26 18	20
26 19	4
26 21	7
26 22	12
26 23	28
26 25	40
26 27	37
26 28	21
26 29	23
26 30	24
26 31	48
26 33	11
26 34	38
26 35	14
26 38	13
26 39	0
26 41	42
26 42	26
26 43	18
26 45	49
26 46	9
26 47	19
26 48	29
27 0	2
27 1	36
27 2	35
27 6	29
27 7	18
27 8	13
27 9	34
27 10	4
27 11	1
27 13	49
27 14	44
27 15	11
27 17	5
27 18	26
27 19	30
27 21	8
27 22	20
27 23	6
27 24	17
27 25	14
27 26	10
27 27	24
27 28	38
27 29	7
27 30	25
27 31	27
27 32	45
27 33	16
27 35	48
27 36	15
27 38	40
27 39	23
27 41	19
27 42	9
27 43	22
27 44	41
27 45	0
27 46	21
27 47	32
27 48	12
27 49	47
28 0	30
28 1	28
28 2	13
28 3	44
28 4	1
28 6	31
28 7	29
28 8	19
28 12	41
28 13	12
28 15	32
28 16	23
28 17	15
28 18	11
28 19	24
28 21	18
28 22	37
28 23	48
28 24	16
28 25	42
28 26	20
28 27	47
28 28	14
28 29	45
28 30	34
28 31	33
28 36	2
28 37	17
28 38	6
28 39	49
28 40	9
28 41	21
28 43	5
28 44	43
28 46	22
28 47	3
28 48	36
28 49	46
29 0	41
29 1	39
29 2	9
29 3	8
29 4	35
29 5	5
29 7	44
29 8	42
29 9	16
29 10	31
29 11	46
29 12	29
29 14	22
29 16	11
29 17	24
29 20	37
29 22	18
29 23	15
29 24	33
29 25	36
29 27	17
29 28	27
29 30	1
29 31	40
29 33	20
29 34	25
29 35	49
29 36	10
29 38	12
29 39	21
29 42	47
29 43	7
29 44	4
29 46	14
29 47	26
29 48	38
30 2	7
30 3	26
30 5	47
30 7	15
30 10	24
30 11	16
30 14	33
30 15	17
30 16	5
30 17	0
30 18	27
30 19	25
30 20	36
30 22	31
30 24	12
30 25	41
30 27	46
30 28	35
30 29	21
30 30	23
30 31	43
30 32	9
30 34	10
30 39	8
30 40	48
30 41	49
30 42	32
30 43	20
30 44	19
30 46	2
30 47	38
30 48	45
30 49	40
31 0	28
31 1	40
31 3	19
31 4	32
31 5	30
31 7	46
31 9	42
31 12	43
31 13	10
31 14	8
31 16	3
31 18	24
31 19	22
31 20	25
31 21	6
31 22	1
31 23	39
31 24	4
31 25	35
31 26	18
31 28	47
31 29	2
31 30	13
31 31	41
31 32	37
31 34	45
31 35	44
31 36	34
31 37	16
31 38	48
31 40	11
31 41	7
31 42	33
31 44	15
31 46	31
31 47	20
31 48	14
31 49	0
32 1	47
32 3	9
32 4	13
32 7	21
32 10	2
32 11	43
32 12	11
32 13	25
32 14	19
32 15	0
32 17	1
32 18	22
32 19	41
32 20	46
32 21	38
32 22	6
32 23	34
32 24	29
32 25	31
32 26	24
32 29	35
32 30	17
32 32	42
32 36	39
32 37	33
32 39	36
32 41	28
32 42	18
32 43	14
32 45	23
32 46	3
32 47	49
32 49	37
33 1	4
33 2	8
33 3	25
33 4	23
33 7	19
33 8	29
33 10	5
33 12	34
33 14	49
33 15	33
33 16	30
33 17	40
33 20	45
33 21	37
33 22	32
33 23	18
33 25	46
33 26	13
33 27	28
33 28	3
33 29	16
33 30	20
33 31	24
33 35	43
33 37	12
33 39	48
33 40	15
33 41	41
33 43	38
33 46	17
33 47	14
33 48	35
33 49	44
34 0	22
34 2	10
34 4	15
34 5	4
34 7	27
34 8	5
34 10	29
34 11	0
34 12	49
34 13	46
34 14	39
34 15	24
34 16	42
34 17	41
34 19	3
34 20	14
34 21	45
34 22	28
34 23	20
34 24	40
34 26	25
34 27	32
34 29	38
34 31	26
34 32	44
34 34	12
34 36	36
34 37	35
34 38	8
34 39	6
34 40	30
34 41	34
34 42	48
34 43	19
34 44	31
34 45	7
34 46	23
34 47	13
34 49	33
35 0	16
35 1	31
35 2	25
35 3	30
35 4	29
35 5	41
35 6	45
35 8	10
35 9	15
35 10	37
35 11	8
35 12	23
35 13	42
35 15	13
35 16	49
35 17	39
35 18	33
35 19	38
35 20	48
35 21	26
35 22	47
35 24	46
35 25	2
35 27	6
35 29	0
35 30	35
35 32	12
35 33	14
35 35	21
35 36	18
35 37	3
35 38	4
35 39	40
35 40	7
35 41	11
35 42	5
35 43	43
35 45	9
35 46	1
36 1	13
36 2	5
36 3	28
36 5	10
36 6	39
36 10	27
36 12	3
36 13	36
36 14	20
36 15	43
36 16	38
36 17	19
36 18	32
36 20	9
36 21	42
36 22	35
36 23	21
36 25	44
36 26	15
36 27	11
36 28	12
36 29	48
36 30	45
36 31	22
36 32	49
36 33	30
36 34	46
36 35	1
36 36	41
36 37	4
36 38	25
36 39	14
36 43	26
36 45	34
36 46	8
36 48	37
36 49	16
37 0	10
37 1	7
37 2	4
37 3	11
37 4	46
37 5	24
37 6	48
37 7	12
37 8	28
37 9	27
37 11	37
37 13	43
37 16	47
37 17	45
37 19	42
37 21	19
37 22	40
37 23	33
37 24	32
37 25	23
37 26	1
37 27	38
37 28	39
37 29	6
37 31	5
37 37	29
37 38	20
37 40	34
37 45	2
37 47	41
38 0	46
38 4	6
38 5	38
38 6	22
38 7	32
38 9	39
38 10	42
38 11	2
38 13	44
38 15	25
38 18	36
38 20	23
38 21	41
38 22	5
38 25	33
38 26	47
38 27	7
38 29	29
38 30	3
38 31	0
38 32	34
38 33	49
38 34	21
38 35	24
38 36	19
38 37	31
38 39	13
38 40	40
38 41	37
38 44	20
38 46	48
38 47	45
38 48	16
38 49	14
39 0	14
39 1	43
39 3	37
39 4	12
39 6	30
39 7	49
39 9	31
39 10	25
39 11	38
39 13	34
39 14	41
39 15	16
39 16	0
39 17	2
39 21	48
39 22	29
39 23	40
39 24	13
39 25	28
39 27	9
39 28	8
39 29	36
39 30	22
39 31	42
39 33	39
39 34	6
39 35	33
39 37	26
39 39	11
39 40	20
39 42	3
39 43	4
39 44	27
39 45	17
39 46	18
39 47	21
39 49	35
40 0	23
40 2	6
40 5	37
40 6	17
40 7	45
40 8	14
40 9	3
40 10	16
40 11	40
40 12	46
40 13	24
40 14	7
40 15	21
40 16	41
40 17	47
40 20	11
40 21	1
40 22	0
40 23	19
40 24	25
40 25	30
40 27	36
40 28	18
40 29	20
40 31	49
40 33	9
40 34	13
40 37	38
40 38	34
40 40	43
40 41	15
40 42	39
40 44	8
40 46	4
40 47	28
40 49	32
41 0	8
41 2	43
41 3	39
41 4	42
41 5	49
41 6	19
41 7	34
41 9	0
41 11	27
41 12	48
41 14	13
41 15	20
41 17	12
41 18	23
41 19	7
41 21	5
41 22	9
41 27	22
41 29	4
41 30	2
41 32	14
41 33	28
41 35	16
41 36	31
41 37	36
41 38	32
41 39	37
41 40	1
41 42	46
41 44	26
41 45	44
41 47	24
41 48	40
41 49	25
42 0	20
42 1	22
42 2	48
42 3	10
42 5	11
42 7	40
42 8	0
42 9	45
42 10	3
42 11	33
42 12	16
42 14	17
42 16	37
42 18	29
42 19	39
42 20	42
42 21	27
42 22	38
42 23	49
42 24	31
42 27	18
42 32	26
42 33	43
42 35	5
42 36	32
42 38	21
42 39	24
42 41	12
42 43	35
42 44	28
42 46	34
42 47	30
42 48	8
42 49	15
43 0	44
43 2	27
43 4	39
43 5	17
43 6	41
43 7	20
43 8	47
43 9	1
43 11	25
43 12	24
43 13	22
43 14	9
43 15	48
43 17	36
43 19	29
43 20	31
43 21	32
43 23	2
43 27	30
43 28	43
43 29	40
43 32	28
43 33	10
43 34	42
43 35	18
43 37	37
43 39	7
43 41	4
43 42	38
43 43	16
43 47	15
43 48	3
44 0	24
44 1	48
44 2	0
44 5	23
44 7	8
44 8	40
44 9	2
44 13	18
44 14	12
44 15	41
44 17	25
44 19	37
44 20	30
44 22	27
44 24	21
44 26	3
44 27	15
44 29	28
44 30	49
44 31	46
44 32	17
44 33	29
44 34	36
44 35	20
44 36	44
44 37	47
44 39	26
44 40	19
44 41	5
44 42	42
44 43	32
44 45	43
44 46	45
44 49	39
45 1	2
45 2	22
45 3	14
45 4	37
45 5	3
45 6	34
45 8	43
45 10	1
45 12	45
45 13	48
45 15	46
45 16	36
45 17	28
45 19	49
45 20	35
45 21	10
45 23	29
45 24	27
45 26	0
45 27	16
45 30	26
45 31	32
45 32	4
45 39	47
45 41	18
45 42	13
45 43	40
45 44	44
45 46	6
45 48	19
45 49	8
46 0	38
46 1	41
46 2	31
46 3	18
46 4	44
46 5	46
46 6	33
46 8	49
46 9	12
46 10	28
46 11	48
46 12	22
46 14	14
46 16	19
46 17	42
46 18	43
46 19	10
46 20	13
46 21	36
46 22	7
46 23	0
46 24	23
46 25	39
46 26	27
46 27	2
46 28	26
46 29	30
46 30	5
46 33	15
46 34	29
46 35	35
46 36	11
46 38	47
46 39	1
46 40	32
46 43	17
46 45	45
46 46	16
46 47	40
46 48	24
46 49	20
47 1	23
47 2	37
47 3	24
47 4	4
47 5	14
47 6	42
47 8	20
47 10	32
47 12	40
47 13	11
47 14	31
47 15	10
47 16	2
47 18	44
47 20	1
47 21	46
47 23	13
47 24	5
47 25	25
47 28	45
47 29	3
47 30	33
47 31	9
47 32	38
47 36	47
47 37	27
47 38	19
47 39	12
47 40	8
47 41	22
47 44	18
47 45	6
47 46	0
47 47	43
47 48	26
48 0	47
48 1	5
48 2	40
48 3	4
48 4	31
48 5	1
48 7	42
48 8	39
48 10	43
48 11	7
48 12	32
48 13	6
48 15	18
48 17	23
48 18	21
48 19	8
48 20	12
48 21	34
48 22	17
48 23	26
48 24	38
48 27	49
48 28	16
48 29	37
48 31	29
48 32	24
48 33	33
48 34	15
48 35	13
48 37	30
48 38	46
48 39	28
48 40	27
48 44	36
48 47	10
48 48	2
49 0	49
49 1	14
49 3	1
49 4	7
49 5	15
49 6	9
49 9	30
49 10	45
49 11	41
49 12	21
49 13	16
49 14	36
49 16	22
49 17	44
49 18	40
49 21	2
49 22	19
49 24	34
49 25	4
49 26	23
49 27	25
49 28	42
49 29	11
49 30	37
49 32	10
49 33	46
49 34	28
49 35	8
49 36	0
49 37	32
49 38	27
49 39	38
49 40	39
49 41	35
49 43	3
49 44	5
49 45	47
49 46	20
49 47	12
49 48	48
49 49	6
