50
0 2	25
0 9	41
0 14	21
0 21	16
0 23	26
0 25	2
0 26	33
0 27	20
0 29	46
0 32	5
0 33	27
0 34	4
0 35	48
0 36	47
0 38	8
0 39	37
0 40	30
0 46	45
1 3	28
1 5	48
1 6	33
1 7	24
1 10	20
1 14	2
1 15	14
1 18	49
1 20	34
1 24	35
1 34	18
1 38	3
1 39	44
1 44	36
1 46	0
1 47	45
2 3	48
2 7	40
2 21	24
2 27	47
2 29	4
2 32	11
2 33	18
2 36	10
2 37	38
2 38	6
2 41	43
2 42	9
2 48	19
3 0	1
3 1	39
3 12	7
3 13	19
3 14	36
3 16	2
3 19	35
3 23	37
3 24	15
3 30	41
3 33	34
3 34	40
3 36	46
3 38	0
3 39	33
3 40	11
3 44	31
3 46	49
4 9	28
4 11	18
4 20	31
4 21	42
4 23	10
4 26	0
4 31	1
4 43	41
4 44	3
4 49	40
5 1	21
5 3	0
5 7	2
5 11	22
5 12	45
5 14	34
5 15	15
5 18	39
5 20	48
5 26	12
5 27	28
5 28	16
5 34	26
5 36	19
5 39	18
5 43	42
6 2	40
6 3	37
6 4	9
6 9	45
6 12	3
6 20	22
6 23	39
6 27	30
6 28	12
6 29	33
6 30	13
6 31	5
6 35	21
6 37	19
6 40	2
6 41	18
6 44	44
6 45	0
7 0	5
7 11	2
7 18	30
7 20	19
7 21	22
7 22	14
7 26	38
7 27	31
7 34	33
7 39	43
7 41	15
7 43	8
8 4	24
8 9	2
8 11	25
8 17	31
8 19	37
8 20	1
8 21	0
8 26	15
8 33	19
8 35	8
8 36	17
8 40	43
8 42	34
8 46	6
8 47	30
8 49	20
9 2	39
9 3	15
9 5	19
9 7	35
9 8	24
9 10	1
9 11	4
9 12	6
9 14	32
9 15	47
9 22	30
9 24	48
9 29	38
9 31	21
9 32	45
9 34	10
9 37	29
10 0	46
10 3	16
10 15	30
10 16	37
10 18	26
10 22	2
10 25	3
10 26	6
10 30	33
10 32	32
10 34	27
10 38	42
10 40	48
10 44	21
10 45	49
10 46	35
11 0	39
11 2	47
11 7	30
11 10	37
11 11	21
11 12	10
11 22	44
11 28	49
11 33	4
11 40	36
11 44	41
12 4	34
12 8	21
12 9	13
12 11	15
12 12	17
12 13	30
12 17	46
12 23	1
12 33	37
12 36	14
12 39	19
12 42	28
12 43	33
13 2	10
13 8	26
13 9	3
13 13	36
13 16	12
13 18	7
13 20	0
13 23	30
13 24	31
13 25	11
13 26	39
13 28	19
13 30	6
13 31	20
13 32	44
13 40	8
13 43	23
14 5	17
14 7	1
14 16	10
14 18	48
14 24	8
14 26	46
14 29	31
14 33	11
14 36	25
14 38	4
14 43	26
14 45	27
14 48	28
14 49	34
15 5	41
15 6	35
15 11	42
15 12	0
15 16	25
15 18	6
15 20	49
15 21	3
15 26	26
15 27	15
15 31	4
15 33	32
15 34	30
15 39	10
15 44	43
15 46	12
15 47	29
15 48	33
16 0	38
16 7	44
16 10	32
16 18	20
16 22	19
16 27	10
16 30	45
16 32	0
16 34	42
16 37	7
16 38	47
16 49	11
17 0	44
17 4	35
17 5	14
17 7	41
17 10	16
17 12	24
17 17	39
17 19	45
17 20	7
17 24	36
17 25	21
17 26	42
17 28	23
17 30	10
17 33	9
17 36	33
17 45	32
18 5	12
18 6	1
18 11	33
18 17	22
18 19	49
18 23	17
18 29	15
18 30	28
18 31	2
18 32	46
18 34	34
18 37	3
18 38	41
18 42	18
18 47	32
18 49	38
19 6	8
19 10	24
19 13	37
19 15	45
19 19	32
19 20	38
19 21	18
19 25	36
19 26	43
19 30	29
19 31	14
19 36	1
19 47	4
20 0	11
20 1	40
20 5	9
20 8	27
20 12	4
20 13	39
20 19	3
20 21	10
20 24	17
20 26	2
20 33	21
20 36	35
20 43	20
20 44	12
20 45	14
20 46	41
20 48	23
20 49	31
21 3	1
21 4	30
21 8	29
21 9	17
21 11	24
21 14	39
21 15	21
21 17	43
21 23	40
21 28	26
21 31	35
21 33	15
21 37	14
21 39	12
21 44	45
21 45	44
21 47	33
21 48	2
21 49	41
22 3	36
22 5	44
22 13	23
22 14	16
22 16	38
22 18	45
22 19	30
22 21	43
22 23	22
22 27	1
22 30	39
22 31	41
22 32	20
22 33	3
22 35	49
22 36	11
22 39	31
22 48	40
22 49	32
23 0	0
23 3	27
23 9	23
23 12	15
23 16	28
23 20	40
23 27	35
23 31	19
23 35	6
23 39	46
23 40	42
23 44	11
23 48	8
24 0	6
24 2	44
24 10	47
24 12	43
24 13	49
24 17	16
24 18	4
24 23	20
24 26	18
24 31	39
25 1	1
25 2	9
25 5	0
25 8	3
25 9	39
25 14	5
25 21	2
25 22	31
25 25	48
25 26	22
25 27	38
25 32	43
25 43	27
25 45	13
25 46	40
26 0	12
26 1	41
26 4	4
26 10	15
26 11	44
26 12	37
26 20	3
26 22	27
26 26	40
26 27	45
26 33	30
26 34	35
26 37	17
26 41	25
26 46	23
26 47	5
26 49	18
27 4	29
27 9	49
27 11	40
27 17	44
27 23	15
27 25	38
27 30	19
27 33	13
27 39	30
27 40	17
27 43	39
27 46	10
27 47	27
27 49	3
28 1	9
28 2	43
28 6	24
28 13	42
28 25	27
28 26	3
28 28	6
28 30	38
28 35	28
28 40	45
28 43	25
28 44	0
28 45	39
28 46	37
28 47	22
28 48	7
28 49	2
29 5	3
29 10	5
29 21	44
29 22	41
29 24	21
29 26	36
29 27	42
29 30	30
29 33	28
29 35	22
29 37	15
29 38	16
29 39	7
29 44	32
29 48	17
30 0	33
30 4	46
30 5	35
30 10	26
30 17	28
30 24	11
30 30	34
30 31	43
30 34	15
30 35	1
30 36	2
30 39	40
30 42	41
30 43	3
30 46	30
31 5	15
31 8	28
31 10	34
31 11	8
31 12	30
31 13	46
31 18	2
31 21	32
31 22	16
31 31	12
31 32	49
31 37	13
31 41	3
31 42	29
31 45	47
31 49	23
32 5	43
32 9	27
32 11	37
32 17	38
32 19	7
32 28	4
32 29	1
32 36	15
32 37	2
32 38	29
32 41	44
33 0	45
33 1	43
33 3	10
33 4	2
33 7	27
33 15	49
33 17	8
33 18	5
33 19	22
33 21	28
33 24	44
33 25	20
33 31	17
33 37	30
33 39	11
33 44	1
33 45	33
33 47	31
33 48	18
34 0	9
34 8	35
34 15	17
34 16	36
34 18	38
34 20	2
34 22	4
34 23	3
34 29	34
34 31	18
34 36	44
34 37	8
34 38	19
34 45	40
35 0	34
35 5	36
35 9	26
35 11	31
35 12	16
35 15	25
35 32	9
35 34	12
35 35	13
35 38	30
35 41	38
35 43	47
35 45	8
35 46	22
36 8	4
36 14	42
36 17	35
36 20	43
36 21	46
36 30	12
36 33	1
36 35	10
36 44	30
37 0	43
37 6	23
37 13	3
37 14	38
37 18	17
37 20	9
37 22	24
37 27	46
37 28	44
37 31	29
37 32	6
37 37	27
37 38	15
37 42	14
37 43	0
37 47	20
38 2	0
38 3	26
38 6	14
38 8	15
38 11	5
38 12	8
38 15	20
38 18	18
38 20	30
38 23	29
38 28	11
38 39	21
38 41	33
38 43	9
38 45	38
38 49	42
39 1	2
39 4	12
39 5	8
39 8	25
39 9	43
39 15	35
39 17	30
39 22	9
39 27	33
39 32	4
39 34	37
39 36	26
39 40	1
39 46	18
40 7	21
40 19	28
40 20	11
40 22	35
40 27	17
40 28	39
40 37	1
40 40	18
40 43	45
40 46	46
40 47	12
40 48	9
41 0	4
41 2	30
41 3	42
41 10	10
41 12	18
41 17	23
41 18	27
41 20	41
41 22	38
41 24	28
41 30	9
41 35	26
41 37	46
41 38	12
41 39	3
41 40	16
41 43	15
41 44	24
41 45	37
41 47	39
42 1	11
42 2	26
42 3	41
42 7	29
42 8	36
42 10	27
42 11	14
42 13	43
42 14	4
42 19	40
42 22	42
42 24	1
42 30	44
42 39	9
42 40	5
42 41	17
43 4	6
43 7	38
43 8	49
43 11	27
43 15	28
43 17	47
43 26	1
43 28	35
43 34	16
43 35	24
43 40	3
44 4	14
44 5	26
44 8	22
44 10	42
44 13	13
44 14	41
44 18	9
44 26	31
44 31	32
44 34	21
44 36	39
44 38	25
44 41	28
45 2	36
45 8	38
45 12	23
45 14	7
45 16	0
45 17	21
45 18	15
45 19	39
45 22	45
45 23	44
45 25	41
45 27	29
45 28	37
45 29	5
45 32	2
45 33	24
45 47	47
45 49	1
46 1	3
46 6	40
46 12	41
46 13	12
46 23	34
46 24	49
46 31	22
46 38	10
46 39	24
46 43	35
46 44	14
47 0	14
47 2	18
47 4	11
47 7	45
47 8	12
47 17	27
47 27	0
47 29	3
47 30	23
47 32	17
47 36	28
47 41	48
47 46	8
48 0	17
48 2	42
48 11	12
48 13	33
48 16	39
48 17	45
48 18	10
48 19	1
48 21	26
48 26	37
48 29	20
48 33	2
48 34	32
48 43	43
48 46	4
48 49	47
49 0	10
49 1	34
49 2	48
49 12	38
49 17	7
49 20	27
49 21	25
49 29	30
49 30	5
49 31	24
49 34	47
49 35	45
49 37	44
49 40	39
49 42	43
49 44	49
49 45	41
49 48	42
