50
0 0	13
0 1	41
0 2	3
0 3	30
0 6	18
0 9	26
0 13	10
0 14	5
0 16	40
0 17	2
0 19	11
0 25	12
0 26	21
0 27	36
0 28	49
0 29	17
0 30	24
0 31	31
0 32	45
0 33	27
0 35	47
0 37	16
0 38	15
0 43	32
0 44	29
0 46	22
0 47	44
0 48	23
0 49	14
1 1	46
1 4	18
1 8	6
1 9	30
1 12	16
1 15	27
1 16	2
1 17	38
1 19	49
1 20	42
1 22	40
1 24	8
1 25	15
1 26	13
1 27	44
1 31	37
1 33	39
1 36	48
1 41	28
1 42	43
1 43	33
1 44	45
1 46	9
1 47	31
1 49	0
2 2	40
2 3	28
2 4	25
2 8	3
2 9	27
2 12	19
2 13	6
2 14	18
2 17	30
2 19	13
2 20	37
2 22	48
2 23	5
2 24	0
2 25	24
2 28	17
2 30	45
2 32	49
2 34	33
2 35	22
2 36	20
2 40	11
2 41	47
2 42	14
2 43	7
2 46	44
2 48	31
3 0	37
3 1	13
3 2	23
3 3	0
3 4	49
3 5	6
3 6	14
3 7	32
3 8	43
3 9	5
3 11	45
3 14	20
3 15	46
3 17	9
3 18	7
3 19	16
3 20	2
3 22	25
3 23	44
3 24	3
3 25	27
3 26	31
3 28	8
3 31	34
3 32	28
3 34	24
3 40	33
3 41	15
3 42	38
3 44	35
3 45	21
3 49	22
4 0	42
4 1	19
4 3	14
4 4	33
4 7	31
4 8	18
4 10	37
4 13	7
4 15	0
4 16	1
4 19	8
4 20	48
4 21	26
4 22	9
4 23	49
4 25	39
4 26	20
4 27	15
4 29	27
4 32	44
4 33	11
4 35	30
4 39	3
4 43	13
4 47	17
4 48	35
5 0	46
5 1	45
5 5	40
5 7	29
5 8	7
5 10	38
5 11	43
5 13	30
5 14	42
5 18	48
5 19	39
5 21	25
5 22	35
5 23	1
5 24	21
5 25	22
5 26	17
5 28	31
5 31	20
5 33	24
5 35	41
5 36	33
5 38	13
5 41	32
5 42	36
5 44	19
5 45	12
5 46	2
5 47	11
5 49	26
6 0	43
6 1	38
6 2	8
6 3	6
6 4	3
6 7	4
6 8	33
6 10	41
6 13	19
6 15	49
6 17	14
6 18	42
6 19	40
6 20	30
6 21	34
6 22	44
6 23	7
6 24	16
6 25	21
6 26	25
6 27	31
6 31	12
6 32	9
6 33	17
6 34	48
6 35	11
6 36	36
6 37	32
6 39	35
6 40	22
6 41	24
6 43	45
6 44	27
6 45	29
7 0	14
7 1	39
7 3	47
7 4	48
7 5	16
7 6	20
7 8	25
7 9	44
7 12	34
7 17	36
7 18	37
7 20	49
7 21	1
7 25	32
7 26	35
7 27	45
7 28	0
7 30	40
7 34	18
7 36	6
7 37	13
7 41	9
7 42	15
7 44	31
7 45	43
7 47	26
7 48	17
7 49	42
8 2	11
8 3	37
8 4	0
8 5	48
8 9	8
8 14	33
8 15	17
8 16	21
8 21	2
8 22	18
8 24	47
8 25	36
8 27	32
8 28	44
8 30	41
8 31	23
8 32	19
8 33	15
8 34	7
8 35	35
8 36	40
8 38	6
8 39	20
8 40	43
8 41	14
8 42	30
8 45	28
8 46	38
8 47	25
9 0	47
9 2	45
9 3	31
9 6	46
9 7	26
9 10	15
9 13	4
9 15	38
9 16	39
9 17	16
9 18	18
9 21	40
9 22	49
9 25	2
9 27	17
9 28	12
9 29	37
9 30	14
9 31	24
9 32	13
9 33	28
9 34	30
9 35	43
9 36	44
9 37	22
9 38	42
9 41	35
9 47	36
9 49	5
10 0	40
10 1	6
10 2	38
10 3	13
10 5	29
10 6	3
10 7	24
10 8	11
10 9	43
10 10	32
10 11	48
10 12	9
10 13	0
10 15	16
10 16	46
10 18	14
10 20	12
10 21	30
10 22	10
10 23	28
10 24	36
10 27	49
10 28	20
10 29	33
10 30	15
10 31	18
10 33	23
10 34	42
10 35	31
10 36	19
10 38	22
10 39	25
10 40	45
10 41	17
10 44	5
10 45	7
10 46	35
10 47	2
10 48	34
10 49	47
11 1	17
11 3	19
11 5	36
11 7	33
11 8	48
11 12	47
11 15	22
11 17	20
11 18	1
11 19	46
11 20	35
11 22	28
11 24	38
11 25	44
11 26	45
11 28	43
11 29	39
11 31	29
11 33	25
11 34	32
11 35	37
11 36	4
11 39	40
11 40	0
11 41	41
11 43	30
11 44	42
11 45	13
11 47	21
12 0	6
12 1	1
12 2	43
12 3	21
12 4	14
12 6	41
12 7	42
12 8	16
12 9	9
12 10	13
12 11	17
12 13	26
12 14	31
12 15	30
12 17	25
12 18	5
12 20	15
12 21	27
12 25	11
12 26	24
12 28	32
12 31	7
12 32	8
12 33	36
12 34	10
12 38	37
12 39	45
12 40	2
12 42	40
12 44	39
12 46	4
12 47	28
12 49	48
13 0	28
13 1	48
13 2	17
13 3	45
13 4	38
13 7	14
13 9	40
13 10	25
13 11	0
13 15	43
13 16	41
13 17	22
13 18	21
13 20	46
13 21	35
13 23	32
13 24	20
13 26	3
13 28	10
13 30	7
13 32	23
13 34	34
13 35	18
13 36	29
13 38	27
13 39	4
13 41	11
13 43	26
13 45	2
13 46	36
13 47	13
13 48	39
13 49	12
14 0	45
14 1	20
14 2	18
14 3	49
14 4	30
14 5	33
14 8	37
14 9	21
14 10	35
14 11	36
14 12	28
14 13	44
14 14	43
14 15	2
14 19	0
14 21	31
14 22	19
14 23	38
14 24	34
14 27	26
14 29	9
14 33	10
14 34	6
14 37	24
14 38	41
14 39	8
14 41	13
14 43	17
14 46	47
14 48	22
14 49	4
15 1	7
15 2	39
15 4	32
15 6	1
15 7	49
15 9	15
15 11	26
15 12	42
15 14	35
15 16	24
15 17	44
15 19	28
15 21	6
15 22	46
15 24	43
15 25	29
15 26	19
15 28	34
15 29	10
15 31	14
15 32	30
15 33	0
15 35	36
15 38	38
15 39	13
15 41	8
15 43	41
15 44	22
15 46	48
15 47	37
16 0	31
16 1	47
16 2	41
16 3	43
16 4	17
16 6	15
16 7	2
16 9	33
16 10	44
16 11	1
16 12	18
16 13	23
16 15	6
16 16	36
16 19	45
16 21	20
16 23	10
16 24	48
16 25	28
16 26	26
16 27	3
16 28	42
16 30	12
16 31	38
16 33	46
16 34	0
16 35	29
16 36	9
16 38	21
16 39	5
16 40	14
16 41	30
16 42	24
16 44	4
16 46	37
16 47	40
16 49	11
17 5	34
17 7	20
17 9	3
17 10	29
17 12	38
17 13	21
17 15	8
17 16	6
17 17	47
17 20	43
17 21	15
17 22	41
17 23	45
17 24	42
17 25	13
17 26	46
17 28	25
17 29	19
17 31	22
17 33	44
17 36	37
17 37	10
17 39	12
17 42	2
17 45	14
17 48	1
17 49	33
18 2	42
18 5	5
18 6	24
18 8	15
18 9	38
18 13	13
18 14	8
18 15	10
18 17	31
18 18	11
18 19	21
18 20	23
18 25	35
18 26	39
18 28	41
18 29	44
18 30	30
18 31	46
18 32	26
18 33	43
18 34	1
18 38	48
18 39	17
18 40	47
18 41	33
18 42	25
18 43	3
18 46	14
18 49	9
19 2	44
19 3	36
19 8	8
19 10	47
19 11	31
19 13	1
19 15	13
19 16	7
19 18	25
19 20	0
19 22	3
19 25	40
19 28	11
19 29	18
19 30	29
19 31	5
19 32	2
19 34	28
19 35	16
19 37	43
19 39	14
19 42	39
19 45	26
19 48	48
19 49	27
20 2	5
20 3	39
20 5	19
20 6	29
20 7	47
20 10	8
20 11	27
20 13	45
20 14	15
20 17	33
20 20	18
20 21	48
20 22	2
20 24	49
20 25	38
20 27	28
20 28	7
20 29	20
20 30	37
20 31	13
20 33	35
20 34	46
20 35	14
20 37	6
20 38	43
20 43	12
20 44	1
20 45	44
20 48	16
20 49	24
21 0	38
21 2	2
21 3	3
21 6	36
21 8	35
21 9	17
21 10	24
21 14	27
21 15	45
21 16	29
21 17	23
21 21	43
21 22	30
21 24	9
21 25	5
21 27	12
21 28	6
21 29	4
21 30	31
21 33	14
21 34	15
21 35	42
21 36	28
21 37	25
21 38	1
21 39	48
21 41	39
21 42	26
21 43	21
21 44	8
21 46	41
21 49	7
22 0	30
22 1	4
22 2	14
22 3	48
22 4	43
22 5	21
22 6	31
22 8	36
22 9	18
22 10	16
22 12	7
22 14	6
22 16	5
22 18	35
22 19	3
22 20	13
22 22	33
22 23	22
22 24	27
22 26	42
22 27	11
22 28	38
22 29	0
22 30	49
22 32	17
22 35	46
22 37	8
22 38	2
22 40	34
22 44	37
22 45	47
22 46	28
22 47	45
22 48	15
23 0	16
23 1	3
23 2	15
23 4	31
23 5	26
23 6	38
23 7	22
23 9	6
23 10	36
23 12	35
23 13	48
23 14	24
23 15	14
23 16	47
23 17	41
23 21	44
23 23	9
23 24	19
23 28	33
23 29	7
23 30	27
23 31	0
23 36	39
23 37	2
23 41	45
23 42	34
23 43	1
23 44	46
23 45	37
23 46	10
23 47	49
23 48	30
24 0	36
24 2	13
24 3	41
24 4	20
24 5	7
24 6	43
24 9	12
24 10	42
24 11	22
24 12	45
24 13	32
24 17	40
24 18	30
24 19	10
24 20	31
24 22	24
24 24	39
24 27	8
24 28	26
24 30	9
24 31	21
24 33	18
24 34	38
24 35	27
24 37	48
24 41	3
24 42	11
24 45	46
24 47	5
24 49	15
25 0	8
25 1	36
25 3	16
25 6	0
25 7	5
25 9	49
25 10	22
25 13	3
25 16	38
25 21	7
25 22	31
25 24	44
25 26	11
25 27	2
25 28	14
25 30	34
25 31	48
25 34	45
25 38	9
25 39	27
25 40	32
25 44	40
25 48	43
26 1	2
26 5	31
26 7	30
26 9	42
26 10	21
26 12	27
26 13	22
26 15	39
26 17	35
26 18	10
26 20	44
26 22	45
26 23	18
26 24	11
26 27	6
26 28	5
26 30	20
26 33	7
26 34	40
26 35	26
26 36	13
26 39	32
26 40	4
26 41	12
26 44	28
26 45	3
26 46	1
26 47	15
26 49	37
27 0	34
27 4	10
27 5	13
27 7	0
27 9	20
27 10	28
27 11	24
27 12	26
27 13	46
27 14	32
27 19	31
27 21	47
27 23	12
27 25	1
27 26	9
27 28	48
27 30	2
27 33	8
27 34	41
27 35	15
27 36	25
27 38	36
27 39	22
27 40	3
27 42	27
27 43	19
27 45	38
27 46	49
28 0	25
28 1	16
28 2	21
28 4	1
28 5	14
28 8	10
28 10	7
28 11	40
28 13	34
28 15	44
28 16	42
28 17	27
28 20	39
28 21	46
28 22	26
28 23	13
28 25	20
28 27	19
28 28	15
28 31	36
28 32	47
28 34	31
28 35	4
28 36	8
28 37	37
28 39	11
28 41	6
28 42	22
28 44	49
28 45	24
28 47	35
28 48	33
28 49	45
29 2	12
29 3	25
29 4	45
29 5	42
29 6	7
29 9	1
29 10	17
29 11	14
29 12	13
29 13	49
29 14	10
29 15	41
29 16	19
29 18	6
29 19	32
29 21	28
29 22	11
29 24	15
29 25	47
29 26	40
29 29	22
29 32	34
29 33	48
29 36	5
29 37	9
29 38	20
29 39	29
29 40	21
29 41	37
29 43	8
29 45	27
29 46	39
29 47	38
29 48	46
29 49	44
30 0	11
30 1	31
30 3	5
30 4	46
30 5	15
30 6	17
30 8	19
30 9	13
30 12	23
30 13	40
30 15	21
30 16	25
30 18	0
30 19	48
30 20	7
30 21	37
30 22	4
30 23	2
30 24	26
30 25	14
30 28	27
30 29	32
30 30	39
30 31	43
30 32	12
30 34	3
30 36	35
30 40	41
30 41	16
30 42	28
30 44	30
30 45	18
30 47	20
30 49	6
31 2	33
31 4	44
31 6	19
31 8	45
31 10	40
31 12	4
31 14	48
31 17	26
31 18	31
31 20	24
31 22	16
31 24	2
31 26	14
31 27	0
31 29	12
31 30	6
31 35	32
31 36	46
31 37	1
31 40	39
31 42	21
31 43	36
31 45	9
31 46	18
31 47	22
31 48	13
31 49	28
32 5	24
32 6	28
32 8	20
32 9	48
32 10	30
32 11	2
32 13	43
32 17	8
32 18	12
32 19	47
32 20	3
32 21	45
32 22	42
32 24	41
32 25	16
32 27	21
32 29	26
32 36	0
32 37	14
32 38	35
32 39	1
32 41	46
32 42	10
32 43	40
32 44	34
32 46	33
32 47	6
32 48	49
33 0	5
33 1	42
33 2	16
33 3	1
33 4	21
33 5	32
33 6	35
33 7	28
33 8	31
33 9	46
33 10	43
33 12	49
33 14	44
33 15	48
33 16	18
33 18	15
33 19	14
33 20	34
33 21	11
33 24	45
33 25	10
33 26	47
33 27	13
33 28	9
33 29	23
33 33	40
33 34	29
33 35	33
33 36	22
33 37	30
33 40	37
33 41	27
33 42	41
33 44	3
33 45	6
33 46	26
33 47	19
33 49	20
34 0	22
34 1	37
34 3	33
34 5	1
34 7	21
34 10	18
34 12	12
34 13	15
34 16	48
34 18	3
34 21	17
34 22	5
34 23	40
34 26	10
34 27	38
34 30	19
34 31	11
34 32	36
34 33	45
34 37	41
34 38	34
34 40	13
34 41	0
34 42	6
34 43	14
34 44	44
34 46	30
34 47	43
34 49	29
35 0	44
35 1	40
35 2	10
35 3	4
35 4	26
35 7	41
35 8	32
35 9	31
35 10	6
35 13	9
35 14	37
35 17	0
35 21	49
35 23	15
35 24	14
35 26	29
35 27	33
35 28	46
35 29	48
35 31	8
35 34	25
35 35	3
35 37	36
35 39	21
35 40	27
35 42	19
35 45	1
35 46	12
35 47	30
35 48	28
36 2	31
36 3	26
36 6	10
36 7	25
36 8	27
36 9	0
36 13	42
36 14	30
36 15	37
36 16	16
36 17	48
36 18	19
36 19	9
36 20	17
36 21	14
36 22	32
36 23	43
36 24	13
36 27	40
36 28	21
36 29	38
36 31	35
36 32	1
36 33	29
36 34	5
36 36	41
36 37	12
36 38	44
36 39	6
36 42	47
36 43	34
36 45	36
36 49	2
37 0	0
37 2	28
37 5	46
37 6	13
37 7	48
37 8	41
37 13	27
37 14	36
37 15	29
37 16	49
37 17	39
37 19	15
37 20	14
37 21	16
37 22	17
37 25	45
37 26	37
37 27	10
37 30	3
37 31	47
37 32	40
37 33	2
37 34	21
37 35	20
37 38	19
37 39	42
37 40	25
37 44	7
37 45	11
37 46	43
37 49	30
38 0	15
38 1	11
38 5	3
38 6	42
38 10	48
38 11	4
38 13	28
38 15	9
38 16	31
38 18	13
38 22	36
38 27	14
38 28	45
38 29	25
38 31	26
38 32	37
38 33	20
38 35	21
38 38	5
38 39	46
38 40	10
38 42	12
39 0	32
39 1	21
39 2	30
39 5	23
39 10	31
39 11	12
39 12	0
39 14	46
39 17	7
39 18	43
39 19	18
39 21	24
39 26	6
39 33	38
39 34	35
39 35	45
39 37	19
39 38	3
39 39	33
39 40	17
39 41	26
39 42	49
39 43	28
39 46	25
40 1	49
40 2	9
40 4	15
40 5	41
40 8	42
40 9	25
40 10	10
40 12	36
40 16	30
40 19	19
40 21	13
40 22	29
40 24	1
40 25	33
40 27	22
40 30	46
40 34	47
40 38	17
40 39	23
40 41	48
40 43	37
40 44	0
40 47	7
40 48	3
40 49	8
41 0	18
41 1	23
41 2	1
41 3	9
41 5	44
41 7	19
41 10	45
41 13	38
41 14	14
41 15	34
41 17	17
41 18	36
41 21	32
41 23	30
41 24	10
41 28	29
41 30	33
41 31	3
41 32	21
41 33	16
41 34	37
41 36	12
41 40	49
41 41	43
41 42	46
41 45	20
41 46	27
41 47	48
41 48	42
42 0	7
42 1	43
42 2	36
42 3	38
42 4	16
42 7	15
42 8	0
42 9	2
42 13	14
42 14	34
42 15	26
42 16	3
42 19	27
42 22	1
42 24	18
42 27	30
42 29	24
42 31	28
42 32	35
42 33	33
42 34	12
42 35	9
42 36	49
42 37	40
42 38	25
42 39	37
42 40	46
42 41	29
42 44	32
42 45	22
42 46	31
42 47	41
42 48	19
42 49	17
43 0	4
43 1	14
43 2	25
43 3	12
43 5	11
43 9	19
43 11	37
43 13	18
43 17	15
43 18	44
43 19	35
43 20	47
43 21	21
43 22	34
43 23	8
43 24	5
43 27	29
43 32	10
43 35	49
43 36	16
43 37	3
43 38	23
43 43	46
43 47	33
43 49	13
44 1	22
44 2	20
44 3	46
44 6	37
44 8	1
44 10	12
44 11	39
44 12	33
44 13	41
44 14	13
44 17	28
44 18	8
44 21	4
44 22	14
44 24	7
44 25	48
44 26	49
44 27	27
44 28	47
44 31	16
44 32	25
44 33	19
44 34	36
44 36	23
44 39	15
44 40	6
44 43	43
44 44	2
44 45	30
44 46	40
44 48	5
44 49	3
45 0	20
45 6	30
45 7	6
45 10	11
45 12	29
45 13	17
45 14	40
45 15	35
45 17	4
45 21	3
45 22	7
45 23	48
45 24	25
45 26	12
45 27	9
45 30	13
45 31	27
45 33	49
45 35	19
45 37	0
45 38	31
45 39	26
45 40	1
45 41	18
45 42	23
45 43	42
45 44	14
45 45	10
45 47	16
45 48	24
45 49	46
46 2	19
46 3	10
46 4	11
46 8	5
46 11	21
46 12	40
46 15	7
46 17	45
46 18	32
46 19	23
46 20	26
46 23	4
46 24	24
46 25	0
46 27	46
46 29	14
46 31	15
46 32	41
46 34	13
46 36	47
46 37	31
46 38	12
46 39	9
46 40	8
46 44	6
46 47	34
47 0	9
47 1	10
47 2	37
47 4	36
47 6	23
47 10	1
47 11	49
47 12	25
47 13	31
47 17	32
47 18	17
47 19	34
47 20	38
47 23	26
47 24	46
47 26	5
47 27	7
47 30	18
47 31	44
47 32	43
47 33	22
47 34	8
47 35	13
47 36	45
47 37	39
47 40	24
47 41	20
47 42	16
47 43	6
47 44	48
47 45	42
47 46	29
48 1	29
48 5	12
48 6	48
48 8	34
48 9	10
48 10	14
48 12	15
48 13	11
48 14	38
48 15	36
48 17	1
48 23	19
48 24	35
48 26	18
48 31	45
48 32	20
48 33	30
48 34	2
48 36	31
48 37	46
48 38	26
48 40	7
48 41	23
48 43	0
48 44	13
48 46	32
48 48	25
48 49	49
49 0	19
49 1	44
49 2	34
49 4	29
49 7	13
49 8	47
49 11	30
49 12	8
49 13	35
49 14	16
49 15	23
49 16	9
49 17	11
49 20	33
49 21	0
49 22	38
49 23	46
49 25	25
49 26	1
49 27	42
49 28	39
49 33	26
49 34	14
49 35	6
49 36	3
49 39	24
49 40	36
49 41	31
49 43	4
49 44	21
49 45	41
49 46	17
49 47	32
