50
0 1	30
0 2	47
0 3	7
0 4	42
0 5	14
0 6	21
0 7	49
0 8	11
0 9	15
0 10	16
0 11	23
0 12	40
0 13	4
0 14	0
0 15	48
0 16	6
0 18	38
0 19	20
0 20	18
0 21	28
0 23	37
0 24	12
0 25	27
0 26	31
0 27	41
0 28	46
0 29	45
0 30	29
0 31	26
0 32	2
0 33	24
0 34	39
0 35	34
0 37	22
0 38	10
0 39	35
0 41	3
0 42	19
0 44	36
0 45	5
0 46	43
0 48	1
0 49	33
1 0	31
1 1	24
1 2	9
1 3	2
1 4	15
1 5	5
1 6	42
1 8	22
1 9	11
1 10	7
1 12	4
1 13	6
1 14	1
1 16	10
1 18	16
1 19	23
1 20	12
1 21	39
1 22	35
1 25	13
1 26	8
1 28	17
1 29	37
1 30	46
1 31	18
1 32	49
1 33	36
1 34	26
1 35	29
1 36	3
1 39	47
1 40	32
1 41	27
1 44	48
1 45	30
1 46	21
1 47	44
1 48	41
1 49	14
2 0	21
2 1	20
2 3	46
2 4	26
2 6	29
2 7	23
2 8	38
2 9	25
2 10	6
2 11	30
2 12	39
2 13	1
2 14	40
2 16	35
2 17	24
2 19	42
2 20	0
2 22	4
2 23	13
2 24	34
2 25	41
2 26	49
2 27	37
2 28	11
2 29	22
2 30	5
2 31	31
2 32	43
2 33	16
2 34	10
2 36	14
2 39	3
2 40	8
2 41	9
2 43	15
2 44	17
2 45	2
2 46	18
2 47	27
2 49	32
3 0	0
3 1	40
3 2	48
3 4	32
3 5	43
3 6	13
3 9	24
3 10	39
3 11	5
3 12	46
3 13	30
3 14	12
3 15	44
3 17	33
3 18	8
3 19	38
3 20	10
3 21	21
3 22	17
3 23	34
3 24	3
3 25	29
3 26	11
3 27	4
3 28	1
3 30	22
3 33	15
3 35	9
3 37	20
3 38	27
3 39	31
3 40	14
3 41	2
3 42	47
3 44	45
3 46	19
3 47	25
4 0	44
4 3	20
4 4	5
4 5	40
4 6	43
4 7	22
4 10	3
4 11	4
4 12	27
4 13	34
4 14	13
4 15	46
4 16	41
4 17	29
4 18	17
4 20	23
4 21	9
4 22	2
4 23	26
4 24	1
4 25	42
4 26	47
4 28	32
4 29	31
4 30	0
4 31	33
4 32	28
4 33	18
4 35	48
4 36	45
4 37	7
4 38	14
4 40	35
4 41	37
4 42	12
4 43	10
4 44	25
4 45	39
4 46	49
4 47	16
4 48	15
4 49	24
5 2	8
5 3	1
5 4	25
5 5	11
5 6	14
5 8	46
5 9	20
5 11	26
5 14	28
5 15	33
5 16	2
5 18	3
5 21	24
5 22	13
5 23	6
5 25	15
5 27	32
5 28	31
5 29	30
5 30	37
5 31	42
5 32	4
5 33	38
5 34	43
5 35	16
5 37	39
5 38	35
5 39	36
5 40	49
5 43	29
5 44	9
5 45	10
5 47	21
5 48	22
5 49	18
6 0	16
6 2	10
6 3	21
6 4	4
6 5	38
6 6	24
6 7	45
6 8	12
6 9	28
6 11	29
6 12	9
6 14	11
6 15	39
6 16	43
6 17	14
6 18	0
6 19	40
6 20	13
6 21	17
6 22	15
6 23	41
6 24	33
6 25	47
6 26	3
6 27	7
6 28	30
6 29	35
6 30	36
6 31	1
6 32	23
6 33	49
6 34	8
6 35	22
6 36	6
6 37	19
6 38	18
6 39	20
6 40	42
6 41	31
6 42	44
6 43	48
6 44	27
6 45	46
6 47	34
6 48	25
7 1	3
7 2	34
7 3	15
7 4	11
7 5	48
7 6	12
7 8	40
7 9	27
7 11	32
7 13	13
7 14	7
7 15	28
7 16	18
7 17	22
7 18	41
7 19	37
7 20	16
7 21	45
7 23	42
7 24	47
7 26	46
7 29	23
7 30	30
7 31	21
7 32	19
7 33	9
7 34	33
7 35	4
7 36	1
7 37	29
7 39	39
7 40	38
7 41	25
7 43	31
7 44	44
7 45	35
7 46	8
7 47	49
7 48	43
7 49	10
8 0	37
8 1	26
8 2	19
8 3	0
8 4	21
8 5	23
8 6	31
8 7	44
8 9	32
8 10	28
8 11	20
8 12	15
8 13	12
8 15	30
8 16	7
8 17	46
8 18	13
8 19	29
8 21	11
8 22	39
8 23	27
8 24	22
8 25	45
8 26	2
8 27	18
8 28	47
8 30	14
8 31	4
8 32	25
8 33	40
8 34	16
8 35	49
8 36	42
8 37	38
8 39	48
8 40	17
8 42	24
8 43	3
8 44	33
8 45	6
8 46	41
8 47	1
8 48	36
8 49	8
9 0	6
9 1	22
9 2	43
9 3	25
9 5	20
9 7	8
9 8	17
9 9	12
9 10	44
9 11	21
9 12	3
9 13	16
9 14	39
9 15	9
9 16	37
9 17	48
9 18	14
9 21	15
9 22	40
9 23	47
9 25	26
9 26	34
9 27	1
9 28	45
9 29	41
9 30	13
9 31	11
9 32	30
9 33	28
9 34	35
9 35	18
9 37	2
9 38	32
9 39	46
9 40	7
9 41	29
9 43	5
9 44	10
9 45	0
9 46	38
9 47	23
9 48	24
9 49	27
10 0	25
10 1	49
10 2	39
10 3	34
10 4	33
10 5	18
10 6	28
10 7	7
10 8	47
10 10	45
10 11	2
10 12	10
10 13	0
10 14	29
10 15	21
10 16	19
10 18	23
10 20	36
10 22	1
10 23	17
10 24	44
10 28	12
10 29	43
10 30	6
10 33	41
10 34	32
10 35	13
10 36	26
10 37	31
10 38	3
10 39	4
10 40	22
10 41	40
10 42	37
10 45	27
10 46	14
10 49	9
11 1	42
11 3	31
11 4	1
11 5	13
11 6	46
11 7	17
11 8	45
11 9	35
11 10	38
11 11	33
11 13	36
11 14	10
11 15	41
11 16	8
11 17	18
11 19	11
11 20	30
11 21	44
11 22	25
11 23	3
11 24	20
11 25	39
11 27	2
11 28	16
11 29	0
11 30	23
11 31	5
11 32	29
11 33	22
11 34	37
11 35	12
11 36	49
11 37	21
11 38	7
11 39	9
11 40	19
11 42	40
11 43	34
11 44	26
11 46	47
11 47	15
11 48	48
12 1	37
12 2	0
12 4	45
12 5	7
12 6	5
12 7	16
12 9	4
12 10	25
12 11	46
12 12	6
12 13	38
12 14	17
12 15	26
12 16	9
12 17	39
12 18	15
12 20	24
12 22	20
12 23	36
12 24	31
12 25	33
12 26	28
12 27	27
12 28	44
12 30	34
12 31	10
12 32	40
12 34	29
12 35	8
12 37	18
12 39	41
12 40	48
12 42	43
12 44	49
12 45	21
12 46	11
12 47	42
12 48	14
12 49	22
13 0	43
13 1	9
13 2	21
13 3	37
13 5	34
13 6	48
13 7	26
13 8	41
13 9	47
13 11	28
13 12	1
13 13	8
13 14	24
13 15	32
13 16	15
13 18	31
13 19	45
13 20	40
13 21	10
13 22	19
13 24	29
13 25	4
13 26	5
13 28	27
13 30	3
13 31	20
13 33	0
13 34	36
13 35	39
13 36	23
13 38	33
13 39	2
13 41	44
13 42	30
13 43	14
13 44	13
13 45	22
13 46	7
13 47	17
13 48	16
13 49	38
14 1	29
14 2	24
14 3	10
14 4	23
14 5	49
14 6	37
14 7	43
14 8	1
14 9	13
14 11	31
14 12	38
14 13	44
14 14	30
14 15	42
14 16	47
14 17	2
14 18	7
14 19	32
14 21	41
14 22	3
14 23	15
14 24	46
14 25	20
14 26	22
14 27	17
14 28	4
14 30	48
14 31	8
14 32	21
14 33	34
14 34	45
14 35	5
14 36	35
14 37	9
14 38	6
14 39	25
14 40	40
14 41	11
14 43	39
14 45	26
14 46	27
14 47	28
14 48	18
14 49	12
15 0	11
15 1	35
15 4	7
15 5	37
15 6	33
15 7	1
15 9	10
15 11	12
15 12	49
15 14	14
15 15	24
15 16	30
15 17	34
15 18	26
15 19	44
15 20	48
15 21	31
15 23	46
15 24	19
15 25	32
15 26	21
15 27	45
15 28	25
15 29	13
15 30	16
15 31	9
15 32	0
15 33	3
15 34	4
15 35	28
15 36	5
15 37	43
15 38	40
15 40	2
15 41	6
15 42	18
15 43	42
15 44	38
15 46	15
15 47	41
15 48	29
16 0	5
16 1	32
16 3	9
16 5	15
16 6	39
16 7	48
16 8	16
16 9	14
16 11	40
16 12	8
16 13	3
16 14	18
16 15	34
16 16	42
16 17	6
16 19	26
16 20	4
16 21	37
16 22	12
16 25	11
16 26	19
16 27	22
16 28	10
16 29	47
16 30	2
16 31	36
16 32	27
16 33	31
16 34	46
16 35	25
16 38	44
16 39	24
16 41	28
16 42	45
16 43	33
16 44	20
16 45	49
16 46	13
16 47	35
16 48	23
16 49	17
17 0	24
17 1	0
17 3	18
17 4	6
17 5	19
17 6	7
17 7	32
17 8	9
17 9	38
17 10	35
17 11	34
17 12	13
17 13	21
17 14	45
17 15	3
17 17	26
17 18	11
17 19	2
17 20	46
17 21	23
17 22	14
17 23	16
17 24	49
17 25	44
17 28	5
17 29	48
17 30	43
17 31	30
17 32	39
17 34	22
17 35	47
17 36	8
17 37	41
17 38	15
17 39	1
17 41	10
17 42	17
17 44	4
17 45	33
17 47	29
17 48	12
17 49	37
18 0	12
18 1	15
18 2	4
18 3	44
18 5	9
18 7	37
18 8	26
18 9	1
18 12	11
18 13	33
18 15	49
18 16	17
18 18	39
18 21	13
18 22	0
18 24	36
18 25	14
18 26	45
18 28	8
18 29	46
18 31	25
18 37	10
18 39	27
18 40	43
18 43	6
18 44	23
18 45	29
18 46	35
18 47	40
18 48	21
18 49	28
19 0	20
19 1	5
19 2	26
19 3	11
19 4	36
19 5	22
19 7	28
19 8	19
19 10	37
19 11	6
19 13	42
19 14	38
19 15	0
19 16	45
19 17	13
19 18	35
19 20	8
19 22	46
19 23	25
19 24	32
19 25	24
19 26	39
19 27	33
19 28	29
19 29	3
19 30	4
19 31	41
19 33	10
19 35	27
19 36	15
19 37	47
19 39	16
19 40	23
19 41	48
19 42	31
19 44	14
19 45	18
19 46	1
19 48	30
19 49	21
20 0	34
20 2	32
20 4	18
20 5	6
20 8	20
20 9	36
20 10	27
20 12	48
20 14	22
20 15	2
20 16	0
20 17	31
20 18	4
20 19	21
20 21	3
20 22	29
20 23	12
20 24	41
20 25	28
20 26	17
20 27	23
20 28	24
20 31	40
20 32	46
20 33	47
20 34	44
20 35	30
20 36	16
20 38	37
20 39	43
20 40	9
20 41	26
20 43	45
20 44	19
20 46	5
20 47	33
20 49	15
21 1	25
21 2	49
21 3	27
21 4	17
21 5	0
21 6	18
21 7	47
21 8	14
21 9	33
21 10	2
21 11	43
21 12	12
21 14	44
21 15	10
21 16	13
21 17	30
21 18	9
21 19	31
21 20	3
21 21	26
21 23	35
21 24	11
21 25	16
21 26	4
21 27	42
21 28	34
21 29	20
21 31	19
21 32	36
21 33	5
21 34	23
21 35	21
21 36	32
21 37	28
21 38	46
21 39	38
21 40	39
21 41	1
21 43	41
21 44	8
21 45	7
21 46	22
21 47	24
21 48	6
21 49	48
22 0	10
22 1	23
22 2	14
22 3	24
22 4	41
22 5	17
22 7	11
22 8	28
22 9	2
22 10	46
22 11	27
22 12	32
22 14	36
22 15	25
22 16	16
22 17	49
22 18	5
22 20	20
22 21	6
22 23	44
22 25	9
22 26	29
22 28	37
22 29	1
22 30	15
22 31	3
22 32	22
22 33	26
22 35	43
22 36	39
22 38	13
22 39	0
22 40	30
22 41	21
22 42	42
22 43	7
22 44	47
22 45	4
22 47	18
22 49	40
23 0	29
23 1	21
23 2	3
23 3	4
23 4	13
23 6	26
23 8	5
23 9	22
23 10	9
23 12	0
23 13	46
23 14	6
23 16	27
23 18	19
23 19	49
23 20	35
23 22	48
23 23	20
23 24	25
23 25	36
23 26	37
23 27	47
23 29	28
23 30	1
23 32	45
23 34	18
23 35	15
23 36	30
23 37	16
23 38	11
23 40	44
23 43	43
23 45	12
23 46	42
23 47	31
23 48	17
23 49	7
24 0	35
24 4	37
24 5	31
24 6	47
24 7	30
24 9	0
24 10	43
24 11	14
24 13	45
24 14	48
24 16	12
24 17	15
24 18	20
24 19	10
24 20	26
24 21	22
24 22	49
24 23	1
24 24	18
24 25	2
24 26	16
24 27	46
24 28	7
24 30	21
24 31	13
24 32	24
24 33	44
24 34	3
24 35	11
24 36	40
24 37	32
24 38	28
24 39	29
24 40	33
24 41	36
24 42	5
24 44	34
24 46	9
24 47	6
24 49	39
25 0	7
25 1	10
25 2	35
25 3	3
25 4	20
25 6	45
25 7	46
25 8	34
25 10	33
25 12	29
25 13	25
25 15	40
25 16	39
25 18	48
25 19	24
25 20	6
25 21	36
25 22	43
25 23	19
25 24	9
25 25	30
25 27	44
25 28	49
25 29	8
25 30	27
25 31	2
25 32	14
25 33	23
25 34	11
25 35	26
25 36	21
25 38	16
25 39	28
25 40	15
25 41	17
25 42	38
25 44	37
25 45	42
25 47	5
25 48	47
25 49	31
26 0	46
26 1	34
26 2	30
26 3	29
26 4	3
26 5	39
26 6	2
26 7	31
26 8	4
26 9	45
26 11	37
26 12	28
26 13	35
26 14	19
26 15	22
26 16	1
26 18	36
26 19	15
26 20	47
26 21	14
26 22	18
26 24	16
26 25	6
26 26	32
26 27	48
26 28	43
26 30	17
26 31	38
26 34	13
26 35	20
26 36	44
26 37	5
26 38	41
26 39	26
26 41	8
26 42	49
26 43	0
26 44	12
26 45	9
26 46	10
26 49	25
27 0	39
27 1	46
27 3	17
27 4	9
27 5	47
27 6	44
27 7	15
27 8	33
27 10	4
27 11	16
27 12	30
27 13	11
27 14	43
27 16	14
27 17	40
27 18	21
27 19	12
27 20	41
27 21	32
27 22	22
27 23	7
27 25	3
27 27	36
27 28	38
27 29	18
27 30	42
27 31	35
27 32	1
27 35	2
27 36	34
27 39	19
27 40	0
27 42	27
27 43	23
27 44	5
27 45	28
27 46	24
27 47	26
27 48	20
28 0	42
28 2	5
28 3	43
28 4	10
28 5	45
28 7	36
28 8	25
28 9	41
28 11	8
28 12	47
28 13	48
28 16	20
28 17	9
28 19	46
28 22	31
28 24	30
28 25	34
28 27	12
28 28	39
28 30	49
28 31	44
28 32	16
28 33	35
28 34	21
28 35	1
28 36	2
28 38	24
28 39	22
28 40	3
28 41	33
28 42	32
28 43	28
28 45	14
28 46	23
28 47	7
28 48	38
29 0	13
29 1	44
29 2	40
29 3	22
29 5	36
29 7	4
29 8	15
29 9	39
29 10	19
29 14	8
29 15	47
29 16	5
29 17	42
29 19	3
29 21	0
29 22	27
29 23	45
29 25	21
29 27	49
29 28	6
29 29	32
29 30	38
29 32	10
29 33	7
29 34	24
29 37	12
29 39	18
29 41	30
29 42	41
29 43	1
29 46	33
29 48	28
29 49	29
30 0	38
30 1	7
30 2	2
30 3	5
30 4	40
30 5	28
30 7	20
30 8	36
30 9	19
30 10	0
30 12	45
30 13	31
30 14	35
30 16	44
30 17	43
30 18	12
30 19	14
30 20	34
30 21	33
30 24	27
30 25	37
30 26	9
30 27	11
30 28	22
30 29	24
30 30	25
30 31	47
30 32	26
30 33	1
30 34	30
30 35	42
30 36	13
30 37	6
30 38	17
30 40	4
30 42	8
30 43	21
30 44	15
30 46	46
30 47	10
30 48	32
31 0	2
31 1	28
31 4	24
31 5	27
31 8	6
31 9	34
31 11	10
31 12	7
31 13	43
31 15	31
31 16	22
31 17	16
31 18	45
31 19	8
31 21	25
31 22	21
31 23	11
31 24	26
31 26	20
31 28	36
31 29	17
31 31	48
31 32	3
31 33	14
31 34	38
31 35	41
31 36	37
31 37	15
31 38	29
31 39	30
31 41	23
31 42	46
31 43	49
31 44	39
31 45	19
31 47	0
31 48	33
32 0	30
32 1	13
32 2	37
32 3	6
32 4	43
32 6	34
32 9	49
32 13	41
32 14	15
32 15	7
32 16	33
32 17	32
32 18	46
32 19	36
32 20	22
32 21	42
32 22	45
32 23	9
32 24	24
32 25	38
32 26	12
32 27	26
32 28	48
32 29	25
32 30	47
32 31	0
32 32	18
32 35	10
32 36	29
32 37	8
32 38	39
32 40	20
32 41	14
32 42	3
32 43	44
32 44	40
32 45	11
32 46	2
32 47	4
32 48	5
32 49	1
33 0	18
33 2	29
33 3	32
33 4	16
33 5	24
33 6	38
33 7	3
33 8	42
33 9	31
33 10	20
33 12	22
33 13	2
33 14	25
33 15	13
33 16	21
33 17	19
33 18	49
33 19	17
33 20	9
33 22	8
33 23	14
33 24	4
33 25	46
33 26	15
33 27	10
33 29	5
33 30	28
33 31	39
33 32	11
33 34	41
33 35	33
33 36	12
33 37	23
33 39	37
33 40	47
33 41	7
33 42	6
33 43	27
33 45	34
33 46	26
33 47	48
33 48	44
33 49	43
34 0	47
34 1	4
34 2	23
34 3	28
34 6	19
34 7	34
34 8	32
34 9	3
34 10	36
34 11	49
34 12	24
34 13	15
34 14	31
34 15	14
34 17	27
34 18	10
34 20	1
34 21	12
34 23	43
34 24	6
34 25	18
34 27	39
34 29	9
34 30	7
34 32	35
34 33	2
34 35	46
34 36	48
34 37	0
34 39	44
34 40	45
34 41	41
34 43	40
34 44	16
34 45	37
34 46	17
34 47	38
34 48	8
34 49	20
35 0	15
35 1	14
35 2	18
35 3	45
35 4	47
35 5	29
35 6	30
35 7	0
35 8	43
35 11	9
35 12	20
35 13	28
35 14	2
35 15	11
35 16	38
35 18	32
35 19	25
35 20	49
35 21	27
35 22	10
35 23	8
35 24	23
35 25	7
35 26	13
35 27	21
35 28	19
35 29	16
35 30	35
35 31	12
35 33	6
35 34	17
35 35	31
35 38	26
35 39	33
35 40	36
35 41	4
35 42	34
35 43	22
35 45	24
35 46	48
35 47	37
35 48	39
35 49	5
36 0	49
36 1	19
36 2	15
36 3	23
36 4	48
36 6	35
36 7	9
36 8	18
36 9	21
36 11	38
36 12	16
36 13	14
36 14	27
36 15	5
36 16	25
36 18	30
36 19	28
36 20	29
36 21	40
36 22	24
36 24	39
36 25	22
36 26	44
36 27	13
36 29	34
36 31	43
36 32	31
36 33	37
36 34	20
36 35	36
36 36	4
36 37	1
36 38	8
36 39	32
36 40	11
36 41	0
36 42	26
36 43	46
36 44	41
36 45	3
36 46	6
36 47	45
36 49	2
37 0	9
37 1	1
37 2	46
37 4	14
37 5	8
37 6	4
37 7	33
37 8	24
37 9	26
37 10	30
37 11	11
37 12	42
37 13	39
37 14	32
37 15	19
37 16	36
37 17	20
37 19	27
37 20	7
37 21	38
37 22	23
37 23	5
37 24	21
37 26	18
37 27	16
37 29	2
37 31	45
37 33	48
37 34	15
37 35	40
37 37	17
37 38	31
37 39	6
37 41	47
37 42	29
37 45	44
37 46	34
37 48	0
37 49	35
38 0	45
38 1	47
38 3	48
38 5	33
38 6	11
38 7	2
38 8	31
38 9	30
38 12	25
38 13	26
38 14	21
38 15	12
38 16	32
38 18	1
38 19	16
38 20	14
38 21	8
38 22	38
38 23	39
38 24	37
38 25	17
38 27	0
38 28	18
38 29	44
38 30	40
38 32	6
38 33	4
38 34	34
38 35	19
38 36	41
38 37	27
38 38	23
38 40	29
38 41	13
38 42	10
38 43	9
38 44	43
38 45	20
38 47	22
38 48	3
39 0	22
39 1	8
39 2	25
39 4	46
39 5	42
39 7	5
39 8	30
39 9	43
39 10	41
39 11	39
39 12	17
39 13	37
39 16	26
39 17	28
39 18	40
39 19	9
39 20	27
39 21	18
39 22	44
39 23	32
39 24	13
39 28	35
39 29	38
39 30	19
39 31	16
39 32	15
39 33	21
39 34	49
39 35	7
39 36	31
39 37	3
39 38	48
39 39	34
39 40	6
39 41	20
39 42	23
39 46	0
39 47	12
39 48	2
40 0	4
40 1	6
40 3	33
40 4	30
40 5	21
40 6	36
40 7	40
40 8	37
40 9	5
40 10	10
40 14	34
40 15	35
40 16	23
40 17	45
40 18	44
40 21	46
40 22	11
40 23	48
40 26	41
40 28	14
40 29	29
40 30	31
40 32	20
40 33	12
40 34	0
40 36	27
40 37	13
40 38	43
40 39	7
40 40	25
40 42	1
40 43	32
40 44	28
40 45	38
40 47	8
40 49	47
41 0	33
41 1	31
41 2	44
41 3	47
41 4	2
41 5	25
41 7	42
41 8	7
41 10	49
41 11	13
41 12	37
41 13	18
41 14	5
41 15	16
41 16	46
41 17	1
41 18	24
41 19	34
41 20	17
41 21	19
41 22	26
41 23	22
41 24	14
41 25	43
41 27	29
41 28	15
41 29	4
41 30	8
41 31	28
41 32	48
41 33	32
41 34	9
41 35	3
41 36	20
41 37	36
41 38	0
41 39	10
41 41	12
41 43	35
41 44	21
41 45	45
41 46	40
41 47	30
41 48	11
41 49	41
42 0	48
42 1	33
42 2	27
42 3	19
42 4	8
42 5	3
42 6	40
42 7	41
42 9	6
42 11	1
42 12	35
42 13	32
42 14	20
42 15	17
42 16	49
42 17	21
42 18	34
42 19	13
42 20	37
42 21	30
42 22	7
42 23	24
42 24	5
42 25	31
42 26	25
42 27	15
42 28	28
42 29	11
42 30	44
42 31	23
42 33	29
42 34	2
42 35	45
42 36	22
42 38	38
42 39	42
42 40	10
42 41	18
42 42	4
42 44	46
42 45	43
42 46	16
42 47	36
42 48	9
42 49	0
43 0	32
43 1	16
43 4	0
43 5	41
43 6	27
43 7	6
43 8	48
43 9	17
43 10	11
43 11	47
43 12	44
43 13	49
43 14	37
43 15	20
43 16	31
43 17	4
43 18	2
43 19	22
43 20	5
43 21	43
43 22	36
43 23	30
43 24	8
43 26	23
43 28	26
43 30	33
43 31	24
43 32	9
43 33	46
43 34	42
43 35	38
43 36	10
43 37	25
43 38	12
43 39	15
43 41	35
43 42	7
43 43	19
43 44	3
43 45	1
43 48	45
44 2	17
44 4	27
44 5	30
44 6	15
44 7	21
44 9	16
44 10	29
44 12	36
44 13	24
44 15	4
44 17	41
44 19	0
44 20	42
44 21	5
44 22	32
44 23	23
44 25	19
44 26	35
44 27	8
44 28	9
44 31	37
44 32	7
44 33	11
44 35	6
44 36	43
44 37	33
44 38	22
44 40	34
44 41	46
44 42	28
44 43	18
44 44	2
44 45	48
44 46	25
44 47	14
44 48	40
44 49	45
45 0	26
45 1	18
45 3	38
45 4	44
45 5	46
45 6	9
45 7	29
45 8	0
45 9	37
45 10	8
45 13	10
45 14	3
45 15	43
45 16	34
45 18	28
45 19	1
45 20	39
45 21	49
45 22	5
45 24	48
45 25	23
45 27	19
45 28	41
45 29	14
45 30	32
45 31	27
45 32	47
45 33	17
45 34	12
45 37	24
45 38	21
45 39	45
45 40	16
45 42	20
45 43	30
45 44	7
45 46	31
45 47	2
45 49	6
46 0	27
46 1	45
46 2	33
46 3	30
46 4	49
46 5	35
46 6	25
46 7	38
46 8	29
46 10	21
46 12	34
46 14	23
46 15	6
46 17	8
46 18	42
46 19	18
46 20	32
46 21	47
46 22	41
46 23	10
46 26	43
46 27	5
46 28	2
46 30	9
46 31	46
46 32	17
46 33	39
46 34	14
46 35	0
46 36	7
46 37	40
46 38	4
46 39	13
46 40	1
46 41	22
46 43	16
46 44	31
46 45	15
46 46	36
46 47	19
46 48	37
46 49	3
47 0	36
47 1	43
47 2	45
47 3	26
47 4	39
47 6	41
47 7	12
47 8	2
47 9	9
47 10	5
47 11	18
47 12	19
47 13	47
47 14	46
47 15	15
47 16	29
47 17	37
47 18	22
47 19	7
47 21	48
47 22	28
47 23	0
47 25	25
47 26	10
47 27	40
47 28	20
47 29	33
47 30	11
47 31	6
47 32	8
47 33	27
47 35	14
47 36	24
47 37	49
47 38	34
47 40	31
47 41	16
47 42	13
47 43	38
47 44	32
47 45	17
47 47	3
47 48	42
47 49	44
48 2	12
48 3	16
48 4	31
48 6	22
48 7	10
48 8	44
48 10	15
48 11	7
48 12	14
48 13	23
48 14	49
48 15	1
48 16	4
48 18	29
48 19	39
48 20	28
48 22	33
48 24	0
48 25	48
48 26	40
48 27	6
48 28	21
48 29	27
48 31	32
48 32	5
48 33	43
48 37	46
48 38	9
48 39	8
48 40	37
48 43	11
48 44	35
48 45	36
48 46	45
48 48	34
48 49	30
49 1	48
49 2	11
49 3	40
49 4	28
49 5	44
49 6	23
49 7	19
49 8	13
49 9	46
49 10	12
49 11	36
49 12	21
49 15	29
49 17	5
49 20	45
49 21	4
49 22	30
49 23	2
49 24	15
49 25	0
49 26	1
49 27	34
49 29	7
49 30	39
49 34	27
49 36	38
49 38	42
49 39	14
49 40	41
49 41	43
49 42	9
49 43	25
49 45	31
49 47	47
49 48	10
