50
0 2	11
0 3	49
0 4	3
0 5	15
0 6	40
0 7	1
0 12	13
0 15	30
0 16	9
0 18	0
0 26	27
0 29	38
0 31	29
0 33	37
0 34	43
0 35	16
0 37	23
0 42	46
0 43	18
0 44	44
0 45	7
1 7	30
1 9	25
1 11	38
1 14	6
1 15	49
1 16	47
1 22	37
1 23	35
1 24	29
1 25	12
1 28	44
1 29	39
1 30	8
1 31	41
1 33	15
1 36	1
1 37	21
1 38	17
1 46	9
1 48	5
1 49	3
2 5	20
2 6	22
2 8	49
2 10	12
2 12	38
2 16	26
2 17	16
2 19	35
2 20	25
2 23	36
2 25	34
2 27	41
2 29	19
2 30	43
2 32	32
2 34	6
2 35	13
2 36	21
2 37	30
2 38	31
2 39	9
2 41	11
2 42	37
2 43	4
2 47	39
2 49	47
3 1	8
3 4	29
3 5	32
3 6	4
3 7	46
3 10	19
3 11	14
3 12	16
3 13	15
3 15	31
3 17	20
3 20	39
3 21	3
3 25	24
3 27	22
3 28	28
3 31	9
3 33	2
3 37	11
3 39	44
3 40	0
3 42	47
3 46	7
3 47	42
3 49	45
4 3	15
4 4	1
4 5	12
4 6	33
4 8	43
4 12	5
4 18	18
4 27	9
4 29	8
4 30	3
4 31	17
4 32	7
4 34	11
4 35	25
4 39	39
4 45	21
4 46	16
4 48	4
4 49	44
5 0	49
5 2	1
5 3	22
5 4	27
5 6	16
5 8	30
5 9	47
5 10	29
5 11	6
5 13	46
5 15	45
5 24	43
5 27	21
5 29	40
5 35	33
5 38	36
5 39	35
5 40	10
5 44	41
5 48	24
6 0	36
6 1	46
6 2	47
6 4	23
6 5	10
6 10	21
6 12	9
6 13	2
6 17	38
6 25	44
6 26	45
6 27	3
6 28	22
6 32	5
6 34	4
6 39	20
6 40	43
6 41	27
6 45	0
6 46	25
6 47	12
6 49	14
7 4	17
7 8	16
7 11	4
7 13	44
7 14	14
7 16	2
7 17	27
7 18	5
7 20	8
7 21	37
7 24	46
7 25	10
7 26	24
7 27	19
7 28	41
7 29	35
7 32	34
7 42	23
7 44	21
7 46	15
8 0	19
8 1	4
8 7	27
8 9	44
8 10	2
8 12	45
8 16	24
8 19	10
8 20	32
8 23	31
8 27	18
8 29	28
8 30	17
8 35	30
8 37	1
8 40	25
8 41	16
8 44	29
8 45	12
8 46	3
9 1	44
9 2	35
9 3	16
9 5	17
9 10	37
9 12	20
9 13	0
9 17	6
9 21	19
9 22	33
9 24	31
9 28	12
9 30	9
9 33	47
9 34	1
9 35	45
9 36	13
9 37	7
9 42	18
9 45	27
9 46	4
9 47	41
9 48	8
10 3	40
10 6	2
10 10	38
10 11	47
10 12	25
10 14	3
10 15	1
10 16	13
10 18	29
10 20	49
10 21	12
10 28	7
10 31	8
10 32	44
10 36	34
10 43	6
10 46	5
10 48	0
11 0	16
11 4	34
11 5	2
11 6	6
11 8	36
11 9	30
11 12	40
11 13	27
11 15	22
11 17	25
11 20	45
11 23	48
11 26	41
11 28	5
11 31	3
11 35	24
11 36	14
11 37	38
11 38	9
11 41	32
11 42	42
11 44	17
11 45	13
11 47	21
11 48	44
12 0	14
12 1	2
12 5	7
12 6	21
12 9	42
12 10	18
12 11	19
12 12	24
12 17	36
12 19	22
12 20	30
12 22	5
12 23	12
12 25	40
12 29	41
12 33	34
12 34	23
12 35	37
12 38	13
12 41	17
12 43	15
12 46	20
12 47	46
12 49	1
13 2	29
13 3	31
13 8	6
13 10	41
13 11	22
13 12	35
13 18	39
13 21	5
13 22	48
13 24	23
13 25	8
13 26	1
13 29	47
13 32	0
13 34	15
13 35	11
13 36	43
13 39	10
13 41	14
13 43	2
13 47	28
14 2	18
14 7	16
14 8	45
14 13	35
14 14	19
14 16	8
14 18	6
14 19	25
14 22	2
14 24	41
14 25	5
14 28	20
14 30	28
14 32	9
14 39	26
14 40	24
14 42	10
14 46	27
14 47	3
15 2	45
15 7	24
15 8	35
15 11	11
15 13	16
15 14	44
15 16	0
15 20	41
15 21	49
15 22	29
15 24	9
15 26	37
15 27	8
15 30	6
15 31	43
15 32	38
15 34	21
15 38	39
15 40	19
15 42	5
15 45	47
15 49	32
16 0	27
16 2	39
16 3	0
16 4	30
16 7	37
16 10	33
16 12	34
16 13	22
16 19	42
16 21	43
16 24	40
16 28	38
16 29	36
16 34	31
16 36	16
16 39	41
16 41	7
16 42	44
16 43	5
16 48	9
17 1	43
17 9	45
17 12	11
17 13	6
17 14	7
17 15	16
17 17	0
17 21	13
17 25	48
17 27	46
17 30	1
17 33	27
17 34	40
17 35	2
17 36	35
17 39	19
17 42	17
17 46	34
17 47	29
18 1	13
18 3	20
18 5	25
18 6	27
18 11	17
18 12	21
18 17	31
18 18	26
18 19	23
18 21	42
18 22	0
18 30	7
18 33	44
18 34	46
18 36	10
18 38	38
18 39	29
18 44	30
18 46	6
18 48	40
19 0	40
19 2	30
19 4	15
19 9	28
19 17	1
19 19	27
19 27	34
19 29	10
19 30	37
19 31	23
19 34	25
19 38	6
19 40	35
19 44	11
19 45	29
19 48	43
20 0	8
20 2	12
20 3	39
20 4	4
20 5	40
20 7	13
20 8	19
20 10	45
20 12	33
20 13	43
20 19	30
20 20	27
20 22	1
20 23	24
20 25	18
20 27	29
20 28	9
20 29	15
20 30	42
20 33	48
20 34	20
20 35	7
20 40	3
20 41	44
20 42	14
20 44	25
20 48	11
20 49	28
21 3	34
21 9	26
21 11	36
21 14	15
21 18	1
21 24	30
21 27	23
21 31	38
21 33	40
21 34	7
21 37	3
21 39	37
21 45	35
21 47	45
21 48	16
22 2	33
22 3	38
22 6	37
22 7	12
22 9	43
22 11	44
22 12	18
22 13	42
22 15	25
22 18	2
22 19	46
22 23	19
22 25	7
22 26	17
22 27	28
22 28	10
22 29	32
22 35	5
22 38	41
22 39	15
22 41	13
22 42	49
22 43	14
22 45	22
22 47	0
22 48	36
23 0	3
23 4	6
23 6	12
23 7	25
23 9	41
23 10	5
23 11	33
23 12	10
23 16	27
23 18	24
23 20	46
23 21	15
23 24	0
23 25	4
23 27	20
23 28	21
23 31	47
23 38	8
23 40	49
23 41	26
23 43	28
23 44	43
23 49	2
24 0	46
24 1	41
24 3	45
24 4	13
24 5	14
24 6	10
24 10	16
24 12	6
24 13	30
24 15	23
24 23	44
24 25	1
24 26	26
24 28	33
24 29	18
24 31	0
24 32	36
24 35	39
24 36	38
24 37	42
24 40	4
24 42	31
24 43	17
24 46	29
24 47	32
24 49	7
25 3	42
25 4	2
25 5	38
25 6	34
25 8	26
25 13	10
25 14	21
25 15	44
25 16	23
25 19	31
25 23	43
25 31	46
25 38	40
25 39	0
25 42	33
25 43	45
25 48	14
26 1	16
26 3	26
26 6	48
26 7	0
26 8	1
26 12	43
26 13	39
26 14	10
26 15	46
26 17	37
26 19	24
26 21	35
26 26	34
26 32	33
26 35	41
26 36	2
26 37	44
26 38	5
26 39	3
26 42	19
26 45	17
26 47	20
27 4	46
27 5	5
27 9	38
27 13	13
27 15	37
27 19	0
27 22	24
27 24	22
27 29	21
27 30	44
27 32	45
27 33	41
27 36	15
27 43	47
27 48	26
28 7	5
28 10	39
28 13	47
28 16	49
28 17	41
28 18	23
28 19	14
28 21	40
28 22	44
28 27	33
28 29	9
28 33	3
28 37	37
28 39	34
28 41	8
28 44	38
28 49	46
29 0	20
29 1	7
29 3	3
29 5	37
29 10	1
29 13	12
29 14	43
29 16	45
29 19	39
29 20	23
29 22	32
29 24	15
29 26	16
29 28	42
29 29	2
29 32	47
29 35	22
29 39	40
29 45	31
29 46	35
29 47	30
30 0	9
30 2	26
30 3	44
30 8	14
30 10	20
30 12	7
30 14	2
30 21	46
30 24	13
30 25	39
30 30	27
30 32	31
30 33	23
30 36	24
31 0	42
31 1	37
31 4	49
31 5	11
31 6	47
31 10	3
31 15	32
31 18	9
31 19	36
31 24	17
31 25	38
31 26	4
31 27	0
31 28	24
31 33	12
31 34	10
31 35	6
31 37	43
31 38	45
31 43	35
31 44	7
32 3	9
32 4	33
32 6	17
32 7	23
32 9	4
32 10	15
32 12	41
32 13	48
32 15	5
32 16	25
32 17	30
32 19	29
32 20	24
32 26	12
32 28	43
32 31	2
32 34	0
32 36	3
32 43	11
32 49	19
33 0	43
33 2	15
33 7	40
33 8	25
33 10	47
33 15	48
33 16	4
33 19	33
33 21	6
33 25	23
33 26	18
33 28	45
33 32	28
33 34	13
33 36	36
33 37	2
33 42	7
33 44	42
33 46	1
33 47	26
33 49	21
34 0	25
34 1	48
34 6	24
34 9	15
34 10	10
34 11	35
34 15	12
34 17	43
34 20	42
34 24	26
34 29	17
34 30	36
34 31	28
34 32	21
34 39	14
34 40	22
34 42	2
34 45	41
34 46	0
34 47	33
34 48	45
34 49	29
35 5	39
35 7	31
35 9	36
35 10	34
35 11	43
35 14	23
35 20	26
35 21	33
35 24	47
35 29	6
35 31	15
35 38	44
35 39	7
35 41	49
35 44	28
35 45	14
35 47	18
35 48	22
35 49	0
36 1	49
36 3	6
36 7	38
36 9	21
36 12	31
36 16	46
36 17	11
36 23	16
36 25	14
36 28	30
36 30	15
36 35	4
36 40	7
36 41	24
36 42	3
36 46	23
36 49	9
37 0	12
37 2	10
37 3	36
37 6	35
37 8	29
37 9	37
37 11	32
37 13	21
37 15	39
37 16	16
37 17	14
37 21	44
37 24	24
37 25	41
37 26	42
37 27	5
37 28	15
37 29	25
37 31	49
37 35	34
37 42	6
37 43	43
37 44	9
37 45	23
38 2	48
38 3	14
38 5	21
38 7	22
38 11	9
38 14	0
38 22	6
38 23	39
38 26	13
38 28	3
38 29	33
38 32	12
38 34	16
38 37	34
38 38	35
38 39	30
38 40	5
38 41	42
38 43	25
38 45	11
38 49	49
39 8	11
39 10	14
39 12	37
39 13	18
39 17	49
39 20	34
39 29	22
39 30	35
39 33	1
39 35	12
39 36	19
39 42	29
39 45	20
39 46	28
39 48	3
40 1	28
40 2	16
40 3	24
40 6	29
40 7	21
40 8	5
40 9	20
40 12	47
40 16	18
40 17	7
40 22	46
40 27	2
40 28	31
40 31	12
40 33	6
40 43	13
40 48	23
40 49	30
41 0	0
41 1	6
41 2	8
41 3	2
41 6	49
41 13	28
41 20	22
41 21	14
41 25	17
41 28	29
41 29	37
41 36	47
41 42	9
41 45	5
41 46	10
41 49	26
42 0	15
42 3	21
42 8	3
42 11	40
42 12	4
42 15	35
42 16	12
42 18	33
42 20	43
42 22	8
42 24	6
42 27	44
42 28	34
42 32	23
42 39	31
42 40	28
42 41	47
42 43	10
43 3	27
43 4	7
43 5	30
43 6	11
43 8	46
43 12	28
43 13	8
43 15	9
43 18	49
43 20	38
43 21	29
43 22	23
43 25	35
43 29	42
43 30	24
43 32	17
43 35	43
43 36	41
43 37	5
43 41	3
43 43	21
43 47	48
43 48	39
44 2	17
44 4	14
44 9	5
44 10	13
44 11	20
44 18	42
44 25	46
44 32	27
44 34	49
44 38	29
44 39	25
44 41	9
44 45	45
44 46	19
45 1	26
45 4	31
45 5	3
45 10	25
45 14	34
45 18	43
45 25	16
45 26	29
45 27	7
45 29	46
45 30	14
45 32	35
45 41	0
45 42	40
46 0	23
46 3	25
46 5	29
46 6	3
46 8	17
46 12	8
46 17	15
46 18	20
46 28	26
46 30	32
46 32	22
46 35	28
46 36	11
46 41	18
46 48	46
47 1	18
47 2	37
47 3	46
47 9	29
47 13	34
47 14	42
47 16	33
47 19	1
47 21	25
47 23	15
47 33	8
47 34	9
47 37	49
47 42	0
47 43	7
48 0	38
48 1	20
48 3	12
48 5	23
48 6	9
48 13	25
48 19	15
48 21	24
48 22	31
48 23	32
48 28	16
48 34	3
48 38	46
48 39	1
48 40	47
48 44	0
48 45	10
48 48	42
48 49	18
49 0	10
49 1	9
49 3	7
49 4	24
49 13	19
49 16	40
49 18	35
49 23	5
49 24	3
49 26	44
49 28	49
49 29	45
49 30	21
49 32	13
49 35	0
49 36	25
49 37	46
49 40	39
49 42	48
49 45	37
49 47	23
49 48	29
49 49	31
