50
0 2	3
0 3	30
0 6	18
0 9	26
0 14	5
0 26	21
0 29	17
0 30	24
0 33	27
0 37	16
0 38	15
0 43	32
0 46	22
0 49	14
1 1	46
1 8	6
1 15	27
1 17	38
1 19	49
1 22	40
1 25	15
1 33	39
1 36	48
1 41	28
1 42	43
1 43	33
1 44	45
1 47	31
2 2	40
2 9	27
2 13	6
2 19	13
2 23	5
2 30	45
2 35	22
2 40	11
2 42	14
2 46	44
2 48	31
3 4	49
3 6	14
3 7	32
3 8	43
3 9	5
3 11	45
3 15	46
3 17	9
3 19	16
3 22	25
3 24	3
3 26	31
3 28	8
3 32	28
3 41	15
3 42	38
3 44	35
4 0	42
4 4	33
4 7	31
4 8	18
4 15	0
4 19	8
4 21	26
4 23	49
4 25	39
4 27	15
4 33	11
5 1	45
5 5	40
5 7	29
5 8	7
5 11	43
5 18	48
5 19	39
5 24	21
5 26	17
5 28	31
5 33	24
5 35	41
5 36	33
5 45	12
5 46	2
6 3	6
6 4	3
6 15	49
6 17	14
6 20	30
6 23	7
6 24	16
6 26	25
6 32	9
6 33	17
6 34	48
6 36	36
6 37	32
6 39	35
6 44	27
6 45	29
7 3	47
7 9	44
7 12	34
7 17	36
7 25	32
7 26	35
7 28	0
7 30	40
7 36	6
7 37	13
7 41	9
7 42	15
7 44	31
8 4	0
8 5	48
8 9	8
8 15	17
8 22	18
8 24	47
8 25	36
8 27	32
8 28	44
8 30	41
8 32	19
8 33	15
8 34	7
8 35	35
8 40	43
8 42	30
8 46	38
8 47	25
9 0	47
9 2	45
9 3	31
9 7	26
9 13	4
9 18	18
9 25	2
9 28	12
9 29	37
9 31	24
9 32	13
9 34	30
9 35	43
9 36	44
9 47	36
10 0	40
10 1	6
10 2	38
10 5	29
10 6	3
10 7	24
10 9	43
10 10	32
10 12	9
10 13	0
10 18	14
10 20	12
10 23	28
10 27	49
10 28	20
10 29	33
10 31	18
10 34	42
10 35	31
10 39	25
10 40	45
10 45	7
10 48	34
10 49	47
11 1	17
11 18	1
11 19	46
11 20	35
11 24	38
11 26	45
11 29	39
11 31	29
11 33	25
11 40	0
11 41	41
11 44	42
12 1	1
12 2	43
12 3	21
12 4	14
12 6	41
12 7	42
12 8	16
12 14	31
12 15	30
12 17	25
12 18	5
12 25	11
12 26	24
12 31	7
12 32	8
12 33	36
12 34	10
12 38	37
12 39	45
12 40	2
12 46	4
13 2	17
13 3	45
13 4	38
13 7	14
13 15	43
13 16	41
13 18	21
13 21	35
13 23	32
13 30	7
13 32	23
13 35	18
13 36	29
13 38	27
13 39	4
13 41	11
13 45	2
13 46	36
13 47	13
13 48	39
13 49	12
14 0	45
14 1	20
14 4	30
14 11	36
14 12	28
14 13	44
14 14	43
14 21	31
14 23	38
14 24	34
14 29	9
14 33	10
14 34	6
14 37	24
14 49	4
15 6	1
15 11	26
15 17	44
15 19	28
15 22	46
15 26	19
15 29	10
15 32	30
15 33	0
15 35	36
15 41	8
15 46	48
16 3	43
16 4	17
16 13	23
16 24	48
16 26	26
16 31	38
16 35	29
16 36	9
16 39	5
16 40	14
16 42	24
16 46	37
17 7	20
17 9	3
17 12	38
17 13	21
17 15	8
17 20	43
17 25	13
17 28	25
17 33	44
17 36	37
17 37	10
18 5	5
18 6	24
18 17	31
18 18	11
18 33	43
18 34	1
18 38	48
18 41	33
18 43	3
18 46	14
19 2	44
19 13	1
19 15	13
19 18	25
19 20	0
19 28	11
19 29	18
19 31	5
19 32	2
19 34	28
19 35	16
19 37	43
19 42	39
19 45	26
19 48	48
19 49	27
20 6	29
20 7	47
20 13	45
20 22	2
20 24	49
20 25	38
20 29	20
20 30	37
20 31	13
20 33	35
20 37	6
20 38	43
20 44	1
20 45	44
20 48	16
20 49	24
21 3	3
21 16	29
21 17	23
21 22	30
21 24	9
21 25	5
21 28	6
21 29	4
21 30	31
21 33	14
21 34	15
21 35	42
21 41	39
21 42	26
21 44	8
21 49	7
22 0	30
22 1	4
22 3	48
22 6	31
22 9	18
22 10	16
22 12	7
22 14	6
22 16	5
22 18	35
22 19	3
22 20	13
22 22	33
22 23	22
22 27	11
22 29	0
22 30	49
22 32	17
22 35	46
22 37	8
22 40	34
22 45	47
22 47	45
23 2	15
23 4	31
23 5	26
23 6	38
23 12	35
23 14	24
23 17	41
23 21	44
23 23	9
23 24	19
23 28	33
23 29	7
23 30	27
23 42	34
23 43	1
23 44	46
24 0	36
24 2	13
24 5	7
24 6	43
24 9	12
24 11	22
24 12	45
24 17	40
24 20	31
24 28	26
24 30	9
24 33	18
24 34	38
24 35	27
24 41	3
24 45	46
24 47	5
25 0	8
25 1	36
25 3	16
25 6	0
25 7	5
25 13	3
25 27	2
25 40	32
25 44	40
25 48	43
26 5	31
26 15	39
26 17	35
26 22	45
26 23	18
26 24	11
26 27	6
26 35	26
26 36	13
26 41	12
26 44	28
26 45	3
26 46	1
27 0	34
27 7	0
27 11	24
27 12	26
27 14	32
27 21	47
27 25	1
27 26	9
27 34	41
27 35	15
27 36	25
27 38	36
27 40	3
27 42	27
27 45	38
27 46	49
28 8	10
28 10	7
28 11	40
28 13	34
28 15	44
28 16	42
28 17	27
28 20	39
28 21	46
28 25	20
28 28	15
28 31	36
28 32	47
28 36	8
28 37	37
28 39	11
28 41	6
28 42	22
28 44	49
28 45	24
28 48	33
29 3	25
29 4	45
29 5	42
29 6	7
29 9	1
29 12	13
29 14	10
29 22	11
29 24	15
29 25	47
29 26	40
29 29	22
29 33	48
29 36	5
29 37	9
29 38	20
29 39	29
29 40	21
29 45	27
29 46	39
29 49	44
30 3	5
30 4	46
30 5	15
30 12	23
30 15	21
30 16	25
30 20	7
30 21	37
30 22	4
30 32	12
30 42	28
30 45	18
31 2	33
31 4	44
31 6	19
31 8	45
31 10	40
31 14	48
31 20	24
31 24	2
31 27	0
31 36	46
31 43	36
31 46	18
31 47	22
31 49	28
32 19	47
32 25	16
32 27	21
32 29	26
32 42	10
32 44	34
32 46	33
32 47	6
33 0	5
33 1	42
33 2	16
33 3	1
33 5	32
33 6	35
33 8	31
33 12	49
33 16	18
33 18	15
33 19	14
33 20	34
33 21	11
33 25	10
33 26	47
33 27	13
33 33	40
33 42	41
33 45	6
33 47	19
34 7	21
34 10	18
34 13	15
34 16	48
34 18	3
34 21	17
34 22	5
34 30	19
34 33	45
34 37	41
34 40	13
34 41	0
34 42	6
34 43	14
34 44	44
34 47	43
35 0	44
35 8	32
35 10	6
35 17	0
35 21	49
35 27	33
35 29	48
35 31	8
35 34	25
35 37	36
35 39	21
35 42	19
35 46	12
36 2	31
36 6	10
36 8	27
36 9	0
36 13	42
36 15	37
36 16	16
36 17	48
36 20	17
36 27	40
36 29	38
36 34	5
36 38	44
36 39	6
36 42	47
36 43	34
36 45	36
36 49	2
37 0	0
37 5	46
37 6	13
37 7	48
37 14	36
37 17	39
37 21	16
37 26	37
37 27	10
37 31	47
37 33	2
37 34	21
37 35	20
37 38	19
37 40	25
37 49	30
38 5	3
38 6	42
38 10	48
38 13	28
38 16	31
38 18	13
38 27	14
38 29	25
38 31	26
38 35	21
38 40	10
38 42	12
39 0	32
39 1	21
39 10	31
39 14	46
39 19	18
39 26	6
39 33	38
39 38	3
39 40	17
39 42	49
39 46	25
40 1	49
40 5	41
40 10	10
40 16	30
40 19	19
40 21	13
40 27	22
40 30	46
40 34	47
40 39	23
40 43	37
40 48	3
41 1	23
41 2	1
41 10	45
41 15	34
41 18	36
41 21	32
41 23	30
41 24	10
41 31	3
41 33	16
41 34	37
41 40	49
41 41	43
41 42	46
41 46	27
41 47	48
42 0	7
42 9	2
42 13	14
42 14	34
42 15	26
42 24	18
42 32	35
42 33	33
42 34	12
42 35	9
42 36	49
42 44	32
42 45	22
42 46	31
42 49	17
43 3	12
43 5	11
43 13	18
43 17	15
43 20	47
43 22	34
43 23	8
43 27	29
43 32	10
43 36	16
43 37	3
43 38	23
43 43	46
43 47	33
43 49	13
44 1	22
44 2	20
44 3	46
44 8	1
44 14	13
44 17	28
44 21	4
44 22	14
44 25	48
44 26	49
44 36	23
44 39	15
44 40	6
44 43	43
45 6	30
45 15	35
45 22	7
45 24	25
45 27	9
45 31	27
45 37	0
45 39	26
45 40	1
45 41	18
46 2	19
46 4	11
46 8	5
46 15	7
46 17	45
46 23	4
46 24	24
46 29	14
46 36	47
46 37	31
46 38	12
46 40	8
46 44	6
46 47	34
47 0	9
47 1	10
47 2	37
47 11	49
47 18	17
47 19	34
47 20	38
47 27	7
47 30	18
47 31	44
47 32	43
47 33	22
47 34	8
47 35	13
47 40	24
47 41	20
47 42	16
47 43	6
47 44	48
47 45	42
47 46	29
48 5	12
48 6	48
48 9	10
48 10	14
48 12	15
48 13	11
48 24	35
48 31	45
48 34	2
48 37	46
48 41	23
48 44	13
48 49	49
49 4	29
49 7	13
49 8	47
49 11	30
49 13	35
49 17	11
49 28	39
49 34	14
49 39	24
49 40	36
49 41	31
49 45	41
49 47	32
