50
0 2	47
0 3	26
0 4	7
0 5	18
0 7	8
0 8	38
0 9	30
0 10	10
0 11	17
0 14	44
0 16	43
0 18	22
0 19	37
0 22	42
0 23	24
0 25	33
0 26	4
0 28	35
0 29	48
0 30	40
0 32	23
0 33	21
0 34	32
0 35	29
0 36	20
0 38	39
0 39	16
0 40	46
0 41	13
0 44	2
0 45	12
0 46	49
0 49	34
1 1	38
1 4	0
1 5	28
1 6	34
1 7	14
1 11	47
1 14	22
1 15	32
1 16	19
1 19	49
1 20	6
1 21	13
1 22	2
1 23	8
1 24	43
1 25	3
1 26	15
1 27	26
1 28	39
1 30	5
1 31	48
1 32	31
1 33	41
1 34	20
1 36	11
1 37	37
1 40	24
1 41	25
1 42	23
1 44	4
1 46	27
1 47	1
1 48	16
2 0	11
2 2	39
2 3	46
2 4	16
2 6	22
2 7	13
2 8	20
2 9	0
2 10	19
2 11	33
2 14	26
2 17	10
2 19	47
2 20	43
2 22	45
2 24	24
2 25	7
2 26	42
2 27	30
2 28	18
2 29	36
2 30	38
2 32	27
2 33	40
2 34	2
2 35	28
2 36	49
2 38	9
2 39	6
2 40	25
2 41	35
2 43	34
2 45	21
2 46	41
2 47	14
2 48	32
2 49	37
3 1	35
3 3	9
3 4	26
3 5	37
3 6	25
3 8	14
3 9	13
3 10	48
3 11	43
3 12	30
3 13	22
3 16	44
3 17	17
3 19	0
3 23	2
3 24	32
3 25	46
3 27	24
3 28	42
3 30	12
3 31	6
3 32	5
3 33	8
3 34	49
3 35	11
3 36	7
3 37	15
3 38	29
3 41	27
3 43	41
3 44	33
3 45	1
3 46	36
3 47	3
3 48	20
3 49	28
4 0	38
4 1	16
4 2	42
4 5	8
4 6	39
4 7	12
4 10	23
4 12	31
4 13	28
4 14	24
4 16	45
4 21	36
4 22	9
4 23	32
4 26	27
4 28	0
4 30	47
4 31	44
4 33	46
4 34	4
4 36	2
4 38	34
4 39	35
4 40	43
4 41	11
4 42	22
4 45	15
4 46	1
4 48	29
5 1	17
5 3	27
5 4	2
5 5	16
5 10	25
5 11	32
5 12	0
5 13	21
5 14	34
5 15	42
5 16	11
5 17	26
5 18	19
5 19	30
5 20	8
5 22	18
5 24	4
5 25	24
5 27	13
5 29	39
5 30	28
5 32	14
5 33	7
5 34	35
5 35	41
5 36	22
5 37	29
5 38	3
5 40	9
5 42	49
5 44	43
5 45	45
5 47	15
5 48	40
5 49	1
6 0	33
6 3	11
6 4	19
6 5	43
6 6	35
6 7	1
6 9	2
6 10	47
6 11	45
6 13	38
6 14	13
6 15	16
6 16	15
6 17	22
6 18	49
6 20	29
6 22	14
6 23	3
6 26	31
6 27	21
6 28	40
6 30	37
6 31	34
6 33	32
6 34	12
6 35	25
6 38	8
6 43	10
6 45	7
6 46	9
6 47	23
6 48	30
7 0	12
7 1	44
7 2	37
7 4	1
7 5	27
7 7	33
7 8	29
7 9	36
7 10	43
7 11	11
7 12	35
7 14	41
7 15	3
7 16	47
7 17	45
7 19	31
7 20	15
7 21	22
7 22	23
7 23	26
7 24	48
7 26	40
7 27	9
7 30	8
7 32	39
7 34	14
7 36	16
7 37	4
7 38	32
7 39	21
7 41	20
7 44	7
7 47	25
7 48	6
8 0	15
8 1	27
8 3	49
8 4	11
8 5	35
8 6	37
8 7	3
8 8	13
8 10	7
8 11	19
8 12	9
8 14	21
8 16	17
8 19	23
8 20	24
8 21	42
8 24	22
8 25	8
8 26	20
8 28	33
8 29	2
8 30	16
8 31	29
8 32	34
8 33	39
8 34	28
8 35	5
8 37	45
8 38	38
8 40	47
8 41	30
8 42	31
8 45	44
8 46	46
8 49	18
9 2	20
9 4	22
9 6	41
9 7	23
9 8	49
9 11	8
9 12	34
9 14	10
9 15	47
9 16	31
9 18	38
9 19	28
9 21	12
9 22	0
9 24	15
9 25	26
9 26	21
9 27	3
9 28	4
9 30	36
9 32	18
9 33	5
9 34	16
9 35	37
9 37	9
9 38	11
9 39	19
9 40	2
9 43	33
9 44	6
9 45	42
9 46	43
9 47	7
9 48	25
9 49	44
10 0	26
10 1	4
10 3	7
10 4	21
10 5	6
10 12	18
10 13	32
10 14	11
10 15	33
10 17	29
10 20	13
10 21	0
10 22	41
10 23	44
10 25	20
10 27	37
10 30	3
10 31	39
10 34	42
10 35	27
10 36	10
10 37	43
10 38	45
10 39	2
10 41	36
10 42	12
10 43	38
10 44	19
10 45	47
10 46	35
10 47	46
10 48	23
11 0	41
11 1	26
11 2	16
11 3	45
11 5	40
11 7	15
11 8	10
11 11	4
11 12	17
11 13	49
11 14	31
11 15	9
11 18	0
11 19	39
11 21	44
11 22	12
11 23	11
11 24	14
11 27	46
11 28	23
11 31	35
11 32	37
11 33	18
11 36	1
11 37	21
11 38	19
11 39	42
11 40	33
11 41	38
11 43	30
11 44	47
11 45	3
11 46	28
11 47	6
11 48	24
11 49	32
12 0	19
12 1	34
12 2	22
12 3	28
12 4	39
12 5	48
12 6	16
12 7	43
12 9	25
12 10	24
12 11	31
12 12	11
12 13	30
12 15	49
12 16	6
12 17	18
12 18	12
12 20	2
12 21	21
12 22	37
12 23	17
12 24	26
12 25	44
12 28	9
12 30	23
12 31	45
12 32	36
12 33	27
12 35	35
12 36	29
12 37	42
12 38	10
12 39	5
12 40	40
12 41	3
12 43	4
12 45	8
12 46	33
12 47	0
13 1	9
13 2	40
13 3	44
13 4	30
13 5	17
13 6	23
13 7	34
13 9	43
13 10	12
13 12	8
13 14	3
13 15	45
13 16	21
13 18	15
13 20	33
13 21	26
13 23	42
13 26	35
13 27	39
13 29	29
13 30	10
13 31	13
13 32	20
13 33	48
13 35	0
13 37	7
13 38	5
13 39	32
13 41	22
13 43	18
13 44	37
13 45	27
13 47	2
13 48	19
13 49	25
14 0	48
14 1	23
14 2	11
14 3	19
14 4	14
14 5	5
14 7	4
14 8	1
14 9	10
14 11	29
14 13	44
14 14	37
14 16	41
14 17	9
14 18	36
14 19	42
14 21	8
14 22	46
14 23	13
14 24	33
14 25	0
14 26	43
14 27	45
14 28	6
14 29	21
14 30	35
14 31	7
14 34	47
14 35	20
14 37	30
14 38	25
14 39	28
14 40	18
14 42	27
14 45	22
14 46	3
14 47	24
14 48	39
14 49	15
15 0	22
15 1	43
15 3	39
15 4	38
15 5	19
15 6	20
15 7	24
15 9	4
15 10	34
15 11	49
15 14	5
15 15	27
15 17	31
15 18	40
15 19	46
15 21	11
15 22	32
15 25	37
15 26	14
15 27	25
15 28	48
15 29	0
15 30	1
15 31	3
15 32	2
15 34	44
15 35	13
15 36	8
15 37	35
15 39	36
15 40	30
15 41	10
15 42	41
15 43	9
15 45	23
15 47	21
15 49	33
16 0	31
16 1	42
16 2	7
16 4	28
16 5	30
16 6	49
16 7	22
16 9	40
16 11	44
16 12	24
16 13	11
16 16	25
16 17	48
16 20	4
16 21	6
16 24	9
16 25	12
16 27	38
16 28	19
16 29	8
16 30	46
16 31	21
16 34	10
16 35	3
16 36	37
16 37	18
16 38	2
16 39	29
16 41	5
16 42	15
16 43	43
16 45	14
16 46	34
16 47	20
16 48	41
16 49	36
17 0	46
17 3	16
17 4	5
17 5	10
17 6	13
17 7	25
17 8	15
17 9	38
17 10	31
17 11	30
17 12	7
17 13	26
17 14	0
17 15	44
17 16	18
17 17	35
17 18	48
17 19	6
17 20	39
17 21	37
17 26	23
17 27	2
17 28	34
17 29	1
17 31	11
17 34	40
17 37	28
17 39	14
17 40	29
17 41	24
17 42	42
17 43	17
17 45	41
17 46	47
17 47	32
17 49	49
18 0	28
18 1	25
18 4	32
18 5	15
18 6	12
18 7	44
18 8	37
18 9	11
18 12	42
18 13	8
18 14	23
18 17	36
18 18	39
18 19	33
18 20	9
18 22	30
18 23	29
18 24	1
18 26	48
18 29	3
18 32	40
18 35	14
18 36	41
18 37	20
18 38	0
18 39	26
18 40	6
18 41	47
18 47	35
18 48	17
18 49	45
19 0	9
19 1	12
19 3	8
19 4	49
19 6	2
19 7	27
19 9	42
19 10	14
19 11	37
19 14	7
19 15	29
19 16	32
19 17	5
19 18	11
19 21	39
19 23	6
19 24	40
19 25	30
19 26	10
19 27	31
19 29	15
19 30	22
19 32	4
19 33	13
19 34	19
19 35	45
19 36	47
19 37	16
19 38	24
19 39	3
19 40	23
19 41	41
19 43	25
19 44	35
19 45	26
19 46	21
19 47	48
19 49	0
20 0	14
20 1	36
20 2	25
20 5	0
20 6	5
20 7	17
20 8	46
20 9	9
20 11	39
20 12	15
20 13	13
20 14	35
20 19	45
20 20	41
20 22	47
20 23	27
20 25	6
20 26	26
20 27	33
20 29	32
20 30	4
20 31	24
20 33	16
20 35	7
20 36	42
20 37	40
20 38	30
20 39	22
20 40	21
20 41	49
20 43	20
20 45	19
20 47	12
20 49	23
21 1	31
21 2	3
21 3	23
21 4	36
21 5	20
21 6	9
21 8	43
21 13	45
21 14	46
21 15	24
21 16	33
21 17	44
21 18	42
21 19	12
21 20	5
21 21	48
21 22	22
21 24	27
21 25	14
21 27	8
21 28	7
21 29	40
21 31	49
21 32	10
21 33	11
21 34	21
21 37	34
21 38	37
21 40	26
21 41	17
21 45	4
21 46	25
21 47	30
21 48	2
21 49	47
22 0	37
22 1	32
22 2	21
22 3	43
22 4	35
22 5	36
22 7	45
22 8	2
22 9	20
22 12	49
22 13	33
22 14	8
22 16	22
22 17	0
22 18	29
22 19	3
22 20	31
22 21	28
22 23	46
22 24	42
22 25	39
22 26	41
22 27	1
22 28	5
22 29	9
22 31	25
22 32	12
22 33	19
22 35	4
22 36	38
22 37	47
22 39	34
22 40	11
22 41	6
22 44	14
22 47	26
22 48	10
22 49	16
23 0	30
23 2	41
23 3	22
23 4	37
23 5	1
23 6	11
23 11	15
23 12	27
23 14	32
23 15	7
23 22	13
23 23	33
23 26	12
23 27	10
23 30	26
23 31	28
23 32	21
23 33	4
23 34	0
23 35	36
23 36	40
23 37	19
23 38	31
23 40	49
23 41	45
23 43	23
23 44	3
23 45	43
23 46	14
23 47	44
23 48	35
23 49	39
24 0	2
24 1	48
24 3	17
24 4	13
24 5	42
24 7	29
24 8	22
24 9	46
24 10	4
24 11	6
24 12	47
24 13	5
24 14	20
24 15	28
24 16	34
24 18	23
24 19	7
24 20	21
24 21	32
24 22	49
24 23	37
24 24	39
24 25	1
24 26	24
24 27	44
24 28	38
24 29	35
24 33	0
24 34	26
24 35	19
24 36	33
24 39	9
24 41	15
24 43	3
24 44	16
24 45	11
24 46	18
24 47	36
24 48	31
25 0	40
25 3	48
25 4	44
25 5	22
25 6	45
25 7	26
25 9	18
25 11	21
25 13	9
25 14	43
25 15	25
25 16	3
25 18	37
25 19	15
25 20	34
25 21	47
25 22	8
25 23	38
25 24	35
25 25	17
25 27	12
25 29	46
25 30	42
25 31	4
25 32	19
25 33	30
25 34	33
25 35	23
25 37	6
25 38	20
25 39	13
25 40	31
25 45	36
25 47	27
25 48	49
25 49	10
26 0	42
26 1	13
26 3	12
26 4	3
26 6	44
26 7	28
26 8	39
26 9	16
26 10	0
26 11	7
26 13	15
26 14	4
26 16	37
26 18	6
26 19	48
26 23	49
26 25	45
26 26	36
26 27	22
26 28	43
26 29	20
26 30	2
26 31	40
26 32	30
26 34	18
26 35	46
26 37	11
26 38	17
26 39	24
26 41	1
26 44	25
26 45	5
26 46	23
26 49	35
27 4	15
27 5	47
27 6	18
27 7	32
27 9	33
27 10	27
27 12	28
27 13	31
27 15	21
27 16	35
27 17	39
27 18	44
27 19	20
27 20	30
27 21	40
27 22	3
27 23	14
27 24	10
27 26	8
27 27	0
27 29	37
27 30	9
27 32	11
27 33	17
27 34	22
27 37	25
27 38	4
27 39	1
27 40	36
27 42	48
27 43	46
27 44	26
27 45	6
27 48	42
27 49	29
28 0	0
28 1	7
28 4	42
28 5	21
28 6	24
28 8	19
28 9	45
28 10	36
28 11	40
28 12	43
28 15	18
28 16	27
28 21	41
28 23	35
28 24	29
28 25	11
28 26	22
28 27	6
28 28	25
28 29	38
28 30	30
28 31	20
28 32	16
28 34	46
28 35	26
28 36	44
28 37	23
28 39	39
28 40	12
28 41	9
28 43	8
28 44	31
28 45	48
28 46	37
28 47	5
28 48	13
28 49	4
29 0	16
29 1	49
29 2	13
29 3	18
29 4	29
29 5	31
29 6	10
29 7	41
29 8	3
29 11	26
29 13	19
29 14	1
29 15	48
29 16	7
29 17	11
29 18	35
29 19	17
29 20	46
29 22	20
29 23	5
29 24	25
29 25	9
29 26	0
29 30	15
29 31	14
29 32	42
29 33	36
29 34	27
29 36	23
29 38	6
29 39	30
29 40	22
29 41	21
29 42	24
29 43	28
29 44	40
29 45	32
29 46	12
29 47	37
30 1	6
30 2	44
30 3	34
30 4	47
30 8	27
30 9	49
30 16	13
30 17	38
30 18	17
30 19	21
30 20	22
30 21	25
30 22	15
30 23	43
30 26	37
30 27	40
30 28	45
30 29	12
30 30	41
30 31	33
30 32	7
30 33	24
30 35	8
30 37	36
30 39	20
30 42	5
30 43	0
30 44	18
30 48	48
30 49	30
31 0	18
31 1	21
31 3	3
31 4	4
31 5	25
31 7	11
31 8	31
31 9	17
31 10	22
31 11	24
31 12	45
31 13	34
31 14	9
31 16	0
31 17	42
31 19	26
31 20	19
31 21	23
31 22	35
31 24	16
31 27	7
31 30	29
31 33	12
31 34	15
31 36	28
31 37	44
31 38	13
31 39	48
31 40	38
31 41	33
31 42	37
31 43	27
31 45	39
31 47	8
31 48	5
32 0	34
32 1	10
32 2	33
32 3	41
32 4	31
32 5	11
32 6	0
32 8	35
32 11	14
32 12	6
32 13	16
32 15	15
32 16	38
32 17	23
32 18	47
32 19	36
32 21	30
32 22	27
32 26	29
32 27	18
32 28	12
32 29	42
32 30	17
32 31	9
32 32	32
32 34	8
32 35	24
32 36	26
32 37	49
32 38	40
32 39	4
32 41	44
32 42	13
32 43	37
32 44	5
32 46	7
32 47	39
32 48	1
32 49	22
33 1	20
33 3	4
33 4	43
33 5	46
33 6	40
33 7	0
33 8	28
33 9	8
33 11	12
33 12	33
33 13	29
33 15	30
33 17	47
33 18	2
33 20	25
33 21	45
33 22	34
33 23	41
33 26	18
33 27	19
33 28	11
33 29	26
33 30	39
33 37	1
33 39	31
33 40	5
33 41	23
33 42	21
33 45	13
33 47	9
33 48	38
34 1	40
34 2	29
34 3	5
34 7	48
34 8	30
34 9	37
34 10	16
34 12	26
34 13	23
34 15	10
34 16	28
34 17	46
34 18	20
34 19	44
34 21	38
34 22	17
34 23	12
34 24	45
34 25	18
34 26	25
34 27	27
34 28	22
34 32	13
34 33	47
34 34	9
34 38	49
34 40	4
34 41	8
34 42	6
34 44	24
34 45	0
34 46	15
34 47	43
34 48	7
34 49	31
35 0	25
35 1	29
35 5	4
35 7	35
35 9	28
35 10	17
35 11	22
35 12	16
35 13	43
35 15	36
35 16	20
35 17	7
35 18	32
35 19	13
35 21	31
35 22	19
35 24	21
35 26	9
35 28	37
35 30	45
35 31	1
35 32	33
35 35	30
35 37	38
35 38	15
35 39	49
35 40	41
35 42	3
35 43	40
35 46	44
35 48	14
36 0	24
36 2	12
36 3	31
36 4	46
36 7	20
36 9	6
36 10	15
36 11	36
36 13	7
36 14	29
36 15	14
36 16	16
36 17	13
36 19	34
36 20	45
36 22	21
36 25	43
36 26	39
36 27	5
36 28	32
36 29	41
36 30	19
36 31	26
36 32	38
36 35	44
36 37	2
36 38	22
36 39	33
36 40	35
36 41	0
36 45	25
36 46	40
36 47	28
36 48	4
36 49	48
37 0	4
37 1	46
37 2	32
37 4	33
37 6	28
37 7	10
37 8	11
37 9	26
37 11	23
37 12	48
37 13	0
37 14	38
37 15	39
37 16	30
37 17	3
37 18	21
37 19	35
37 20	18
37 21	24
37 22	7
37 23	47
37 24	13
37 26	2
37 28	41
37 29	17
37 31	19
37 33	25
37 34	31
37 38	1
37 40	20
37 41	42
37 42	43
37 43	44
37 44	22
37 45	34
37 46	6
37 49	27
38 0	44
38 1	2
38 3	36
38 5	38
38 6	31
38 7	40
38 8	41
38 9	14
38 10	42
38 11	0
38 12	32
38 13	4
38 14	33
38 15	23
38 17	1
38 18	5
38 19	18
38 20	10
38 21	15
38 22	39
38 23	7
38 24	6
38 25	29
38 27	28
38 28	20
38 29	47
38 32	49
38 33	22
38 34	43
38 35	48
38 36	19
38 37	12
38 38	27
38 40	37
38 42	16
38 43	35
38 44	21
38 45	24
39 0	13
39 3	20
39 4	41
39 5	45
39 7	18
39 8	8
39 10	38
39 11	46
39 12	4
39 13	35
39 15	5
39 16	24
39 17	2
39 18	25
39 20	44
39 21	7
39 22	29
39 24	11
39 25	23
39 27	47
39 28	21
39 29	49
39 30	34
39 32	43
39 33	6
39 34	37
39 35	10
39 36	48
39 37	27
39 39	12
39 42	36
39 44	9
39 46	16
39 47	33
39 48	0
40 0	45
40 2	0
40 3	32
40 4	17
40 7	37
40 10	1
40 11	25
40 12	10
40 13	46
40 15	19
40 17	24
40 18	28
40 20	26
40 22	16
40 23	30
40 24	5
40 25	48
40 26	38
40 27	4
40 28	15
40 29	31
40 31	47
40 32	41
40 35	33
40 36	13
40 37	39
40 38	21
40 39	11
40 40	7
40 41	18
40 44	23
40 45	2
40 46	8
40 47	49
40 48	43
40 49	6
41 3	21
41 4	40
41 6	47
41 8	26
41 10	28
41 11	3
41 13	24
41 15	1
41 16	39
41 20	32
41 22	33
41 23	4
41 24	17
41 25	31
41 26	30
41 27	15
41 31	2
41 32	46
41 37	13
41 38	36
41 39	25
41 42	18
41 43	48
41 44	12
41 45	35
41 46	22
41 47	19
41 48	37
41 49	8
42 0	35
42 1	33
42 2	23
42 3	15
42 4	27
42 5	26
42 6	29
42 7	5
42 9	3
42 10	20
42 11	13
42 12	1
42 13	37
42 14	30
42 15	31
42 16	10
42 20	48
42 21	2
42 23	21
42 24	41
42 28	8
42 29	4
42 30	18
42 32	9
42 34	24
42 35	6
42 36	45
42 37	14
42 39	0
42 40	17
42 41	19
42 42	7
42 43	47
42 44	28
42 46	39
42 47	11
43 0	29
43 1	14
43 2	43
43 3	0
43 5	41
43 6	21
43 7	36
43 8	4
43 9	23
43 14	15
43 15	22
43 16	2
43 18	18
43 19	16
43 21	9
43 22	5
43 23	1
43 24	38
43 27	35
43 28	26
43 29	27
43 30	32
43 31	8
43 32	25
43 33	33
43 34	48
43 35	31
43 41	37
43 42	10
43 44	46
43 45	30
43 46	19
43 47	40
43 48	44
43 49	17
44 0	17
44 1	8
44 2	24
44 5	44
44 7	49
44 9	31
44 10	21
44 13	10
44 14	36
44 16	23
44 17	12
44 18	27
44 19	41
44 20	7
44 21	14
44 22	38
44 23	15
44 24	47
44 25	4
44 26	3
44 28	28
44 30	0
44 31	37
44 32	6
44 33	34
44 34	5
44 35	16
44 37	26
44 38	18
44 40	32
44 42	35
44 44	1
44 45	9
44 46	29
45 0	43
45 1	37
45 3	40
45 4	9
45 9	39
45 10	2
45 11	10
45 15	41
45 16	42
45 17	4
45 18	26
45 19	5
45 22	11
45 23	48
45 24	8
45 25	38
45 26	49
45 27	29
45 28	47
45 30	31
45 32	35
45 33	1
45 34	25
45 35	21
45 36	32
45 37	0
45 38	46
45 42	44
45 43	24
45 44	20
45 45	28
45 46	30
45 47	22
45 48	45
46 0	21
46 1	28
46 5	7
46 6	4
46 7	31
46 8	45
46 9	15
46 10	46
46 12	38
46 14	40
46 15	37
46 16	12
46 17	20
46 19	19
46 22	24
46 24	23
46 25	27
46 26	16
46 28	13
46 29	25
46 30	14
46 31	41
46 32	48
46 33	10
46 34	3
46 35	32
46 37	22
46 38	43
46 39	44
46 42	11
46 43	5
46 44	29
46 45	33
46 47	18
46 48	9
46 49	26
47 0	8
47 1	45
47 2	36
47 3	35
47 4	23
47 5	24
47 7	30
47 8	9
47 10	33
47 11	41
47 13	3
47 15	40
47 17	27
47 18	4
47 19	2
47 20	12
47 21	18
47 22	6
47 23	25
47 24	0
47 27	42
47 28	31
47 32	15
47 33	20
47 37	46
47 38	14
47 39	47
47 40	39
47 42	26
47 43	22
47 45	17
47 46	48
47 48	28
47 49	11
48 0	3
48 1	5
48 2	14
48 3	25
48 4	12
48 6	48
48 8	21
48 9	35
48 10	13
48 11	20
48 12	22
48 14	6
48 15	2
48 17	15
48 18	33
48 19	11
48 20	27
48 21	49
48 23	39
48 24	30
48 25	10
48 26	47
48 28	44
48 29	28
48 30	24
48 31	18
48 32	45
48 33	37
48 34	34
48 35	1
48 36	43
48 37	8
48 38	16
48 39	40
48 42	4
48 43	32
48 44	42
48 45	29
48 46	17
48 48	46
48 49	7
49 0	5
49 1	11
49 2	38
49 3	47
49 5	39
49 8	40
49 9	7
49 10	30
49 12	25
49 13	42
49 15	46
49 16	14
49 18	24
49 21	29
49 22	48
49 26	1
49 27	49
49 28	3
49 29	23
49 30	33
49 31	43
49 33	26
49 35	15
49 38	44
49 40	13
49 41	4
49 42	32
49 43	36
49 44	41
49 46	20
49 47	31
49 48	21
