50
0 1	13
0 4	44
0 5	3
0 9	30
0 10	29
0 11	25
0 15	27
0 17	18
0 23	19
0 27	5
0 28	32
0 33	4
0 34	2
0 38	23
0 44	22
1 1	42
1 9	25
1 10	20
1 11	2
1 19	21
1 23	17
1 24	1
1 31	44
1 38	14
1 40	4
1 43	5
1 45	40
2 0	6
2 5	7
2 6	32
2 11	38
2 20	2
2 27	41
2 32	29
2 34	44
2 42	47
2 45	0
2 49	18
3 2	17
3 3	42
3 6	3
3 7	35
3 12	28
3 13	40
3 14	2
3 15	45
3 16	26
3 18	22
3 21	27
3 23	5
3 24	16
3 29	0
3 32	4
3 34	15
3 36	18
3 38	49
3 44	7
3 45	21
3 47	48
4 3	44
4 5	29
4 10	7
4 13	14
4 16	17
4 21	13
4 24	19
4 26	31
4 28	12
4 29	33
4 30	10
4 36	20
4 37	2
4 38	34
4 42	32
4 43	30
4 44	49
4 45	16
4 47	45
5 3	0
5 4	19
5 7	28
5 12	31
5 18	25
5 22	34
5 23	29
5 26	40
5 47	42
5 49	15
6 6	34
6 7	30
6 10	45
6 14	14
6 19	49
6 20	44
6 21	16
6 24	4
6 29	25
6 33	38
6 36	0
6 38	27
6 39	26
6 48	8
6 49	41
7 5	5
7 6	24
7 11	15
7 14	3
7 20	35
7 26	10
7 28	27
7 30	1
7 34	22
7 35	4
7 42	34
7 44	47
8 7	11
8 10	1
8 11	33
8 14	19
8 16	3
8 18	6
8 19	17
8 23	42
8 24	37
8 25	13
8 29	32
8 30	9
8 31	48
8 32	30
8 34	45
8 36	5
8 38	0
8 41	4
8 43	34
9 3	38
9 5	17
9 6	43
9 7	47
9 9	27
9 12	22
9 14	10
9 15	49
9 19	20
9 23	4
9 27	8
9 28	16
9 32	23
9 33	11
9 34	34
9 35	3
9 42	15
9 43	29
9 47	31
9 48	14
10 0	11
10 3	25
10 8	14
10 17	20
10 18	18
10 20	47
10 21	30
10 23	21
10 32	5
10 37	27
10 40	26
10 41	16
10 49	13
11 1	32
11 6	44
11 17	22
11 18	5
11 19	14
11 21	33
11 24	13
11 29	9
11 33	3
11 34	0
11 37	10
11 39	30
11 42	4
11 47	36
11 48	43
12 0	41
12 11	35
12 12	39
12 15	31
12 16	25
12 22	48
12 23	13
12 28	46
12 33	15
12 39	34
12 40	2
12 44	29
12 47	22
13 1	21
13 5	33
13 8	20
13 14	48
13 15	35
13 19	32
13 20	22
13 27	9
13 29	15
13 30	31
13 31	45
13 32	14
13 33	8
13 35	2
13 40	24
13 47	46
14 1	44
14 7	45
14 10	46
14 11	16
14 12	23
14 15	38
14 16	1
14 19	5
14 27	29
14 40	18
14 42	14
14 46	22
15 0	36
15 5	15
15 9	37
15 12	4
15 17	44
15 22	43
15 28	47
15 32	8
15 33	9
15 36	19
15 38	6
15 43	25
15 46	11
16 2	27
16 4	17
16 7	39
16 12	1
16 14	42
16 18	0
16 20	32
16 21	3
16 22	26
16 27	34
16 31	11
16 36	48
16 37	8
16 38	29
16 39	12
16 46	40
17 3	13
17 7	0
17 12	25
17 15	36
17 21	2
17 24	18
17 27	45
17 32	41
17 35	1
17 36	26
17 43	35
17 45	31
17 47	39
17 48	29
17 49	24
18 2	34
18 10	5
18 15	26
18 17	2
18 21	43
18 26	1
18 29	17
18 32	46
18 37	36
18 38	28
18 41	45
18 46	49
18 48	19
19 0	18
19 1	3
19 14	43
19 17	14
19 19	0
19 20	17
19 26	48
19 29	5
19 35	9
19 37	11
19 39	44
19 42	7
19 44	33
19 49	8
20 4	2
20 16	18
20 17	28
20 19	6
20 20	49
20 22	32
20 24	26
20 26	7
20 35	33
20 39	43
20 49	14
21 3	2
21 4	16
21 7	5
21 12	34
21 13	42
21 14	1
21 17	38
21 18	48
21 20	18
21 30	33
21 31	36
21 35	46
21 36	29
21 41	31
22 0	27
22 1	33
22 5	47
22 7	10
22 9	31
22 12	7
22 17	39
22 23	14
22 27	38
22 33	22
22 36	40
22 37	1
22 43	49
22 46	30
22 47	44
23 0	5
23 2	24
23 10	33
23 11	30
23 16	48
23 18	15
23 22	14
23 27	31
23 30	34
23 32	43
23 37	26
23 43	16
23 48	40
24 3	14
24 6	1
24 12	38
24 13	33
24 15	8
24 16	40
24 18	36
24 20	5
24 24	2
24 33	0
24 37	48
24 38	41
24 39	22
24 41	15
24 42	43
24 43	9
24 45	47
24 46	20
24 47	6
24 48	25
25 11	5
25 13	35
25 14	4
25 15	7
25 17	0
25 22	42
25 26	24
25 28	40
25 31	22
25 35	45
26 3	18
26 8	15
26 15	2
26 22	29
26 28	39
26 30	46
26 40	35
26 42	31
26 43	32
26 45	12
26 49	20
27 0	23
27 1	26
27 8	39
27 9	5
27 10	15
27 13	6
27 24	44
27 26	2
27 27	48
27 28	0
27 30	18
27 34	20
27 38	37
27 39	16
28 0	29
28 1	43
28 3	5
28 7	31
28 11	46
28 12	44
28 16	8
28 17	17
28 18	32
28 23	0
28 28	38
28 30	2
28 31	20
28 32	15
28 33	39
28 34	1
28 36	6
28 39	42
28 42	9
28 45	28
28 47	24
29 1	6
29 2	36
29 3	40
29 4	10
29 5	43
29 8	12
29 9	32
29 13	45
29 22	4
29 28	3
29 30	47
29 31	29
29 34	37
29 36	22
29 43	31
29 44	27
29 45	44
29 47	13
30 4	29
30 9	45
30 13	25
30 20	6
30 21	37
30 28	23
30 29	40
30 43	42
30 47	38
30 48	26
30 49	48
31 3	34
31 5	39
31 9	43
31 10	0
31 16	38
31 18	16
31 19	9
31 21	8
31 23	41
31 24	22
31 25	35
31 30	12
31 32	40
31 43	18
31 44	36
31 48	20
32 0	26
32 2	40
32 5	38
32 6	37
32 7	15
32 9	13
32 12	21
32 13	30
32 14	12
32 16	49
32 22	1
32 25	11
32 29	39
32 35	42
32 40	16
32 44	10
33 2	16
33 4	22
33 5	48
33 6	33
33 12	27
33 17	25
33 18	1
33 20	12
33 23	40
33 26	39
33 27	20
33 29	8
33 32	7
33 36	46
33 41	0
33 43	36
33 44	9
34 3	15
34 5	19
34 6	22
34 8	10
34 9	16
34 11	4
34 12	5
34 15	14
34 17	33
34 23	31
34 27	7
34 29	41
34 30	25
34 34	36
34 37	20
34 38	46
34 39	32
35 1	15
35 3	49
35 9	34
35 12	30
35 18	14
35 21	5
35 23	12
35 24	36
35 26	4
35 31	28
35 35	38
35 36	35
35 38	21
35 40	29
35 47	32
35 48	45
35 49	42
36 2	13
36 4	32
36 8	2
36 10	47
36 13	21
36 18	4
36 24	20
36 28	30
36 32	6
36 33	33
36 34	23
36 35	28
36 38	8
36 39	18
36 40	11
36 44	5
36 45	10
36 47	7
37 1	36
37 9	15
37 10	48
37 14	25
37 16	33
37 17	21
37 18	19
37 20	9
37 23	37
37 26	34
37 31	40
37 36	10
37 44	2
38 0	46
38 3	39
38 5	26
38 7	29
38 9	20
38 12	43
38 13	10
38 18	28
38 22	36
38 36	24
38 37	14
38 38	35
38 41	23
38 44	32
38 45	5
39 5	45
39 7	9
39 11	12
39 12	15
39 13	36
39 17	27
39 20	26
39 21	14
39 23	34
39 24	11
39 25	37
39 31	30
39 33	48
39 35	10
39 37	13
39 38	17
39 45	32
39 48	0
39 49	46
40 0	16
40 3	6
40 6	8
40 9	23
40 15	22
40 18	17
40 21	11
40 22	20
40 24	31
40 31	14
40 38	4
40 39	21
40 40	40
40 41	35
40 46	13
41 3	1
41 4	9
41 6	27
41 7	49
41 14	6
41 15	47
41 22	18
41 23	26
41 25	29
41 26	43
41 27	35
41 29	30
41 33	32
41 34	4
41 36	38
41 38	19
41 41	12
41 45	20
41 47	23
41 48	5
41 49	33
42 7	2
42 8	34
42 12	40
42 21	47
42 24	17
42 30	20
42 32	37
42 38	31
42 40	12
42 41	44
43 0	3
43 5	40
43 10	44
43 12	32
43 16	20
43 26	37
43 27	25
43 33	2
43 36	33
43 41	29
43 42	42
43 43	17
43 45	8
43 46	15
44 1	20
44 2	35
44 4	1
44 5	28
44 13	7
44 17	4
44 23	33
44 26	0
44 29	24
44 31	17
44 32	48
44 34	6
44 35	15
44 40	13
44 42	44
44 49	31
45 3	30
45 4	6
45 23	46
45 25	22
45 26	28
45 32	16
45 37	3
45 41	14
45 49	12
46 7	43
46 10	2
46 12	0
46 13	48
46 14	44
46 15	15
46 17	40
46 24	7
46 25	3
46 28	22
46 36	49
46 40	36
46 45	17
46 48	42
46 49	38
47 17	48
47 20	4
47 22	2
47 25	8
47 28	18
47 29	31
47 30	14
47 31	5
47 34	49
47 35	11
47 36	37
47 37	39
47 39	24
47 40	38
47 45	1
47 46	0
47 47	17
47 49	21
48 0	31
48 1	24
48 4	47
48 6	17
48 9	0
48 11	27
48 14	36
48 16	44
48 18	8
48 21	23
48 31	18
48 32	26
48 33	42
48 34	13
48 38	43
48 42	41
48 46	16
48 49	28
49 1	0
49 12	47
49 13	13
49 28	24
49 32	21
49 33	45
49 34	43
49 35	44
49 38	1
49 39	14
49 42	17
49 44	12
49 47	20
49 48	7
