50
0 0	2
0 3	48
0 8	45
0 13	23
0 15	5
0 20	25
0 22	0
0 40	31
0 46	1
0 49	26
1 0	19
1 1	14
1 4	42
1 6	47
1 8	28
1 9	4
1 10	39
1 13	24
1 14	27
1 17	23
1 18	18
1 19	29
1 20	2
1 22	33
1 24	10
1 28	3
1 31	15
1 36	22
1 41	43
1 44	31
1 49	11
2 0	22
2 7	38
2 8	12
2 10	4
2 11	35
2 15	3
2 16	21
2 17	1
2 40	37
2 44	14
2 46	31
2 47	49
3 10	41
3 11	12
3 13	25
3 17	16
3 18	36
3 19	8
3 28	29
3 38	13
3 45	48
3 47	0
4 6	29
4 12	30
4 20	16
4 22	2
4 23	0
4 26	22
4 30	8
4 31	1
4 36	32
4 37	36
4 41	10
4 43	42
4 46	12
4 47	19
5 1	17
5 6	49
5 7	48
5 9	16
5 10	18
5 12	43
5 14	21
5 16	7
5 19	1
5 20	13
5 23	23
5 24	22
5 25	11
5 30	19
5 34	0
5 36	3
5 38	27
5 39	4
5 40	34
5 44	12
6 0	23
6 6	16
6 7	24
6 9	42
6 17	45
6 21	32
6 22	3
6 24	1
6 32	18
6 33	12
6 34	15
6 35	30
6 37	17
6 38	0
6 40	41
6 42	5
6 45	6
6 46	4
6 48	22
6 49	9
7 3	24
7 6	17
7 8	2
7 17	3
7 22	9
7 23	42
7 26	48
7 28	33
7 31	12
7 38	40
7 39	21
7 40	8
7 41	28
7 44	38
7 47	26
8 1	43
8 7	21
8 19	49
8 23	47
8 24	41
8 26	13
8 27	11
8 29	38
8 40	42
8 49	45
9 0	15
9 3	47
9 4	48
9 5	43
9 6	9
9 7	22
9 11	34
9 12	39
9 13	13
9 15	10
9 18	11
9 22	40
9 31	28
9 33	27
9 37	20
9 40	18
9 42	7
9 46	30
10 1	29
10 3	19
10 11	24
10 15	44
10 16	28
10 20	4
10 24	7
10 25	48
10 29	8
10 36	39
10 37	16
10 39	2
10 45	13
10 48	37
11 2	22
11 3	21
11 7	29
11 17	40
11 21	9
11 32	16
11 35	10
11 37	2
11 39	34
11 45	28
11 48	32
11 49	42
12 3	35
12 4	5
12 12	12
12 13	20
12 16	44
12 18	33
12 23	36
12 25	22
12 29	0
12 30	40
12 33	1
12 35	47
12 38	18
12 39	32
12 40	16
12 44	42
13 0	48
13 2	15
13 6	36
13 8	47
13 11	30
13 13	34
13 17	9
13 20	14
13 23	31
13 24	25
13 25	6
13 28	8
13 32	2
13 39	0
13 46	49
13 48	26
14 12	1
14 17	22
14 20	19
14 27	12
14 37	48
14 39	49
14 45	36
15 0	20
15 4	24
15 5	0
15 6	39
15 8	40
15 15	47
15 20	37
15 22	13
15 24	14
15 25	26
15 26	21
15 31	16
15 45	18
15 46	44
16 5	5
16 7	46
16 8	6
16 10	29
16 19	41
16 25	8
16 28	34
16 34	37
16 35	33
16 37	18
16 42	17
16 43	40
16 45	27
16 48	12
16 49	24
17 2	39
17 11	0
17 12	45
17 13	1
17 17	11
17 18	47
17 22	23
17 25	42
17 26	10
17 27	38
17 35	16
17 45	8
17 47	13
17 48	41
18 1	13
18 3	37
18 6	21
18 7	41
18 8	29
18 9	24
18 11	15
18 12	49
18 17	19
18 23	2
18 25	45
18 27	20
18 29	28
18 30	7
18 31	14
18 33	18
18 34	33
18 38	46
18 43	11
18 49	5
19 3	3
19 8	1
19 11	2
19 12	27
19 13	19
19 17	26
19 20	23
19 22	16
19 25	7
19 28	37
19 33	20
19 36	25
19 39	24
19 45	45
19 46	32
19 48	47
19 49	38
20 2	30
20 4	46
20 9	2
20 12	47
20 14	17
20 16	0
20 17	37
20 27	7
20 29	45
20 30	1
20 32	42
20 33	33
20 34	3
20 35	24
20 36	28
20 38	9
20 39	39
20 43	34
20 45	11
20 48	14
21 3	30
21 4	41
21 7	2
21 15	14
21 21	39
21 27	45
21 30	43
21 32	34
21 33	11
21 34	36
21 40	20
21 41	29
21 43	4
21 48	16
21 49	21
22 3	6
22 4	38
22 6	34
22 9	5
22 12	17
22 19	24
22 24	13
22 29	3
22 31	42
22 34	4
22 38	10
22 40	19
22 43	46
23 5	20
23 6	46
23 7	27
23 9	22
23 11	29
23 12	24
23 15	28
23 21	25
23 22	4
23 25	23
23 26	3
23 28	30
23 30	33
23 32	13
23 35	2
23 40	26
23 45	1
24 0	25
24 11	36
24 16	16
24 24	27
24 28	12
24 29	11
24 37	34
24 44	32
24 46	7
24 47	46
24 48	33
25 1	35
25 2	28
25 3	33
25 7	12
25 13	42
25 14	7
25 15	8
25 17	17
25 22	32
25 28	11
25 33	34
25 39	13
25 42	21
25 46	24
25 49	23
26 2	49
26 3	39
26 4	6
26 7	7
26 14	45
26 16	8
26 21	46
26 23	22
26 25	12
26 29	23
26 34	19
26 35	42
26 36	20
26 39	5
26 42	36
26 49	1
27 3	43
27 7	10
27 9	49
27 10	34
27 12	2
27 13	44
27 16	11
27 17	8
27 19	28
27 24	48
27 25	18
27 31	29
27 32	23
27 33	31
27 36	38
27 37	39
27 38	32
27 44	13
27 45	24
27 46	19
27 47	30
28 2	26
28 4	29
28 5	34
28 8	25
28 10	0
28 13	11
28 21	10
28 24	24
28 28	31
28 31	5
28 42	43
28 44	21
28 46	9
28 49	36
29 1	41
29 8	27
29 13	22
29 17	6
29 18	35
29 19	21
29 24	3
29 25	29
29 29	9
29 30	24
29 32	4
29 38	30
29 40	2
29 43	8
29 46	37
29 48	10
30 5	37
30 6	2
30 11	39
30 12	10
30 17	0
30 23	19
30 24	31
30 28	16
30 31	32
30 33	43
30 35	18
30 36	30
30 39	46
30 42	1
30 44	15
31 12	36
31 13	46
31 19	7
31 20	35
31 25	16
31 30	38
31 44	43
32 1	0
32 4	2
32 16	1
32 19	5
32 22	42
32 24	30
32 26	25
32 27	24
32 29	10
32 30	28
32 31	3
32 32	41
32 33	4
32 35	27
32 42	33
32 43	29
32 44	36
32 46	45
33 9	25
33 21	6
33 23	1
33 25	44
33 26	49
33 27	19
33 28	26
33 30	9
33 32	5
33 33	39
33 34	13
33 37	22
33 38	42
33 44	10
33 46	16
33 48	30
34 0	26
34 1	12
34 3	32
34 5	9
34 14	0
34 17	5
34 22	20
34 24	4
34 26	29
34 30	3
34 36	13
34 39	33
34 40	39
34 42	35
35 5	2
35 7	3
35 9	33
35 11	1
35 18	34
35 21	26
35 26	37
35 27	18
35 29	5
35 33	16
35 39	47
35 41	41
36 1	31
36 3	45
36 6	7
36 7	30
36 10	19
36 12	22
36 15	46
36 16	39
36 21	11
36 25	17
36 27	27
36 28	10
36 31	43
36 33	21
36 35	12
36 36	15
36 37	24
36 40	1
36 41	6
36 44	33
37 7	19
37 8	10
37 13	49
37 14	11
37 17	30
37 18	31
37 22	41
37 24	35
37 25	2
37 27	42
37 29	22
37 32	7
37 41	9
37 42	44
37 43	12
37 44	1
37 45	21
38 2	24
38 3	13
38 7	15
38 8	42
38 14	36
38 15	19
38 19	18
38 21	16
38 24	39
38 29	31
38 32	29
38 38	35
38 40	28
38 43	27
38 44	26
38 45	9
38 46	2
39 5	41
39 8	30
39 11	22
39 12	4
39 16	27
39 21	19
39 25	3
39 29	20
39 30	31
39 34	5
39 36	40
39 38	28
39 40	24
39 41	16
39 42	11
39 44	2
40 2	12
40 5	3
40 12	23
40 13	32
40 14	31
40 21	27
40 22	45
40 25	20
40 26	44
40 36	17
40 39	28
40 41	14
40 44	11
40 45	37
40 47	48
40 49	18
41 0	11
41 3	12
41 5	10
41 9	28
41 15	32
41 19	45
41 21	42
41 30	46
41 31	24
41 44	47
41 49	13
42 0	37
42 4	15
42 8	48
42 13	17
42 17	12
42 19	22
42 21	24
42 31	19
42 32	33
42 33	25
42 38	1
42 39	31
42 48	18
42 49	2
43 1	26
43 6	23
43 8	7
43 12	20
43 21	12
43 26	31
43 27	46
43 33	36
43 43	2
43 45	39
43 47	6
44 1	4
44 2	17
44 8	31
44 9	41
44 10	38
44 11	45
44 16	25
44 18	12
44 19	46
44 20	44
44 24	18
44 32	39
44 33	0
44 36	26
44 43	30
44 44	29
44 45	16
44 49	7
45 1	11
45 2	37
45 4	49
45 11	10
45 14	5
45 17	27
45 21	45
45 27	48
45 32	38
45 33	35
45 36	33
45 39	43
45 40	30
45 41	47
45 44	8
45 46	13
46 0	36
46 2	16
46 6	40
46 8	37
46 16	23
46 18	46
46 19	42
46 22	19
46 23	3
46 26	6
46 29	1
46 32	14
46 33	44
46 34	29
46 37	12
47 2	14
47 4	0
47 8	35
47 10	30
47 16	46
47 22	25
47 24	16
47 29	19
47 31	20
47 34	7
47 35	38
47 39	22
47 43	1
47 48	21
48 5	7
48 9	8
48 11	31
48 12	38
48 14	40
48 21	20
48 23	45
48 24	47
48 44	44
48 48	25
48 49	17
49 0	28
49 1	47
49 6	5
49 7	49
49 9	40
49 11	44
49 13	33
49 14	15
49 15	42
49 17	46
49 21	21
49 22	43
49 26	1
49 27	3
49 30	14
49 36	35
49 37	38
49 42	2
49 43	7
