50
0 1	11
0 2	28
0 4	9
0 7	36
0 8	20
0 9	32
0 11	18
0 13	7
0 16	12
0 19	37
0 20	41
0 25	6
0 26	5
0 27	23
0 28	46
0 30	26
0 31	34
0 32	3
0 35	1
0 36	13
0 37	2
0 38	35
0 39	45
0 40	49
0 41	19
0 42	29
0 43	48
0 45	21
0 48	30
1 0	38
1 1	45
1 2	0
1 4	28
1 5	48
1 7	24
1 9	16
1 13	13
1 14	20
1 15	47
1 16	8
1 18	9
1 19	14
1 20	2
1 24	15
1 25	33
1 28	5
1 29	12
1 30	49
1 31	43
1 32	31
1 33	7
1 35	44
1 37	32
1 39	36
1 40	3
1 41	6
1 42	19
1 44	29
1 45	35
1 46	30
1 48	40
1 49	34
2 2	10
2 4	40
2 7	37
2 8	43
2 10	41
2 13	5
2 14	49
2 18	23
2 19	39
2 21	2
2 22	44
2 23	33
2 26	28
2 30	16
2 31	7
2 33	19
2 34	45
2 35	26
2 36	12
2 38	36
2 39	21
2 40	0
2 41	46
2 42	17
2 43	32
2 44	35
2 47	3
2 48	18
3 1	16
3 3	19
3 5	37
3 7	20
3 8	25
3 9	45
3 11	24
3 13	22
3 14	0
3 15	11
3 16	3
3 22	43
3 23	23
3 26	35
3 27	1
3 29	36
3 30	13
3 31	29
3 32	38
3 36	41
3 37	15
3 38	48
3 39	9
3 41	33
3 43	42
3 44	7
3 45	18
3 47	2
3 48	26
3 49	4
4 0	26
4 3	32
4 6	24
4 7	22
4 9	8
4 10	16
4 12	31
4 15	14
4 16	39
4 17	21
4 21	18
4 22	45
4 25	34
4 28	1
4 30	4
4 31	28
4 32	27
4 33	2
4 38	44
4 39	23
4 41	42
4 43	33
4 46	37
4 48	49
4 49	9
5 1	6
5 3	42
5 4	10
5 5	31
5 6	47
5 8	3
5 10	5
5 11	48
5 12	43
5 13	27
5 14	1
5 15	35
5 16	44
5 17	49
5 20	29
5 22	17
5 24	0
5 26	15
5 29	22
5 33	4
5 39	26
5 40	11
5 42	21
5 43	12
5 45	20
5 46	36
5 48	14
5 49	24
6 0	37
6 1	44
6 2	30
6 4	49
6 5	41
6 7	9
6 10	15
6 13	48
6 16	5
6 17	1
6 18	4
6 20	22
6 21	40
6 26	12
6 28	18
6 30	21
6 31	32
6 32	14
6 34	29
6 35	33
6 40	25
6 41	0
6 42	47
6 43	34
6 44	24
6 46	27
6 49	13
7 0	11
7 1	4
7 2	31
7 3	35
7 7	39
7 8	6
7 9	40
7 10	23
7 11	42
7 13	8
7 14	16
7 16	36
7 18	44
7 19	12
7 20	10
7 21	1
7 23	46
7 24	45
7 26	41
7 27	49
7 29	38
7 33	22
7 34	9
7 35	37
7 36	15
7 37	33
7 41	34
7 42	2
7 44	32
7 45	27
7 46	24
7 47	48
7 48	19
7 49	43
8 0	12
8 1	22
8 2	33
8 5	43
8 6	6
8 7	46
8 9	47
8 10	37
8 12	2
8 14	29
8 15	9
8 16	16
8 17	44
8 18	26
8 19	5
8 21	45
8 22	11
8 23	35
8 25	28
8 27	13
8 28	41
8 31	38
8 32	36
8 37	27
8 38	7
8 39	0
8 43	15
8 44	8
8 47	42
8 48	25
8 49	1
9 2	39
9 3	38
9 7	0
9 8	12
9 9	2
9 10	20
9 12	22
9 13	36
9 17	34
9 19	8
9 20	21
9 21	19
9 22	9
9 24	3
9 26	27
9 27	28
9 28	43
9 29	23
9 30	47
9 32	40
9 37	5
9 38	11
9 39	6
9 40	37
9 41	31
9 45	49
9 47	10
9 48	48
10 2	18
10 3	23
10 6	48
10 12	14
10 13	3
10 14	6
10 15	49
10 18	17
10 20	20
10 21	28
10 23	9
10 24	24
10 25	5
10 26	37
10 27	7
10 29	30
10 31	42
10 32	10
10 33	27
10 34	16
10 36	32
10 39	22
10 40	4
10 41	11
10 43	36
10 44	31
10 47	33
10 48	44
10 49	12
11 1	10
11 2	36
11 5	4
11 6	43
11 8	15
11 9	3
11 11	49
11 12	40
11 13	45
11 14	13
11 18	11
11 19	27
11 22	41
11 24	35
11 25	12
11 27	0
11 30	46
11 32	22
11 33	6
11 35	34
11 37	24
11 38	17
11 40	30
11 43	1
11 44	37
11 46	18
11 47	29
11 48	23
12 0	17
12 1	26
12 2	32
12 4	21
12 5	13
12 6	19
12 7	49
12 8	7
12 9	28
12 10	4
12 12	36
12 13	16
12 15	15
12 16	11
12 17	12
12 18	33
12 19	18
12 20	48
12 25	45
12 28	37
12 29	44
12 31	23
12 32	39
12 35	25
12 37	35
12 38	20
12 39	40
12 41	3
12 42	42
12 43	9
12 45	24
12 46	2
12 49	8
13 0	27
13 1	1
13 2	16
13 5	9
13 6	14
13 7	32
13 8	29
13 9	12
13 10	21
13 11	43
13 13	44
13 14	35
13 15	19
13 16	28
13 22	34
13 23	25
13 24	10
13 27	31
13 29	6
13 32	2
13 33	47
13 36	39
13 37	0
13 39	30
13 41	22
13 43	46
13 45	45
13 46	7
13 47	4
13 48	20
13 49	3
14 0	23
14 1	35
14 2	21
14 3	24
14 4	8
14 5	12
14 8	36
14 9	41
14 10	11
14 11	13
14 12	10
14 13	17
14 15	3
14 18	20
14 19	30
14 20	0
14 22	4
14 23	7
14 24	39
14 26	26
14 27	33
14 30	14
14 32	42
14 33	44
14 35	47
14 37	28
14 40	15
14 41	45
14 42	49
14 45	2
14 47	46
14 49	32
15 2	46
15 4	20
15 5	42
15 6	21
15 8	23
15 9	11
15 10	40
15 11	28
15 12	32
15 13	38
15 14	14
15 16	15
15 17	26
15 19	31
15 20	39
15 21	0
15 22	27
15 23	3
15 26	10
15 28	12
15 29	17
15 30	8
15 31	16
15 35	9
15 38	41
15 42	25
15 44	34
15 45	30
15 46	19
15 47	18
15 48	5
16 0	15
16 1	33
16 2	7
16 3	14
16 6	2
16 8	27
16 9	46
16 10	43
16 12	35
16 13	37
16 15	10
16 17	4
16 18	28
16 19	1
16 20	16
16 22	31
16 24	25
16 26	13
16 29	11
16 31	9
16 32	49
16 33	42
16 35	6
16 36	26
16 42	40
16 44	17
16 45	36
16 48	32
17 0	36
17 2	5
17 4	29
17 6	41
17 7	26
17 8	9
17 11	38
17 12	33
17 14	25
17 15	1
17 17	37
17 20	40
17 22	35
17 23	24
17 24	49
17 25	17
17 28	31
17 33	21
17 34	19
17 35	2
17 36	44
17 38	23
17 40	42
17 42	11
17 43	7
17 45	15
17 48	34
17 49	22
18 1	49
18 2	12
18 4	5
18 7	41
18 8	42
18 12	30
18 14	28
18 16	4
18 18	8
18 19	3
18 20	31
18 24	7
18 25	13
18 26	47
18 29	9
18 30	27
18 33	39
18 37	46
18 38	18
18 40	16
18 41	35
18 43	38
18 44	40
18 49	6
19 1	20
19 8	40
19 9	30
19 10	29
19 14	17
19 15	12
19 18	38
19 19	10
19 21	34
19 23	19
19 25	23
19 26	44
19 28	22
19 29	45
19 30	42
19 31	0
19 32	5
19 33	15
19 34	8
19 35	46
19 38	31
19 39	4
19 40	2
19 41	27
19 42	36
19 43	13
19 44	18
19 47	9
20 0	41
20 1	5
20 2	37
20 3	13
20 4	17
20 5	20
20 6	31
20 7	35
20 9	42
20 13	9
20 17	38
20 22	46
20 28	0
20 29	18
20 30	32
20 32	1
20 33	33
20 34	7
20 35	22
20 38	29
20 40	26
20 41	47
20 42	28
20 43	3
20 44	12
20 45	39
20 49	25
21 0	2
21 2	27
21 4	13
21 5	44
21 6	1
21 10	6
21 12	12
21 13	31
21 14	15
21 16	7
21 17	3
21 19	41
21 21	20
21 22	37
21 24	22
21 25	40
21 26	36
21 27	35
21 30	5
21 31	4
21 32	30
21 33	14
21 34	43
21 36	18
21 38	9
21 39	32
21 40	47
21 43	17
21 44	21
21 45	42
21 46	0
21 47	39
21 49	16
22 1	2
22 3	12
22 5	5
22 6	4
22 7	48
22 8	41
22 15	17
22 17	15
22 18	29
22 20	1
22 21	32
22 23	8
22 24	36
22 26	33
22 27	27
22 28	28
22 29	35
22 34	47
22 35	11
22 37	21
22 38	46
22 39	37
22 40	6
22 41	14
22 42	13
22 43	23
22 44	16
22 48	42
22 49	38
23 0	3
23 3	16
23 4	25
23 5	22
23 8	47
23 9	15
23 10	9
23 11	21
23 12	24
23 13	42
23 15	5
23 16	46
23 17	31
23 18	1
23 19	7
23 20	19
23 21	48
23 23	12
23 24	8
23 25	29
23 27	34
23 28	30
23 30	37
23 31	17
23 32	26
23 37	6
23 39	44
23 40	28
23 42	0
23 43	45
23 44	13
23 45	10
23 48	2
23 49	18
24 2	1
24 3	34
24 5	32
24 6	29
24 7	43
24 8	31
24 9	20
24 10	44
24 13	25
24 15	26
24 17	19
24 19	48
24 20	28
24 23	15
24 24	37
24 25	14
24 28	27
24 31	12
24 32	9
24 36	49
24 39	35
24 40	45
24 42	3
24 43	10
24 44	46
24 45	11
24 47	24
24 48	39
25 0	43
25 1	42
25 5	39
25 6	17
25 9	26
25 10	27
25 12	29
25 13	47
25 15	38
25 16	6
25 17	30
25 19	22
25 22	48
25 23	41
25 24	32
25 25	18
25 29	13
25 31	25
25 32	16
25 33	49
25 35	21
25 38	14
25 39	28
25 41	40
25 42	33
25 43	0
25 46	10
25 47	37
26 0	34
26 4	39
26 6	12
26 7	14
26 9	19
26 10	47
26 11	5
26 13	35
26 15	33
26 19	17
26 21	26
26 22	7
26 24	21
26 25	27
26 27	2
26 28	4
26 30	23
26 31	6
26 32	13
26 35	30
26 36	1
26 37	31
26 39	3
26 40	9
26 41	48
26 42	8
26 43	43
26 45	32
26 46	15
26 47	28
26 48	16
26 49	41
27 0	4
27 3	39
27 4	37
27 7	2
27 8	13
27 9	22
27 11	26
27 12	45
27 13	32
27 14	18
27 15	31
27 17	5
27 18	42
27 19	25
27 20	49
27 21	21
27 22	6
27 24	46
27 25	16
27 26	9
27 28	14
27 31	48
27 32	43
27 36	17
27 37	30
27 39	1
27 40	24
27 41	8
27 42	10
27 43	27
27 44	38
27 47	7
27 49	35
28 0	18
28 1	34
28 2	40
28 3	29
28 4	27
28 6	36
28 9	7
28 10	22
28 11	17
28 12	47
28 13	33
28 18	19
28 19	4
28 20	37
28 23	43
28 24	42
28 25	46
28 26	16
28 27	15
28 29	32
28 30	6
28 33	3
28 37	9
28 38	12
28 41	49
28 42	23
28 43	11
28 44	30
28 46	45
28 48	28
29 2	24
29 4	4
29 5	6
29 6	0
29 8	45
29 10	39
29 11	40
29 17	23
29 20	47
29 21	17
29 22	18
29 23	13
29 25	32
29 27	20
29 28	7
29 29	31
29 30	33
29 31	41
29 32	19
29 33	26
29 34	28
29 35	15
29 37	49
29 38	34
29 39	2
29 43	35
29 46	38
29 47	22
29 48	11
29 49	29
30 1	37
30 2	20
30 5	29
30 6	49
30 7	1
30 8	21
30 9	34
30 10	38
30 11	15
30 13	4
30 14	19
30 15	13
30 16	27
30 17	28
30 19	11
30 20	46
30 21	42
30 23	36
30 24	16
30 25	9
30 26	31
30 27	39
30 28	2
30 29	33
30 30	35
30 32	32
30 33	24
30 36	6
30 37	40
30 40	8
30 41	7
30 42	22
30 43	26
30 45	23
30 47	41
30 48	3
30 49	10
31 2	2
31 3	3
31 4	12
31 5	33
31 7	21
31 9	37
31 11	44
31 12	23
31 14	27
31 15	16
31 16	45
31 17	41
31 18	22
31 19	20
31 22	15
31 23	6
31 26	48
31 28	10
31 29	26
31 30	36
31 32	7
31 35	29
31 36	14
31 38	4
31 39	34
31 40	1
31 41	39
31 42	43
31 43	19
31 44	0
31 45	17
31 47	31
31 49	47
32 1	13
32 3	36
32 5	24
32 8	46
32 9	1
32 10	42
32 11	37
32 12	38
32 13	21
32 15	2
32 17	48
32 18	45
32 21	8
32 24	4
32 25	20
32 26	30
32 27	47
32 30	29
32 33	16
32 34	10
32 35	17
32 36	33
32 37	3
32 40	35
32 41	12
32 43	40
32 44	39
32 45	28
32 46	31
32 49	7
33 0	44
33 1	17
33 2	29
33 3	7
33 4	48
33 5	49
33 7	8
33 8	18
33 10	34
33 13	2
33 14	32
33 15	23
33 16	35
33 18	40
33 20	43
33 21	9
33 22	3
33 23	28
33 26	1
33 28	15
33 29	25
33 32	6
33 35	42
33 36	22
33 37	26
33 38	10
33 39	5
33 41	30
33 42	37
33 44	27
33 45	31
33 48	4
33 49	19
34 1	29
34 4	42
34 5	26
34 6	39
34 7	6
34 9	5
34 11	35
34 12	9
34 14	23
34 15	44
34 17	27
34 18	41
34 19	34
34 20	13
34 21	12
34 22	32
34 23	14
34 25	36
34 27	3
34 29	7
34 31	8
34 32	0
34 33	48
34 34	15
34 35	24
34 36	11
34 38	21
34 39	43
34 40	17
34 42	18
34 43	28
34 44	20
34 45	38
34 49	45
35 1	47
35 2	49
35 3	8
35 4	44
35 5	28
35 6	15
35 8	37
35 9	43
35 10	36
35 13	12
35 14	33
35 15	40
35 16	32
35 19	26
35 20	34
35 27	9
35 31	11
35 32	48
35 36	0
35 37	18
35 38	42
35 39	17
35 40	38
35 41	29
35 43	31
35 45	3
35 46	5
35 48	21
35 49	30
36 0	10
36 1	24
36 4	16
36 7	47
36 9	44
36 10	0
36 11	9
36 13	43
36 14	37
36 15	25
36 16	18
36 18	31
36 19	28
36 20	33
36 22	19
36 24	34
36 26	17
36 28	39
36 30	30
36 31	15
36 33	11
36 34	4
36 35	32
36 36	35
36 37	23
36 38	49
36 39	29
36 40	21
36 41	26
36 42	7
36 45	12
36 46	6
36 47	36
37 1	30
37 2	13
37 7	31
37 11	36
37 12	48
37 13	15
37 14	42
37 15	34
37 19	21
37 20	12
37 24	33
37 28	8
37 29	16
37 30	45
37 31	3
37 33	37
37 34	1
37 35	41
37 36	43
37 37	22
37 38	27
37 39	47
37 40	7
37 41	5
37 45	46
37 46	49
37 48	17
38 0	33
38 2	4
38 4	34
38 6	37
38 7	38
38 8	19
38 11	16
38 12	18
38 14	47
38 15	7
38 16	29
38 17	17
38 19	13
38 21	31
38 22	5
38 23	1
38 24	26
38 28	23
38 29	49
38 30	28
38 31	35
38 32	25
38 33	30
38 34	42
38 35	0
38 36	2
38 37	10
38 38	24
38 39	41
38 40	12
38 41	21
38 42	32
38 43	8
38 44	22
38 45	40
38 46	20
38 47	45
38 48	9
39 0	31
39 2	15
39 6	34
39 8	10
39 9	24
39 11	30
39 13	0
39 16	33
39 17	42
39 18	21
39 19	49
39 20	23
39 21	14
39 24	5
39 25	35
39 27	37
39 29	43
39 31	27
39 32	44
39 39	16
39 40	20
39 44	9
39 45	8
39 46	3
39 47	25
39 48	12
39 49	36
40 3	43
40 4	38
40 5	14
40 7	33
40 9	48
40 10	25
40 11	6
40 12	13
40 13	29
40 15	32
40 17	39
40 18	0
40 24	12
40 25	10
40 26	40
40 28	3
40 30	9
40 32	20
40 33	23
40 35	49
40 37	42
40 38	30
40 40	36
40 44	19
40 45	16
40 49	11
41 3	22
41 4	6
41 5	3
41 7	15
41 8	1
41 9	35
41 10	13
41 11	23
41 12	46
41 13	14
41 14	34
41 17	0
41 19	38
41 21	36
41 22	25
41 24	40
41 25	43
41 26	21
41 28	48
41 30	2
41 31	5
41 33	28
41 34	12
41 35	7
41 37	41
41 39	49
41 40	19
41 42	9
41 45	4
41 46	47
42 0	7
42 2	38
42 5	15
42 6	20
42 8	2
42 9	4
42 10	18
42 12	28
42 14	9
42 16	26
42 17	33
42 19	35
42 20	14
42 21	47
42 24	17
42 26	25
42 28	29
42 29	0
42 30	24
42 31	1
42 36	31
42 37	44
42 40	5
42 41	32
42 44	23
42 45	19
42 46	42
42 49	48
43 0	13
43 2	47
43 3	28
43 4	35
43 5	46
43 6	16
43 7	45
43 8	39
43 9	17
43 11	32
43 12	3
43 15	0
43 16	1
43 17	18
43 19	33
43 20	7
43 22	40
43 25	26
43 26	11
43 28	42
43 32	34
43 33	25
43 34	37
43 35	43
43 37	12
43 38	8
43 39	48
43 42	15
43 44	49
43 45	14
43 46	22
43 47	19
44 0	16
44 1	48
44 2	34
44 5	45
44 6	33
44 7	18
44 8	30
44 9	27
44 10	24
44 12	19
44 13	6
44 14	8
44 15	28
44 16	41
44 17	36
44 20	3
44 21	23
44 24	11
44 25	37
44 26	0
44 27	44
44 28	40
44 29	42
44 32	4
44 33	12
44 35	39
44 37	47
44 39	14
44 40	29
44 43	49
44 44	5
44 45	13
44 48	10
45 0	40
45 1	27
45 2	43
45 4	22
45 7	16
45 9	31
45 13	1
45 14	4
45 15	24
45 16	2
45 19	9
45 20	5
45 24	19
45 26	45
45 27	29
45 30	11
45 31	36
45 33	8
45 34	34
45 35	18
45 37	14
45 39	15
45 41	17
45 43	6
45 44	28
45 47	20
45 48	33
45 49	37
46 0	6
46 1	28
46 2	42
46 4	2
46 5	40
46 6	5
46 7	17
46 9	49
46 10	10
46 11	20
46 12	25
46 15	43
46 18	34
46 19	24
46 20	4
46 23	37
46 28	45
46 29	27
46 30	31
46 33	36
46 35	23
46 36	7
46 38	32
46 42	16
46 44	15
46 46	41
46 47	12
46 48	13
46 49	39
47 2	6
47 3	17
47 4	31
47 5	25
47 6	10
47 7	40
47 9	18
47 10	32
47 11	4
47 12	0
47 14	7
47 15	39
47 17	46
47 18	3
47 19	45
47 21	11
47 22	12
47 24	20
47 26	19
47 27	16
47 28	36
47 31	30
47 33	9
47 38	5
47 39	24
47 40	41
47 41	37
47 42	27
47 45	43
47 46	1
47 47	14
47 48	15
47 49	49
48 0	9
48 4	30
48 7	4
48 9	21
48 13	39
48 14	3
48 18	36
48 20	18
48 21	16
48 22	49
48 30	40
48 32	41
48 33	31
48 34	22
48 35	10
48 37	8
48 40	34
48 41	13
48 42	44
48 43	37
48 45	33
48 46	23
48 48	35
48 49	0
49 3	5
49 5	19
49 6	13
49 7	30
49 9	9
49 12	17
49 15	8
49 17	7
49 18	47
49 20	36
49 21	10
49 23	45
49 25	0
49 27	18
49 28	35
49 29	21
49 30	25
49 31	24
49 32	11
49 34	23
49 36	4
49 37	16
49 39	42
49 41	15
49 42	20
49 46	12
49 48	6
