50
0 5	23
0 12	44
0 15	5
0 21	31
0 22	7
0 23	13
0 24	37
0 25	6
0 26	43
0 29	28
0 31	4
0 34	14
0 36	2
0 37	39
0 40	40
0 43	33
0 48	47
0 49	0
1 1	23
1 3	15
1 4	17
1 5	49
1 6	19
1 8	38
1 10	9
1 13	4
1 15	1
1 19	44
1 22	46
1 28	45
1 29	22
1 31	21
1 34	7
1 35	28
1 36	31
1 39	40
1 40	30
1 45	18
1 46	47
1 48	32
1 49	8
2 2	40
2 3	31
2 4	38
2 9	4
2 11	33
2 24	5
2 28	48
2 31	49
2 32	18
2 35	17
2 36	9
2 37	47
2 45	24
2 46	20
2 49	3
3 3	21
3 4	41
3 9	5
3 11	1
3 19	38
3 21	40
3 23	7
3 28	2
3 29	49
3 33	31
3 34	6
3 35	46
3 38	48
3 43	28
3 44	12
3 45	3
3 47	4
3 48	23
4 0	28
4 8	43
4 9	33
4 10	27
4 11	16
4 16	17
4 18	41
4 23	29
4 27	47
4 29	14
4 32	45
4 33	37
4 36	42
4 37	5
4 39	10
4 41	23
4 42	8
4 49	9
5 0	3
5 2	10
5 6	48
5 8	45
5 10	6
5 14	22
5 15	17
5 16	47
5 18	7
5 19	34
5 20	23
5 22	39
5 24	36
5 25	29
5 26	32
5 28	31
5 29	33
5 32	20
5 34	26
5 37	37
5 38	40
5 45	28
5 48	43
5 49	49
6 0	45
6 1	17
6 2	4
6 9	19
6 20	14
6 23	11
6 25	7
6 26	29
6 27	25
6 28	41
6 29	31
6 32	23
6 36	33
6 37	21
6 41	42
6 42	13
6 44	43
6 45	35
7 3	6
7 10	8
7 12	34
7 13	27
7 14	21
7 20	7
7 21	9
7 23	35
7 24	0
7 25	48
7 26	17
7 33	47
7 35	19
7 36	28
7 37	44
7 38	25
7 41	4
7 44	37
7 45	46
8 3	37
8 7	40
8 9	21
8 14	8
8 15	47
8 16	38
8 18	29
8 22	27
8 23	31
8 24	30
8 25	12
8 28	11
8 30	28
8 31	5
8 38	41
8 43	19
8 45	32
8 46	24
8 49	4
9 1	9
9 2	20
9 6	33
9 9	3
9 10	22
9 14	35
9 15	23
9 17	29
9 19	45
9 22	40
9 23	1
9 30	13
9 31	7
9 32	6
9 35	11
9 37	4
9 43	48
9 47	43
10 1	12
10 4	46
10 5	31
10 7	23
10 11	37
10 12	45
10 15	25
10 17	8
10 20	5
10 22	17
10 25	28
10 27	2
10 29	34
10 31	9
10 32	26
10 37	0
10 40	32
10 41	35
10 42	22
10 43	13
10 48	6
11 2	32
11 3	10
11 5	40
11 6	16
11 9	37
11 11	39
11 14	2
11 15	7
11 16	4
11 17	36
11 18	43
11 22	20
11 23	18
11 26	14
11 27	6
11 28	30
11 32	35
11 33	46
11 38	38
11 42	19
11 43	12
11 45	22
11 46	25
11 47	27
11 49	29
12 1	39
12 3	17
12 8	19
12 9	22
12 10	23
12 23	28
12 25	4
12 29	6
12 31	14
12 32	7
12 37	41
12 38	43
12 40	15
12 42	31
12 44	45
12 45	33
12 46	36
12 48	49
13 2	23
13 6	49
13 9	25
13 11	47
13 14	30
13 20	40
13 21	35
13 22	0
13 24	12
13 28	34
13 30	1
13 32	24
13 36	41
13 37	31
13 39	33
13 40	26
13 44	29
13 45	13
14 1	49
14 2	29
14 7	8
14 8	1
14 9	6
14 11	26
14 14	17
14 16	0
14 21	16
14 22	21
14 23	15
14 24	19
14 26	46
14 27	7
14 28	13
14 32	39
14 34	28
14 36	34
14 37	24
14 39	47
14 42	38
14 45	42
14 46	22
14 47	31
14 48	2
15 0	35
15 3	7
15 4	25
15 8	6
15 9	31
15 11	5
15 13	41
15 14	26
15 16	32
15 17	45
15 19	39
15 20	36
15 24	42
15 29	12
15 35	18
15 38	49
15 41	2
15 43	21
15 46	4
15 47	20
15 49	47
16 1	13
16 3	19
16 4	34
16 5	8
16 6	32
16 11	3
16 16	6
16 17	5
16 18	2
16 22	43
16 23	22
16 26	47
16 27	35
16 28	33
16 29	30
16 30	11
16 31	42
16 32	25
16 36	44
16 38	37
16 40	12
16 42	49
16 45	26
16 46	23
16 47	21
16 48	14
17 2	36
17 4	14
17 7	45
17 8	47
17 9	17
17 10	30
17 11	27
17 12	21
17 13	37
17 14	23
17 22	3
17 26	39
17 29	43
17 35	42
17 36	20
17 38	19
17 39	34
17 41	41
17 43	29
17 44	32
17 47	46
17 49	12
18 0	29
18 4	11
18 7	13
18 11	7
18 18	20
18 34	44
18 39	17
18 40	9
18 41	1
18 43	31
18 45	4
18 46	12
18 47	34
19 0	0
19 3	29
19 4	22
19 5	16
19 6	12
19 8	7
19 10	43
19 11	23
19 14	18
19 15	14
19 16	25
19 21	41
19 22	47
19 24	11
19 25	49
19 31	24
19 32	9
19 33	1
19 34	33
19 35	48
19 37	42
19 38	31
19 39	21
19 41	27
19 42	6
19 44	34
19 45	30
19 46	40
19 47	44
19 49	39
20 0	41
20 5	10
20 6	2
20 9	34
20 11	12
20 14	24
20 19	31
20 26	0
20 29	15
20 31	47
20 36	4
20 37	23
20 39	39
20 42	33
20 43	5
20 44	25
21 2	19
21 8	12
21 10	20
21 11	13
21 14	16
21 15	36
21 16	41
21 18	5
21 19	35
21 20	44
21 23	38
21 27	15
21 30	30
21 31	29
21 32	33
21 33	24
21 37	11
21 41	25
21 43	27
21 44	7
21 45	49
21 46	26
21 49	18
22 0	30
22 3	43
22 4	15
22 5	28
22 9	48
22 11	18
22 15	35
22 19	29
22 20	6
22 21	5
22 23	3
22 24	22
22 26	26
22 28	24
22 29	11
22 31	27
22 32	4
22 37	34
22 42	21
22 44	36
22 45	9
22 46	19
22 47	47
22 49	2
23 1	32
23 7	29
23 9	35
23 10	2
23 11	34
23 13	23
23 14	42
23 21	24
23 23	37
23 29	44
23 31	43
23 32	41
23 36	7
23 38	30
23 39	13
23 41	33
23 42	45
23 43	14
23 44	10
23 46	18
23 48	39
24 5	33
24 6	21
24 7	41
24 9	27
24 14	45
24 16	11
24 17	34
24 19	30
24 24	43
24 26	8
24 29	16
24 31	38
24 33	17
24 34	25
24 38	10
24 43	47
24 45	12
25 1	4
25 6	29
25 8	48
25 15	15
25 17	42
25 21	14
25 22	5
25 23	23
25 24	26
25 25	9
25 26	3
25 27	19
25 30	20
25 33	33
25 37	49
25 41	17
25 44	28
25 46	31
25 49	44
26 0	8
26 2	31
26 4	4
26 9	38
26 10	45
26 16	5
26 18	25
26 20	3
26 21	26
26 23	36
26 24	41
26 28	47
26 32	34
26 33	48
26 36	40
26 37	1
26 40	23
26 41	44
26 43	9
26 44	16
26 47	14
26 48	12
27 5	15
27 6	4
27 7	14
27 12	6
27 15	22
27 16	24
27 18	19
27 19	28
27 20	10
27 24	45
27 25	21
27 29	39
27 30	16
27 31	32
27 34	35
27 37	26
27 38	42
27 39	44
27 40	33
27 41	31
27 43	18
27 45	47
27 49	30
28 2	26
28 5	48
28 6	23
28 8	42
28 9	16
28 17	37
28 23	12
28 31	39
28 36	18
28 38	35
28 39	29
28 49	15
29 3	39
29 4	5
29 6	34
29 7	35
29 12	40
29 14	4
29 16	30
29 17	43
29 24	44
29 30	25
29 31	10
29 33	38
29 36	16
29 38	46
29 39	28
29 41	21
29 43	20
29 44	33
29 45	14
29 46	17
29 48	41
30 3	20
30 4	7
30 8	44
30 10	24
30 11	48
30 12	33
30 14	5
30 15	41
30 22	4
30 28	3
30 31	0
30 34	15
30 41	47
30 43	1
30 44	27
30 45	34
30 48	36
31 0	24
31 1	6
31 5	7
31 8	13
31 12	12
31 14	49
31 15	30
31 17	35
31 18	31
31 29	19
31 30	34
31 33	9
31 35	38
31 38	22
31 39	5
31 44	40
31 45	48
31 48	26
31 49	46
32 4	37
32 6	15
32 7	38
32 9	28
32 10	32
32 11	19
32 12	7
32 22	34
32 23	48
32 24	6
32 26	9
32 27	42
32 28	16
32 29	0
32 31	25
32 34	45
32 36	13
32 43	26
32 44	4
32 47	24
33 1	48
33 3	40
33 6	36
33 7	46
33 17	11
33 18	38
33 22	9
33 24	49
33 25	24
33 27	0
33 30	21
33 32	27
33 33	20
33 34	1
33 36	25
33 38	5
33 41	43
33 42	15
33 45	17
33 47	29
33 49	22
34 1	5
34 4	33
34 5	1
34 6	24
34 7	31
34 8	3
34 9	11
34 11	49
34 12	41
34 13	48
34 15	4
34 19	9
34 21	15
34 25	27
34 34	46
34 38	26
34 39	6
34 41	29
34 42	28
34 43	7
34 45	45
35 3	36
35 6	37
35 7	27
35 11	14
35 12	30
35 13	34
35 15	3
35 19	48
35 24	32
35 26	35
35 28	23
35 30	5
35 42	24
35 47	9
35 48	17
35 49	28
36 2	24
36 3	1
36 5	5
36 7	10
36 8	27
36 10	12
36 12	47
36 14	25
36 15	6
36 18	17
36 21	19
36 22	42
36 23	33
36 24	29
36 25	39
36 30	23
36 32	32
36 44	14
36 48	38
37 0	12
37 3	49
37 4	18
37 6	17
37 7	22
37 8	4
37 15	13
37 17	47
37 24	23
37 25	42
37 28	32
37 32	37
37 34	29
37 35	35
37 38	27
37 41	6
37 42	30
37 45	7
37 47	41
38 1	0
38 2	2
38 3	47
38 5	39
38 8	23
38 11	22
38 12	32
38 21	17
38 24	15
38 26	13
38 27	49
38 29	7
38 30	42
38 33	21
38 34	12
38 35	40
38 36	29
38 38	45
38 39	35
38 42	9
38 46	37
38 47	5
38 48	3
39 0	31
39 1	21
39 4	19
39 7	48
39 10	26
39 12	3
39 13	5
39 22	32
39 24	25
39 27	36
39 31	33
39 35	47
39 40	10
39 41	24
39 42	0
39 46	35
39 47	42
40 2	39
40 5	34
40 14	31
40 17	28
40 18	49
40 22	29
40 24	21
40 25	10
40 31	36
40 32	15
40 33	22
40 34	11
40 37	48
40 39	20
40 45	23
41 0	17
41 2	34
41 4	20
41 6	45
41 7	49
41 8	11
41 11	9
41 13	43
41 14	39
41 16	1
41 17	16
41 18	30
41 19	12
41 20	29
41 22	41
41 25	33
41 26	22
41 27	3
41 29	24
41 31	19
41 32	21
41 35	26
41 36	47
41 37	6
41 40	8
41 42	40
41 43	46
41 46	5
41 47	23
41 49	14
42 0	19
42 4	29
42 14	3
42 17	23
42 19	47
42 21	27
42 24	33
42 25	25
42 34	30
42 35	4
42 36	5
42 38	20
42 39	11
42 40	1
42 43	32
42 45	8
43 0	22
43 2	21
43 4	13
43 5	41
43 13	0
43 16	29
43 17	4
43 20	46
43 21	18
43 23	47
43 26	24
43 27	16
43 30	33
43 35	14
43 45	10
43 46	6
43 48	35
44 1	42
44 5	3
44 8	39
44 9	18
44 12	14
44 13	32
44 17	24
44 22	22
44 23	40
44 32	19
44 37	9
44 38	15
44 40	4
44 43	45
44 44	31
44 45	0
44 46	28
44 49	37
45 4	21
45 6	47
45 7	43
45 11	36
45 17	19
45 18	28
45 23	4
45 24	31
45 26	11
45 27	46
45 28	14
45 29	13
45 30	39
45 33	6
45 34	40
45 36	12
45 37	45
45 38	1
45 39	2
45 40	5
45 44	22
45 45	44
45 46	9
46 2	44
46 5	27
46 6	31
46 9	47
46 13	18
46 18	13
46 19	24
46 22	26
46 25	17
46 27	29
46 28	9
46 31	12
46 32	30
46 36	48
46 37	46
46 40	42
46 45	41
47 0	9
47 1	18
47 2	22
47 3	0
47 4	31
47 5	29
47 6	6
47 7	26
47 9	43
47 13	15
47 22	24
47 24	39
47 30	3
47 31	46
47 32	42
47 33	32
47 35	5
47 37	25
47 38	12
47 39	27
47 41	20
47 43	34
47 47	28
47 49	1
48 1	29
48 3	25
48 7	30
48 8	22
48 14	9
48 15	20
48 19	0
48 20	19
48 23	16
48 25	35
48 26	21
48 31	34
48 32	48
48 33	11
48 34	5
48 35	7
48 38	24
48 39	45
48 40	28
48 41	13
48 46	38
48 47	33
49 0	7
49 6	0
49 8	29
49 9	2
49 10	25
49 13	28
49 16	26
49 18	16
49 19	49
49 21	4
49 25	38
49 31	23
49 33	39
49 34	31
49 36	19
49 42	12
49 44	47
49 45	1
49 48	20
