50
0 2	37
0 5	36
0 10	22
0 11	40
0 14	42
0 15	45
0 16	46
0 19	34
0 21	13
0 22	28
0 25	9
0 26	17
0 27	20
0 28	44
0 30	15
0 31	2
0 32	19
0 36	23
0 37	48
0 39	3
0 40	4
0 43	41
0 44	30
0 46	12
0 48	33
1 6	33
1 7	10
1 8	23
1 10	2
1 13	9
1 16	45
1 18	48
1 20	35
1 21	29
1 22	14
1 23	17
1 24	20
1 25	28
1 26	7
1 27	5
1 28	31
1 30	39
1 31	13
1 33	22
1 35	25
1 36	38
1 39	47
1 40	42
1 41	15
1 43	37
1 44	34
1 45	44
1 48	8
1 49	32
2 1	25
2 2	4
2 7	16
2 9	19
2 11	30
2 12	41
2 13	48
2 15	20
2 20	17
2 25	7
2 26	29
2 30	14
2 32	47
2 33	11
2 34	44
2 36	49
2 40	27
2 41	2
2 45	23
2 47	46
2 48	0
2 49	22
3 1	41
3 2	7
3 3	20
3 4	16
3 6	38
3 7	23
3 9	35
3 11	39
3 14	31
3 15	29
3 18	15
3 26	26
3 29	27
3 30	32
3 35	8
3 37	34
3 38	10
3 39	9
3 40	37
3 41	1
3 42	47
3 44	2
3 45	13
3 46	22
3 48	44
3 49	5
4 0	42
4 2	45
4 4	28
4 5	6
4 7	20
4 9	40
4 11	38
4 13	29
4 14	46
4 18	3
4 19	2
4 20	43
4 21	31
4 22	22
4 23	34
4 26	13
4 27	14
4 33	39
4 38	33
4 41	30
4 44	18
4 46	21
4 47	44
4 48	12
5 1	9
5 2	3
5 3	6
5 5	48
5 9	15
5 10	27
5 11	21
5 15	33
5 16	14
5 17	49
5 20	36
5 21	39
5 22	1
5 23	26
5 24	34
5 27	29
5 28	2
5 29	8
5 30	41
5 32	12
5 33	7
5 35	10
5 36	45
5 37	38
5 38	44
5 40	28
5 41	0
5 42	42
5 44	13
6 0	6
6 1	11
6 4	17
6 5	39
6 6	41
6 7	5
6 8	15
6 9	24
6 11	42
6 15	9
6 24	30
6 25	36
6 27	43
6 29	23
6 32	0
6 33	18
6 36	19
6 38	45
6 40	49
6 42	37
6 45	20
6 46	4
6 48	40
6 49	7
7 3	18
7 4	47
7 5	42
7 11	44
7 12	40
7 13	22
7 15	19
7 17	7
7 18	13
7 20	46
7 21	41
7 26	37
7 31	12
7 32	10
7 38	30
7 40	31
7 41	14
7 43	27
7 45	45
7 48	23
7 49	15
8 2	49
8 4	21
8 6	2
8 9	23
8 11	4
8 14	41
8 17	18
8 18	7
8 19	48
8 21	24
8 22	40
8 27	31
8 28	39
8 30	12
8 36	35
8 37	46
8 38	34
8 39	20
8 40	33
8 42	11
8 43	13
8 45	14
8 46	44
8 47	45
8 48	10
9 0	20
9 1	4
9 2	23
9 3	48
9 4	41
9 6	16
9 8	29
9 13	38
9 16	49
9 17	15
9 18	1
9 20	33
9 23	11
9 25	13
9 28	32
9 31	28
9 32	37
9 35	7
9 36	3
9 41	21
9 42	39
9 46	47
9 48	9
9 49	30
10 0	24
10 1	5
10 2	27
10 5	20
10 6	28
10 8	32
10 9	4
10 11	14
10 12	17
10 16	35
10 17	10
10 18	6
10 19	44
10 24	47
10 26	2
10 29	41
10 30	3
10 31	37
10 32	25
10 37	12
10 39	33
10 40	9
10 46	49
11 0	2
11 1	0
11 4	6
11 5	46
11 7	42
11 9	14
11 11	45
11 12	34
11 13	8
11 19	30
11 20	26
11 21	32
11 22	17
11 23	12
11 24	5
11 26	18
11 28	13
11 32	48
11 33	9
11 39	21
11 41	11
11 44	35
11 47	38
11 49	3
12 1	18
12 3	1
12 5	8
12 6	29
12 9	31
12 10	5
12 16	28
12 17	9
12 18	0
12 22	26
12 23	6
12 24	46
12 25	27
12 29	33
12 30	2
12 32	36
12 33	48
12 34	35
12 35	22
12 36	7
12 37	44
12 41	38
12 44	37
12 46	32
12 49	10
13 0	29
13 1	36
13 3	40
13 7	0
13 8	24
13 9	20
13 10	6
13 11	23
13 12	48
13 13	47
13 14	28
13 15	49
13 16	2
13 17	43
13 18	39
13 23	21
13 29	12
13 31	26
13 33	42
13 34	34
13 36	27
13 37	25
13 38	11
13 39	38
13 44	7
13 45	46
13 46	41
13 48	18
13 49	1
14 2	41
14 3	16
14 4	20
14 7	31
14 9	46
14 10	40
14 11	19
14 12	28
14 13	11
14 15	30
14 17	37
14 18	18
14 20	32
14 24	27
14 25	35
14 27	34
14 28	12
14 29	0
14 30	7
14 31	47
14 33	23
14 35	39
14 39	22
14 42	29
14 44	9
14 45	6
14 48	14
15 0	8
15 2	22
15 3	39
15 6	42
15 12	18
15 13	43
15 16	27
15 17	21
15 20	47
15 22	5
15 25	10
15 27	37
15 30	23
15 33	17
15 35	46
15 36	0
15 38	9
15 41	13
15 43	36
15 47	29
16 2	48
16 3	19
16 4	36
16 5	26
16 6	27
16 7	12
16 11	37
16 13	39
16 14	3
16 17	31
16 18	25
16 19	18
16 21	11
16 23	44
16 24	28
16 26	40
16 28	46
16 29	42
16 30	47
16 36	13
16 39	4
16 43	32
16 44	14
16 45	41
16 49	6
17 1	38
17 2	1
17 3	37
17 4	48
17 5	11
17 7	9
17 8	45
17 9	30
17 10	10
17 12	21
17 14	22
17 16	39
17 17	13
17 20	16
17 24	12
17 25	26
17 26	49
17 27	6
17 28	4
17 32	40
17 33	36
17 35	32
17 38	17
17 39	5
17 40	3
17 41	47
17 42	8
17 43	0
17 46	35
17 49	43
18 1	35
18 2	46
18 3	29
18 4	3
18 6	13
18 9	21
18 11	26
18 13	10
18 17	11
18 18	14
18 19	19
18 23	32
18 25	2
18 30	6
18 31	1
18 32	28
18 33	16
18 34	36
18 35	5
18 38	15
18 46	0
18 47	17
18 48	22
18 49	27
19 0	26
19 1	34
19 2	31
19 3	44
19 7	11
19 9	33
19 10	37
19 12	0
19 13	46
19 14	15
19 15	1
19 16	17
19 18	49
19 19	8
19 20	23
19 22	42
19 23	29
19 25	18
19 29	35
19 30	9
19 31	4
19 32	20
19 33	28
19 37	27
19 41	22
19 42	12
19 43	19
19 44	48
19 45	30
19 48	21
19 49	36
20 1	32
20 5	17
20 6	23
20 9	28
20 10	29
20 11	16
20 12	13
20 14	7
20 15	11
20 16	25
20 19	3
20 20	2
20 21	4
20 26	22
20 27	12
20 28	34
20 29	5
20 32	45
20 35	14
20 36	33
20 37	6
20 38	48
20 40	39
20 41	8
20 42	19
20 44	0
20 45	40
20 47	15
20 49	20
21 6	1
21 7	39
21 9	42
21 11	34
21 12	46
21 13	36
21 14	49
21 15	16
21 16	19
21 18	28
21 19	26
21 21	30
21 24	14
21 31	10
21 32	4
21 35	15
21 40	25
21 41	6
21 44	32
21 45	47
22 0	31
22 1	6
22 3	47
22 8	48
22 12	45
22 17	39
22 18	21
22 19	25
22 24	41
22 25	32
22 29	46
22 31	0
22 33	34
22 36	14
22 37	40
22 39	28
22 40	11
22 42	49
22 43	12
22 45	9
22 46	26
22 47	5
23 0	32
23 1	22
23 3	13
23 4	38
23 6	19
23 7	15
23 9	1
23 10	23
23 12	35
23 19	12
23 20	48
23 21	42
23 22	20
23 23	3
23 24	6
23 25	37
23 28	7
23 29	49
23 31	11
23 32	21
23 34	29
23 37	36
23 38	31
23 39	27
23 41	16
23 43	45
23 46	40
23 47	39
24 0	23
24 2	17
24 3	41
24 5	30
24 7	28
24 8	14
24 11	6
24 12	22
24 13	37
24 14	35
24 16	12
24 17	40
24 19	7
24 20	4
24 21	44
24 24	33
24 26	0
24 27	48
24 29	3
24 30	42
24 31	39
24 32	18
24 33	49
24 34	32
24 36	1
24 37	11
24 38	20
24 39	10
24 42	2
24 46	38
24 48	31
24 49	16
25 0	47
25 1	37
25 2	40
25 8	13
25 10	28
25 11	9
25 13	24
25 16	43
25 17	36
25 18	45
25 20	6
25 21	1
25 22	38
25 23	23
25 24	19
25 25	46
25 26	42
25 28	48
25 30	21
25 31	44
25 32	5
25 33	2
25 34	49
25 37	33
25 40	15
25 43	17
26 1	46
26 2	44
26 3	34
26 6	39
26 9	8
26 10	42
26 13	23
26 14	11
26 15	15
26 17	16
26 18	26
26 20	14
26 22	3
26 23	13
26 24	35
26 25	48
26 26	27
26 28	33
26 30	22
26 39	36
26 41	40
26 45	1
26 47	24
27 1	19
27 2	14
27 5	40
27 6	49
27 8	33
27 9	0
27 12	2
27 13	44
27 14	10
27 18	9
27 20	25
27 22	7
27 26	11
27 28	47
27 29	29
27 30	8
27 31	21
27 32	13
27 33	20
27 37	45
27 40	23
27 43	30
27 44	43
27 48	35
28 1	2
28 3	15
28 5	1
28 7	8
28 9	48
28 10	20
28 13	5
28 16	13
28 18	11
28 21	37
28 22	32
28 23	38
28 29	19
28 30	28
28 32	14
28 35	0
28 36	34
28 37	7
28 38	23
28 39	35
28 40	29
28 43	4
28 44	36
28 46	31
28 48	45
29 3	25
29 5	34
29 7	18
29 8	41
29 12	44
29 13	30
29 14	14
29 17	22
29 18	33
29 22	2
29 23	10
29 24	49
29 25	47
29 28	20
29 32	1
29 33	19
29 34	0
29 35	28
29 36	9
29 39	16
29 41	43
29 45	3
29 48	48
29 49	13
30 4	14
30 5	0
30 6	46
30 7	47
30 8	44
30 9	11
30 15	21
30 17	38
30 19	29
30 20	49
30 24	43
30 26	20
30 30	13
30 33	33
30 34	10
30 36	18
30 40	7
30 41	4
30 42	30
30 43	6
30 45	12
30 47	41
30 48	36
31 1	40
31 2	9
31 3	5
31 8	36
31 18	19
31 22	37
31 28	10
31 33	6
31 38	27
31 41	34
31 42	20
31 43	31
31 44	3
31 47	26
31 49	44
32 0	36
32 3	24
32 7	48
32 8	42
32 9	45
32 11	25
32 13	34
32 16	6
32 17	19
32 18	29
32 19	13
32 23	33
32 24	15
32 26	44
32 27	11
32 29	1
32 30	40
32 31	38
32 32	8
32 33	32
32 35	47
32 36	2
32 39	0
32 41	23
32 42	41
32 44	27
32 47	7
32 48	28
32 49	17
33 0	30
33 1	45
33 2	10
33 3	8
33 4	1
33 6	24
33 7	19
33 8	49
33 13	3
33 16	41
33 17	29
33 18	40
33 19	39
33 20	28
33 21	47
33 22	33
33 24	4
33 26	43
33 28	0
33 29	31
33 30	44
33 36	36
33 40	14
33 41	5
33 43	35
33 45	34
33 46	6
34 0	15
34 1	14
34 2	39
34 5	43
34 6	18
34 8	2
34 9	16
34 10	36
34 11	3
34 12	12
34 13	4
34 14	17
34 16	1
34 18	42
34 20	5
34 21	23
34 22	48
34 23	24
34 24	21
34 25	44
34 26	47
34 27	33
34 29	45
34 30	26
34 34	25
34 35	20
34 36	28
34 40	8
34 44	31
34 45	11
34 46	30
34 48	6
34 49	35
35 1	28
35 2	13
35 3	22
35 4	7
35 7	21
35 8	5
35 9	36
35 10	49
35 15	24
35 21	6
35 22	34
35 23	40
35 24	11
35 26	31
35 27	10
35 28	15
35 29	25
35 32	30
35 33	26
35 34	3
35 38	41
35 39	44
35 40	32
35 41	39
35 44	17
35 45	8
35 46	14
35 47	16
36 0	4
36 1	49
36 2	42
36 5	13
36 6	15
36 8	34
36 9	2
36 10	41
36 14	39
36 18	23
36 22	16
36 25	17
36 28	18
36 30	20
36 31	40
36 32	6
36 37	1
36 38	5
36 39	43
36 40	21
36 41	32
36 43	8
36 46	19
36 47	12
36 48	47
37 0	27
37 1	3
37 3	43
37 6	30
37 10	24
37 15	22
37 16	10
37 17	2
37 19	33
37 20	40
37 21	49
37 22	46
37 23	4
37 24	31
37 26	1
37 27	21
37 28	14
37 29	34
37 32	35
37 33	13
37 39	17
37 42	45
37 43	7
37 45	48
37 46	28
37 48	32
38 1	7
38 3	33
38 5	28
38 6	34
38 9	13
38 13	0
38 14	47
38 24	42
38 31	36
38 34	46
38 35	35
38 36	5
38 40	38
38 42	18
38 43	1
38 48	3
38 49	45
39 0	34
39 1	33
39 2	8
39 7	13
39 10	0
39 11	18
39 12	15
39 13	40
39 15	10
39 19	31
39 20	9
39 21	20
39 23	1
39 24	26
39 29	37
39 33	3
39 34	14
39 44	28
39 45	5
39 47	25
39 48	17
39 49	49
40 0	0
40 1	16
40 2	20
40 4	49
40 6	9
40 7	27
40 8	40
40 9	29
40 13	26
40 14	23
40 16	3
40 18	10
40 22	47
40 28	45
40 29	14
40 33	30
40 34	5
40 35	21
40 36	43
40 37	35
40 39	6
40 40	46
40 41	12
40 45	42
40 46	7
41 0	19
41 1	23
41 2	47
41 4	0
41 5	22
41 7	29
41 8	11
41 9	9
41 10	7
41 11	27
41 14	2
41 16	20
41 17	17
41 19	14
41 24	40
41 25	24
41 28	21
41 32	39
41 35	45
41 40	18
41 41	41
41 43	28
41 45	37
41 46	46
41 49	4
42 2	38
42 4	40
42 6	3
42 7	25
42 8	12
42 10	47
42 12	24
42 13	33
42 14	20
42 15	14
42 18	41
42 19	0
42 21	46
42 24	29
42 27	15
42 28	9
42 29	44
42 30	18
42 35	48
42 37	42
42 38	21
42 44	16
42 46	17
42 49	23
43 3	26
43 4	39
43 7	35
43 9	18
43 10	25
43 11	31
43 12	5
43 14	6
43 18	32
43 21	28
43 22	23
43 25	38
43 26	15
43 29	21
43 31	16
43 33	1
43 34	48
43 35	12
43 36	44
43 38	42
43 39	24
43 40	22
43 41	29
43 43	40
43 47	10
43 48	30
44 1	1
44 3	9
44 7	37
44 10	18
44 11	46
44 12	39
44 16	26
44 17	3
44 18	17
44 21	27
44 22	45
44 23	7
44 25	8
44 26	41
44 27	24
44 30	48
44 32	42
44 36	31
44 37	23
44 39	40
44 40	36
44 41	49
44 42	43
44 43	15
44 47	28
45 1	8
45 4	23
45 5	27
45 6	48
45 7	4
45 11	10
45 14	43
45 15	0
45 21	26
45 26	28
45 27	38
45 28	6
45 29	13
45 31	35
45 32	29
45 38	19
45 44	22
45 46	9
45 47	11
45 48	42
46 0	45
46 1	21
46 6	17
46 7	1
46 9	44
46 11	2
46 12	26
46 15	43
46 16	29
46 19	23
46 23	14
46 24	24
46 25	30
46 28	41
46 31	5
46 33	31
46 35	13
46 38	25
46 44	4
46 45	36
46 48	20
46 49	34
47 0	13
47 1	27
47 2	5
47 6	47
47 9	37
47 11	17
47 12	32
47 14	1
47 15	26
47 16	15
47 19	35
47 21	33
47 23	2
47 24	9
47 26	4
47 28	40
47 29	39
47 31	43
47 32	16
47 33	8
47 34	21
47 36	42
47 40	41
47 41	18
47 43	20
47 44	38
47 45	10
47 47	23
47 48	19
47 49	24
48 0	17
48 1	47
48 3	14
48 4	15
48 10	48
48 11	49
48 12	4
48 15	7
48 16	22
48 21	25
48 23	39
48 27	28
48 28	1
48 31	41
48 33	21
48 34	30
48 35	33
48 37	0
48 38	36
48 44	8
48 47	2
49 3	17
49 5	44
49 7	49
49 8	3
49 9	27
49 11	47
49 16	33
49 18	16
49 19	41
49 20	13
49 24	8
49 26	21
49 29	11
49 30	0
49 31	6
49 32	2
49 36	20
49 38	4
49 39	26
49 40	30
49 41	42
49 42	22
49 44	5
49 46	45
49 47	1
49 48	29
49 49	28
