50
0 1	28
0 2	16
0 4	18
0 9	27
0 18	49
0 22	43
0 23	5
0 25	40
0 28	45
0 30	48
0 35	2
0 36	9
0 37	38
0 38	0
0 40	39
0 41	15
0 42	20
0 44	30
0 45	8
1 0	41
1 3	12
1 13	9
1 18	5
1 19	7
1 20	34
1 22	30
1 24	35
1 25	11
1 26	27
1 28	15
1 30	14
1 33	39
1 36	21
1 37	3
1 39	28
1 40	4
1 41	32
1 42	48
1 43	45
1 46	47
1 48	16
1 49	36
2 2	26
2 3	16
2 5	42
2 9	15
2 11	1
2 13	18
2 15	13
2 16	10
2 22	44
2 24	39
2 25	8
2 27	40
2 28	2
2 31	36
2 32	34
2 33	45
2 34	14
2 39	23
2 40	5
2 41	6
2 44	9
2 47	3
2 48	4
3 0	27
3 1	49
3 2	20
3 4	39
3 5	37
3 6	32
3 7	10
3 8	14
3 12	46
3 13	41
3 15	38
3 18	31
3 19	4
3 21	30
3 22	21
3 25	22
3 26	16
3 28	7
3 36	3
3 37	43
3 38	6
3 40	15
3 41	44
3 45	28
3 47	8
3 49	0
4 2	8
4 4	31
4 7	25
4 10	11
4 12	21
4 13	29
4 14	32
4 20	38
4 23	28
4 25	12
4 26	42
4 27	7
4 28	6
4 31	23
4 32	18
4 36	13
4 37	49
4 38	35
4 41	2
4 43	15
4 45	9
4 46	5
5 11	19
5 13	2
5 15	3
5 17	6
5 18	22
5 21	34
5 22	12
5 28	28
5 30	46
5 32	30
5 33	0
5 35	26
5 38	25
5 39	7
5 42	31
5 44	38
5 46	14
5 48	18
5 49	33
6 1	3
6 3	2
6 13	30
6 14	22
6 18	7
6 19	12
6 22	35
6 23	43
6 26	29
6 27	15
6 28	16
6 32	5
6 34	38
6 36	31
6 41	47
6 42	33
6 44	10
6 45	6
6 47	1
7 2	22
7 4	5
7 5	10
7 6	7
7 8	0
7 9	32
7 10	2
7 14	47
7 15	6
7 17	11
7 18	34
7 20	26
7 25	16
7 27	48
7 29	1
7 31	27
7 33	21
7 34	19
7 37	31
7 39	17
7 44	36
8 0	14
8 1	0
8 5	25
8 7	42
8 10	6
8 12	23
8 14	44
8 15	29
8 22	32
8 23	41
8 25	17
8 28	4
8 29	13
8 33	48
8 39	18
8 42	35
8 46	15
8 47	24
8 48	7
8 49	34
9 2	1
9 6	6
9 7	3
9 9	39
9 12	4
9 13	7
9 14	48
9 17	20
9 20	12
9 21	14
9 23	18
9 26	10
9 28	13
9 29	46
9 32	38
9 38	49
9 41	8
9 42	22
9 49	9
10 0	32
10 4	25
10 5	7
10 6	21
10 12	6
10 13	19
10 15	20
10 19	34
10 20	13
10 22	38
10 27	9
10 29	47
10 33	44
10 35	24
10 37	30
10 44	26
10 46	29
10 48	48
11 0	45
11 1	43
11 3	48
11 4	34
11 11	42
11 14	13
11 15	37
11 16	40
11 19	35
11 20	17
11 21	7
11 23	36
11 26	5
11 27	4
11 29	31
11 30	25
11 31	11
11 32	14
11 33	12
11 35	30
11 36	8
11 37	21
11 39	27
11 43	47
11 46	2
11 48	39
12 1	9
12 3	11
12 4	8
12 6	10
12 9	38
12 11	25
12 14	43
12 15	14
12 16	23
12 22	4
12 25	31
12 30	37
12 34	5
12 38	21
12 39	32
12 40	41
12 42	15
12 43	6
12 46	34
12 47	39
12 49	18
13 0	48
13 1	2
13 2	36
13 6	8
13 8	26
13 12	43
13 15	33
13 19	30
13 20	40
13 22	25
13 28	21
13 30	20
13 33	10
13 39	4
13 40	27
13 41	19
13 42	32
13 44	23
13 46	7
13 47	14
13 49	46
14 1	1
14 3	10
14 5	17
14 6	23
14 8	2
14 9	30
14 14	41
14 18	25
14 21	24
14 24	44
14 26	15
14 31	5
14 32	35
14 33	7
14 35	40
14 37	33
14 38	20
14 39	47
14 42	43
14 48	31
14 49	6
15 2	31
15 3	9
15 4	49
15 6	27
15 7	6
15 8	39
15 13	43
15 14	10
15 15	19
15 16	20
15 17	28
15 18	3
15 25	48
15 34	18
15 36	30
15 37	13
15 39	38
15 41	24
15 42	8
15 44	17
15 46	4
16 2	47
16 4	11
16 7	35
16 9	13
16 10	39
16 11	2
16 17	18
16 21	28
16 22	6
16 24	22
16 25	3
16 27	44
16 28	27
16 30	21
16 32	36
16 38	32
16 42	26
16 44	33
17 1	24
17 4	42
17 5	13
17 6	40
17 7	18
17 8	44
17 9	8
17 11	38
17 15	16
17 19	1
17 21	21
17 22	41
17 25	34
17 26	6
17 27	14
17 31	45
17 32	3
17 35	0
17 39	11
17 40	26
17 41	43
17 43	17
17 47	36
17 49	39
18 0	3
18 1	35
18 4	30
18 5	36
18 9	20
18 10	48
18 12	47
18 16	8
18 17	10
18 18	13
18 24	24
18 27	22
18 28	23
18 29	33
18 30	43
18 33	27
18 39	19
18 41	46
18 43	2
18 46	16
19 6	43
19 9	10
19 10	42
19 12	29
19 15	34
19 16	45
19 21	49
19 30	17
19 36	22
19 37	48
19 38	12
19 39	26
19 41	31
19 42	5
19 43	21
19 45	1
19 47	16
20 14	28
20 18	41
20 20	19
20 21	32
20 23	27
20 24	7
20 25	0
20 26	13
20 28	34
20 30	22
20 32	23
20 34	48
20 43	25
20 44	20
20 45	42
20 48	43
21 2	13
21 5	14
21 6	15
21 8	34
21 12	40
21 15	42
21 17	26
21 21	3
21 25	20
21 26	31
21 29	12
21 30	8
21 31	6
21 32	7
21 37	25
21 40	23
21 42	29
21 43	18
21 45	47
22 4	41
22 5	28
22 6	35
22 7	26
22 11	5
22 12	11
22 14	49
22 15	21
22 18	40
22 21	16
22 29	0
22 30	34
22 33	8
22 35	46
22 36	43
22 37	45
22 38	42
22 41	30
22 49	2
23 3	30
23 14	16
23 15	40
23 17	5
23 18	12
23 19	36
23 20	28
23 23	24
23 24	13
23 26	21
23 27	32
23 32	20
23 34	2
23 36	11
23 37	22
23 47	17
24 3	35
24 4	29
24 5	27
24 8	37
24 9	31
24 10	47
24 12	34
24 13	49
24 14	1
24 15	11
24 16	43
24 17	39
24 18	38
24 20	7
24 21	12
24 25	46
24 27	18
24 29	24
24 30	32
24 32	21
24 33	22
24 34	16
24 36	48
24 38	13
24 39	14
24 40	25
24 41	5
24 48	6
25 0	42
25 5	15
25 7	38
25 9	46
25 10	23
25 11	34
25 15	9
25 23	12
25 24	37
25 25	27
25 27	5
25 29	35
25 30	1
25 33	18
25 34	6
25 35	41
25 36	24
25 39	33
25 43	0
25 44	32
25 46	26
26 0	25
26 2	27
26 4	21
26 7	47
26 8	20
26 12	42
26 13	22
26 14	46
26 16	49
26 20	35
26 21	48
26 26	32
26 27	6
26 29	38
26 30	12
26 34	39
26 35	23
26 36	2
26 37	4
26 38	3
26 42	0
26 46	8
27 1	20
27 2	30
27 3	39
27 12	5
27 14	36
27 18	33
27 20	25
27 22	7
27 28	47
27 30	16
27 31	48
27 32	9
27 34	21
27 36	6
27 37	15
27 46	41
27 48	11
27 49	42
28 4	24
28 5	29
28 7	28
28 9	26
28 19	6
28 20	44
28 23	34
28 25	2
28 30	39
28 32	40
28 33	17
28 35	7
28 36	27
28 39	0
28 40	22
28 41	12
28 43	16
28 47	9
28 49	21
29 0	15
29 9	18
29 10	5
29 17	27
29 18	2
29 19	25
29 24	32
29 27	13
29 30	26
29 31	31
29 32	42
29 33	38
29 36	16
29 37	37
29 38	10
29 39	48
29 42	46
29 44	8
29 45	44
29 49	47
30 3	7
30 5	21
30 7	27
30 8	36
30 10	26
30 11	32
30 12	8
30 15	46
30 24	23
30 26	47
30 28	37
30 29	30
30 35	43
30 38	15
30 39	3
30 40	17
30 41	16
30 45	0
30 46	19
30 48	1
31 0	43
31 1	14
31 2	5
31 3	42
31 9	3
31 11	10
31 12	22
31 13	35
31 16	0
31 19	31
31 20	21
31 26	25
31 28	26
31 35	38
31 36	7
31 37	17
31 39	41
31 40	46
31 42	11
31 44	6
31 46	48
31 47	32
32 0	20
32 1	44
32 2	29
32 8	1
32 9	23
32 13	32
32 15	36
32 18	45
32 25	18
32 28	25
32 31	37
32 32	47
32 33	14
32 42	40
32 44	13
32 45	19
32 47	28
32 49	11
33 1	41
33 2	23
33 4	7
33 10	3
33 11	17
33 12	1
33 16	5
33 20	9
33 22	37
33 26	38
33 27	39
33 29	16
33 36	44
33 39	43
33 46	32
33 47	6
34 1	26
34 2	35
34 3	38
34 5	8
34 6	39
34 7	21
34 8	18
34 9	5
34 23	45
34 29	4
34 30	47
34 31	43
34 33	16
34 36	34
34 37	41
34 40	19
34 42	23
34 44	28
34 47	40
35 1	17
35 3	29
35 8	5
35 9	1
35 16	6
35 21	26
35 22	28
35 23	0
35 26	24
35 27	11
35 38	48
35 39	16
35 46	3
35 47	21
35 49	8
36 2	12
36 4	4
36 6	46
36 7	30
36 8	28
36 11	18
36 15	44
36 16	34
36 18	37
36 19	47
36 23	14
36 26	36
36 34	1
36 37	39
36 38	5
36 41	25
36 43	9
36 44	21
36 45	23
36 46	27
37 2	38
37 4	27
37 6	26
37 9	19
37 11	13
37 19	29
37 23	44
37 26	4
37 27	28
37 31	16
37 33	1
37 35	47
37 37	32
37 38	40
37 39	22
37 43	37
38 2	46
38 3	6
38 4	48
38 5	26
38 7	19
38 8	27
38 10	25
38 11	44
38 12	41
38 14	18
38 15	39
38 16	42
38 18	29
38 23	31
38 24	49
38 25	5
38 26	2
38 27	34
38 29	3
38 30	0
38 31	24
38 32	8
38 34	4
38 35	15
38 38	47
38 39	21
38 40	30
38 41	13
38 42	7
38 45	17
38 46	20
38 48	14
39 0	46
39 7	13
39 8	49
39 9	34
39 10	30
39 12	2
39 13	0
39 14	25
39 16	29
39 17	3
39 20	42
39 22	26
39 23	4
39 25	35
39 29	8
39 30	7
39 32	11
39 33	6
39 36	32
39 37	14
39 43	40
39 44	24
39 47	47
40 0	16
40 5	19
40 8	9
40 11	3
40 13	1
40 19	5
40 22	39
40 24	0
40 26	22
40 29	36
40 30	30
40 43	7
40 45	40
40 49	12
41 1	33
41 2	19
41 3	22
41 4	38
41 7	39
41 9	9
41 10	34
41 11	6
41 14	40
41 15	23
41 18	24
41 23	37
41 24	10
41 27	43
41 31	30
41 32	0
41 33	15
41 35	32
41 36	47
41 39	42
41 40	13
41 41	29
41 42	3
41 46	36
41 48	8
41 49	14
42 0	6
42 1	32
42 3	26
42 17	9
42 21	39
42 23	1
42 26	14
42 27	25
42 30	40
42 31	21
42 35	13
42 36	19
42 37	8
42 48	3
43 2	41
43 6	30
43 8	31
43 9	0
43 11	26
43 14	39
43 15	18
43 25	21
43 26	40
43 27	29
43 28	35
43 29	27
43 39	20
43 42	37
43 44	3
43 47	11
43 49	7
44 3	46
44 4	20
44 7	11
44 14	9
44 18	4
44 19	16
44 22	19
44 24	3
44 27	10
44 32	41
44 33	30
44 37	42
44 38	43
44 39	2
44 40	37
44 44	29
44 46	12
44 47	13
44 49	23
45 0	44
45 1	48
45 2	24
45 4	6
45 5	20
45 9	21
45 14	5
45 15	41
45 16	4
45 17	43
45 23	32
45 27	33
45 30	15
45 32	12
45 35	25
45 36	35
45 37	36
45 38	16
45 40	9
45 42	28
45 49	38
46 1	40
46 3	19
46 11	36
46 12	33
46 13	25
46 15	7
46 19	32
46 20	22
46 25	9
46 28	12
46 33	35
46 34	29
46 38	14
46 41	26
46 42	45
46 47	2
47 4	0
47 6	17
47 11	21
47 13	38
47 14	24
47 19	48
47 20	27
47 22	13
47 23	11
47 24	8
47 25	26
47 27	19
47 30	31
47 33	47
47 35	14
47 40	34
47 46	44
47 47	42
47 49	43
48 2	45
48 3	44
48 7	40
48 9	14
48 13	15
48 15	27
48 16	39
48 17	1
48 20	2
48 22	5
48 24	4
48 31	7
48 32	19
48 33	29
48 36	38
48 38	26
48 39	46
48 46	49
48 47	12
49 1	16
49 6	47
49 8	4
49 16	3
49 17	2
49 21	8
49 27	41
49 30	24
49 34	27
49 36	18
49 37	26
49 38	22
49 40	32
49 41	17
49 42	34
49 43	35
49 46	28
49 47	38
