50
0 4	48
0 5	5
0 6	3
0 10	28
0 12	33
0 13	29
0 14	0
0 16	11
0 21	49
0 28	16
0 29	47
0 30	15
0 35	10
0 37	17
0 44	31
1 3	36
1 5	47
1 6	17
1 7	23
1 10	44
1 15	32
1 21	25
1 23	35
1 24	40
1 26	27
1 31	16
1 37	33
1 41	30
1 43	41
1 44	7
1 48	6
2 10	33
2 11	14
2 13	44
2 15	8
2 16	2
2 22	45
2 23	26
2 34	37
2 40	23
2 41	4
2 42	41
2 43	13
2 44	27
3 1	29
3 3	19
3 9	2
3 12	43
3 13	9
3 18	32
3 21	4
3 25	11
3 26	14
3 27	49
3 30	39
3 31	18
3 33	30
3 37	8
3 42	13
3 44	33
3 46	28
3 47	45
3 49	37
4 1	37
4 2	4
4 4	33
4 6	9
4 8	3
4 11	30
4 12	22
4 15	28
4 16	12
4 18	39
4 21	5
4 24	8
4 25	42
4 26	36
4 31	15
4 34	32
4 40	43
4 41	45
4 42	21
4 43	26
4 44	40
4 48	49
5 1	7
5 2	23
5 6	18
5 7	37
5 8	36
5 12	27
5 13	48
5 14	25
5 15	43
5 24	33
5 25	29
5 26	42
5 27	26
5 29	2
5 31	40
5 33	12
5 34	20
5 38	13
5 45	28
6 17	31
6 19	48
6 20	38
6 22	30
6 24	11
6 32	8
6 36	40
6 40	18
6 42	15
6 45	10
7 6	25
7 8	40
7 10	36
7 14	49
7 18	2
7 19	44
7 24	45
7 32	20
7 33	34
7 35	8
7 36	26
7 44	11
7 48	5
7 49	28
8 1	36
8 2	47
8 3	3
8 8	10
8 9	1
8 10	25
8 11	24
8 15	12
8 17	21
8 19	42
8 22	2
8 24	28
8 25	39
8 31	45
8 32	5
8 36	43
8 37	20
8 39	49
8 41	9
8 47	11
9 9	42
9 11	5
9 12	9
9 19	28
9 22	31
9 23	37
9 24	22
9 25	19
9 28	4
9 29	14
9 30	7
9 41	39
9 44	29
9 45	6
9 47	38
10 0	32
10 3	4
10 4	29
10 9	31
10 12	25
10 20	22
10 22	23
10 23	3
10 29	9
10 31	48
10 38	15
10 40	45
10 42	12
10 44	41
11 2	45
11 4	7
11 6	6
11 8	13
11 9	25
11 11	34
11 12	10
11 14	12
11 19	8
11 20	32
11 24	39
11 25	16
11 26	28
11 30	9
11 31	47
11 37	3
11 40	35
11 45	26
12 0	7
12 1	25
12 4	14
12 5	21
12 9	32
12 12	28
12 14	31
12 16	40
12 20	13
12 21	48
12 25	35
12 29	45
12 30	5
12 41	29
12 44	20
12 48	4
13 2	13
13 3	27
13 8	12
13 10	21
13 12	24
13 24	9
13 25	40
13 26	46
13 27	25
13 29	15
13 40	0
13 41	37
13 42	31
13 45	2
13 46	7
13 48	28
14 3	38
14 8	26
14 9	46
14 10	19
14 14	35
14 20	47
14 22	1
14 26	12
14 27	14
14 32	0
14 34	49
14 35	45
14 40	31
14 42	5
14 47	16
14 48	9
15 3	31
15 4	42
15 5	15
15 15	18
15 21	41
15 23	10
15 24	23
15 28	2
15 31	43
15 34	45
15 37	6
15 38	37
15 41	1
15 45	14
15 47	25
16 3	32
16 6	27
16 7	46
16 8	33
16 11	29
16 18	41
16 19	49
16 22	17
16 23	30
16 26	44
16 27	11
16 28	36
16 30	47
16 33	39
16 48	24
17 0	47
17 4	30
17 11	20
17 12	34
17 14	11
17 15	4
17 17	10
17 21	24
17 23	44
17 24	38
17 25	36
17 27	28
17 30	40
17 32	1
17 47	15
17 48	31
18 1	10
18 7	13
18 8	43
18 10	12
18 12	6
18 18	26
18 20	35
18 21	44
18 22	22
18 23	8
18 24	14
18 26	40
18 28	34
18 30	29
18 32	48
18 33	42
18 35	27
18 41	41
18 45	31
18 47	20
18 48	1
19 0	28
19 5	16
19 9	13
19 10	1
19 14	45
19 17	22
19 19	21
19 20	6
19 21	9
19 22	14
19 25	46
19 28	49
19 29	34
19 33	10
19 36	27
19 37	32
19 40	36
19 41	33
19 42	20
19 46	39
19 49	12
20 0	4
20 1	22
20 2	10
20 7	29
20 12	19
20 15	6
20 18	37
20 20	11
20 21	46
20 22	26
20 23	47
20 25	30
20 33	15
20 34	9
20 35	17
20 37	28
20 40	8
20 41	31
20 45	3
20 46	36
21 0	26
21 8	23
21 17	44
21 23	38
21 26	32
21 28	5
21 29	19
21 33	2
21 38	30
22 2	6
22 4	18
22 9	37
22 11	16
22 17	20
22 24	49
22 31	42
22 32	17
22 33	3
22 41	43
22 43	31
22 49	13
23 1	30
23 7	16
23 10	18
23 16	7
23 18	6
23 21	15
23 24	4
23 26	29
23 29	49
23 31	25
23 35	2
23 38	8
23 40	5
23 42	27
23 46	33
23 47	10
24 4	34
24 6	21
24 8	1
24 11	18
24 14	39
24 19	31
24 22	37
24 28	46
24 29	13
24 35	28
24 39	24
24 42	33
24 44	32
24 48	22
25 1	39
25 5	19
25 6	20
25 7	4
25 11	35
25 20	41
25 28	9
25 31	10
25 35	13
25 37	27
25 38	43
26 3	35
26 11	36
26 14	46
26 16	15
26 26	19
26 28	45
26 29	42
26 30	49
26 31	3
26 32	22
26 35	9
26 37	47
26 41	26
26 44	21
26 48	38
27 1	40
27 3	12
27 6	19
27 12	20
27 17	16
27 18	36
27 19	4
27 22	38
27 23	7
27 25	48
27 26	24
27 33	11
27 37	31
27 38	10
27 47	9
27 49	39
28 1	38
28 10	32
28 14	18
28 19	40
28 22	35
28 23	13
28 29	8
28 30	22
28 36	14
28 43	17
28 47	49
29 0	3
29 5	26
29 9	40
29 20	2
29 28	47
29 29	28
29 31	8
29 32	19
29 36	31
29 42	43
29 43	42
29 48	17
30 12	48
30 13	41
30 26	43
30 27	38
30 29	29
30 32	16
30 33	7
30 40	25
30 43	11
30 48	2
31 0	41
31 4	46
31 5	14
31 7	45
31 13	36
31 14	30
31 15	33
31 17	28
31 23	19
31 24	31
31 26	37
31 28	17
31 30	20
31 39	16
31 40	22
31 42	26
31 44	34
31 48	11
32 0	22
32 10	15
32 20	29
32 23	12
32 24	35
32 25	17
32 30	33
32 31	32
32 37	16
32 41	11
32 42	1
33 1	5
33 2	11
33 9	28
33 10	34
33 16	35
33 19	20
33 20	15
33 26	4
33 30	41
33 31	29
33 34	39
33 35	19
33 39	26
33 42	36
33 44	2
33 45	43
33 48	32
34 1	9
34 2	28
34 5	20
34 10	43
34 21	16
34 25	24
34 30	18
34 32	44
34 33	33
34 34	2
34 35	38
34 36	21
34 38	32
34 42	4
34 48	39
35 2	0
35 11	28
35 12	14
35 13	21
35 14	19
35 18	5
35 19	2
35 25	38
35 27	15
35 28	23
35 30	17
35 31	35
35 40	10
35 48	45
36 3	34
36 4	19
36 8	42
36 21	45
36 27	31
36 29	35
36 35	5
36 43	38
36 44	3
36 45	33
36 47	36
36 48	40
37 3	28
37 7	44
37 9	4
37 10	40
37 13	22
37 14	38
37 15	37
37 19	25
37 21	6
37 22	10
37 24	12
37 25	47
37 26	39
37 28	0
37 30	27
37 35	1
37 38	26
37 39	29
37 42	11
37 43	7
37 46	17
37 47	48
37 48	23
37 49	3
38 2	39
38 3	2
38 4	3
38 11	48
38 14	44
38 16	4
38 17	43
38 19	11
38 21	47
38 22	33
38 34	14
38 35	32
38 39	12
38 41	15
39 0	42
39 8	0
39 15	35
39 24	44
39 25	2
39 35	30
39 40	41
39 43	46
39 47	24
40 3	30
40 4	11
40 6	10
40 10	9
40 19	1
40 20	3
40 21	17
40 23	22
40 25	23
40 26	47
40 29	6
40 32	14
40 34	26
40 37	24
40 39	39
40 41	25
40 44	5
40 47	4
41 9	48
41 20	12
41 28	14
41 33	36
41 35	43
41 42	40
41 44	25
42 1	44
42 2	34
42 4	4
42 6	5
42 9	9
42 23	2
42 26	25
42 29	24
42 35	22
42 38	11
42 42	37
42 48	15
43 1	23
43 3	6
43 5	25
43 8	21
43 11	44
43 13	3
43 15	11
43 19	34
43 23	48
43 25	41
43 30	43
43 32	31
43 34	24
43 40	32
43 44	12
43 45	40
43 49	17
44 4	12
44 5	31
44 7	22
44 10	48
44 12	29
44 13	35
44 17	40
44 21	21
44 22	18
44 27	23
44 28	15
44 29	33
44 34	10
44 35	0
44 40	20
44 42	6
44 43	16
44 44	39
44 45	24
44 48	46
45 3	20
45 11	0
45 14	41
45 18	28
45 24	7
45 29	1
45 38	36
45 46	25
45 48	37
45 49	48
46 3	33
46 6	46
46 9	23
46 13	34
46 20	49
46 28	39
46 30	36
46 47	26
46 48	43
46 49	31
47 1	47
47 6	0
47 8	48
47 10	16
47 12	21
47 16	6
47 17	41
47 18	12
47 20	37
47 25	49
47 27	5
47 31	7
47 32	36
47 41	18
47 48	44
48 2	17
48 3	26
48 8	20
48 9	19
48 12	49
48 14	33
48 16	28
48 20	34
48 24	15
48 32	45
48 34	8
48 35	44
48 38	7
48 41	42
48 42	48
49 0	27
49 2	49
49 4	24
49 7	32
49 11	40
49 13	0
49 17	30
49 22	13
49 24	36
49 27	39
49 32	43
49 34	38
49 38	45
49 40	47
49 42	25
