50
0 2	30
0 3	13
0 5	2
0 8	38
0 11	21
0 13	27
0 14	48
0 15	37
0 22	10
0 26	41
0 27	26
0 28	23
0 37	24
0 39	29
0 44	40
0 46	15
0 49	3
1 1	35
1 16	26
1 23	37
1 24	10
1 34	5
1 35	38
1 38	31
1 43	42
1 45	27
1 47	16
2 2	28
2 3	20
2 7	41
2 8	25
2 10	40
2 12	2
2 15	36
2 16	6
2 18	8
2 19	46
2 22	22
2 33	42
2 34	32
2 38	44
2 40	14
2 44	1
2 45	15
3 1	34
3 5	8
3 6	46
3 26	11
3 32	43
3 37	0
3 38	9
3 39	22
3 41	14
3 47	1
4 3	12
4 4	8
4 8	3
4 11	18
4 12	27
4 13	13
4 18	16
4 23	44
4 24	1
4 32	33
4 33	35
4 34	11
4 36	23
4 41	30
4 48	4
5 2	36
5 5	9
5 6	43
5 7	11
5 14	37
5 18	19
5 20	26
5 21	30
5 25	5
5 31	44
5 35	40
5 43	6
5 47	27
5 49	41
6 4	49
6 5	32
6 15	22
6 17	9
6 20	2
6 23	25
6 26	40
6 29	17
6 30	4
6 31	3
6 32	6
6 36	28
6 37	44
6 46	5
6 47	39
6 48	15
7 3	38
7 6	1
7 8	17
7 21	29
7 22	44
7 24	37
7 32	32
7 35	6
7 36	46
7 37	11
7 39	41
7 41	36
7 43	13
7 47	48
7 48	5
8 2	15
8 4	38
8 15	42
8 18	49
8 20	17
8 21	14
8 23	36
8 29	19
8 30	46
8 41	0
8 46	44
8 47	7
9 0	11
9 5	21
9 13	15
9 20	27
9 21	16
9 22	46
9 24	36
9 28	28
9 32	13
9 37	40
9 39	25
9 40	41
9 44	9
9 45	22
9 46	32
10 0	25
10 6	7
10 11	12
10 12	39
10 19	18
10 20	32
10 23	35
10 24	22
10 25	21
10 27	0
10 35	41
10 36	9
10 37	8
10 41	13
10 42	1
10 46	37
10 48	17
11 0	40
11 1	27
11 4	48
11 5	22
11 7	39
11 8	12
11 18	10
11 22	16
11 23	1
11 25	3
11 28	29
11 29	34
11 30	19
11 35	46
11 37	15
11 40	35
11 42	6
11 45	20
11 47	47
12 1	20
12 10	11
12 14	28
12 18	39
12 27	44
12 29	14
12 40	17
12 41	1
12 45	26
12 46	10
12 48	9
12 49	19
13 1	15
13 2	23
13 3	21
13 4	25
13 8	37
13 11	36
13 13	39
13 16	9
13 24	43
13 25	48
13 31	34
13 34	2
13 35	26
13 42	4
13 43	0
13 47	11
14 0	27
14 1	49
14 2	32
14 4	3
14 8	16
14 13	37
14 17	6
14 18	17
14 19	5
14 24	11
14 26	39
14 28	19
14 29	12
14 31	25
14 34	48
14 35	42
14 36	4
14 40	21
14 46	33
14 47	0
14 49	36
15 2	38
15 9	25
15 10	10
15 23	17
15 27	20
15 29	27
15 30	9
15 33	22
15 38	2
15 39	3
15 42	37
15 44	13
16 0	5
16 1	12
16 2	49
16 5	36
16 8	8
16 10	48
16 18	0
16 26	2
16 27	31
16 28	41
16 31	16
16 33	45
16 34	44
16 35	9
16 39	42
16 41	27
16 48	30
17 2	20
17 4	41
17 7	47
17 10	13
17 11	3
17 12	31
17 18	37
17 20	22
17 27	19
17 30	15
17 38	28
17 39	16
17 40	2
17 42	10
17 47	18
17 49	1
18 3	40
18 5	39
18 7	4
18 11	34
18 14	35
18 15	38
18 17	16
18 20	43
18 21	15
18 23	46
18 30	27
18 36	8
18 40	5
18 42	7
18 44	29
18 45	41
19 0	3
19 4	47
19 5	26
19 7	0
19 10	36
19 14	30
19 19	23
19 20	16
19 21	13
19 23	8
19 29	46
19 33	31
19 41	44
19 43	25
19 48	7
20 3	17
20 4	16
20 7	2
20 11	29
20 13	8
20 14	5
20 16	40
20 20	19
20 27	23
20 39	32
20 41	31
20 45	13
20 46	28
20 48	43
20 49	26
21 0	12
21 5	19
21 6	20
21 8	4
21 13	23
21 15	14
21 18	41
21 20	24
21 21	9
21 35	7
21 41	10
21 42	25
22 7	23
22 14	32
22 18	3
22 35	0
22 37	48
22 40	47
22 42	19
22 46	38
23 8	22
23 12	33
23 21	24
23 22	21
23 23	41
23 24	47
23 30	48
23 31	10
23 37	45
23 42	36
23 44	42
23 47	34
23 49	49
24 1	26
24 2	39
24 3	31
24 5	18
24 11	42
24 16	15
24 17	10
24 20	21
24 21	23
24 23	22
24 25	8
24 28	17
24 35	47
24 38	30
24 39	34
24 41	20
24 42	12
24 46	40
24 48	1
25 1	16
25 5	48
25 6	13
25 9	32
25 10	22
25 13	33
25 14	4
25 15	45
25 17	27
25 18	38
25 20	34
25 21	20
25 26	17
25 30	30
25 33	37
25 34	49
25 35	10
25 37	19
25 40	26
25 41	2
25 43	28
26 10	39
26 11	22
26 19	4
26 21	7
26 23	28
26 25	40
26 27	37
26 28	21
26 29	23
26 33	11
26 35	14
26 38	13
26 39	0
26 41	42
26 43	18
27 0	2
27 1	36
27 6	29
27 7	18
27 9	34
27 10	4
27 13	49
27 15	11
27 22	20
27 23	6
27 24	17
27 27	24
27 30	25
27 38	40
27 39	23
27 44	41
27 48	12
27 49	47
28 0	30
28 6	31
28 15	32
28 16	23
28 19	24
28 22	37
28 24	16
28 27	47
28 30	34
28 31	33
28 40	9
28 46	22
29 1	39
29 9	16
29 10	31
29 11	46
29 16	11
29 17	24
29 23	15
29 24	33
29 30	1
29 35	49
29 38	12
29 39	21
29 43	7
29 44	4
29 47	26
29 48	38
30 2	7
30 7	15
30 15	17
30 16	5
30 17	0
30 18	27
30 22	31
30 27	46
30 28	35
30 31	43
30 34	10
30 48	45
31 5	30
31 12	43
31 13	10
31 14	8
31 16	3
31 19	22
31 21	6
31 22	1
31 26	18
31 28	47
31 29	2
31 31	41
31 36	34
31 48	14
32 1	47
32 7	21
32 14	19
32 18	22
32 19	41
32 26	24
32 29	35
32 30	17
32 32	42
32 36	39
32 37	33
32 39	36
32 43	14
32 45	23
32 49	37
33 1	4
33 4	23
33 7	19
33 8	29
33 15	33
33 17	40
33 20	45
33 21	37
33 23	18
33 27	28
33 29	16
33 46	17
33 47	14
33 48	35
33 49	44
34 0	22
34 4	15
34 5	4
34 12	49
34 14	39
34 17	41
34 27	32
34 31	26
34 38	8
34 46	23
34 47	13
35 6	45
35 8	10
35 10	37
35 11	8
35 12	23
35 13	42
35 17	39
35 19	38
35 27	6
35 30	35
35 40	7
35 41	11
35 42	5
35 45	9
36 2	5
36 10	27
36 13	36
36 15	43
36 16	38
36 17	19
36 28	12
36 29	48
36 31	22
36 33	30
36 34	46
36 36	41
36 38	25
36 45	34
37 5	24
37 9	27
37 16	47
37 17	45
37 19	42
37 22	40
37 23	33
37 24	32
37 26	1
37 28	39
37 37	29
38 7	32
38 9	39
38 13	44
38 18	36
38 22	5
38 25	33
38 29	29
38 31	0
38 34	21
38 37	31
38 41	37
38 44	20
38 46	48
38 48	16
39 7	49
39 10	25
39 11	38
39 14	41
39 17	2
39 21	48
39 25	28
39 27	9
39 28	8
39 30	22
39 37	26
39 39	11
39 40	20
39 42	3
39 45	17
39 46	18
39 47	21
39 49	35
40 0	23
40 6	17
40 7	45
40 8	14
40 14	7
40 15	21
40 16	41
40 17	47
40 20	11
40 21	1
40 22	0
40 23	19
40 25	30
40 27	36
40 28	18
40 31	49
40 37	38
40 38	34
40 40	43
40 41	15
40 44	8
40 47	28
41 0	8
41 2	43
41 6	19
41 17	12
41 18	23
41 19	7
41 21	5
41 22	9
41 27	22
41 29	4
41 32	14
41 33	28
41 37	36
41 38	32
41 39	37
41 44	26
42 3	10
42 5	11
42 10	3
42 12	16
42 19	39
42 22	38
42 24	31
42 27	18
42 35	5
42 38	21
42 46	34
43 2	27
43 4	39
43 7	20
43 8	47
43 9	1
43 15	48
43 20	31
43 27	30
43 28	43
43 29	40
43 33	10
43 34	42
43 41	4
43 42	38
43 43	16
44 1	48
44 5	23
44 7	8
44 9	2
44 17	25
44 19	37
44 20	30
44 29	28
44 30	49
44 31	46
44 32	17
44 34	36
44 36	44
44 37	47
44 39	26
44 40	19
44 41	5
44 42	42
45 1	2
45 3	14
45 5	3
45 6	34
45 8	43
45 10	1
45 12	45
45 27	16
45 31	32
45 32	4
45 41	18
45 42	13
45 43	40
45 44	44
46 2	31
46 10	28
46 11	48
46 12	22
46 16	19
46 19	10
46 20	13
46 23	0
46 24	23
46 28	26
46 34	29
46 35	35
46 39	1
46 46	16
46 49	20
47 4	4
47 5	14
47 8	20
47 21	46
47 29	3
47 31	9
47 36	47
47 44	18
48 3	4
48 4	31
48 13	6
48 15	18
48 17	23
48 18	21
48 19	8
48 20	12
48 22	17
48 24	38
48 29	37
48 31	29
48 35	13
48 37	30
48 39	28
49 4	7
49 5	15
49 6	9
49 9	30
49 11	41
49 12	21
49 14	36
49 21	2
49 22	19
49 24	34
49 25	4
49 26	23
49 28	42
49 29	11
49 30	37
49 32	10
49 33	46
49 35	8
49 36	0
49 37	32
49 38	27
49 39	38
49 40	39
49 41	35
49 44	5
49 46	20
49 47	12
