50
0 2	27
0 3	10
0 7	9
0 11	47
0 12	22
0 13	12
0 15	4
0 21	30
0 23	43
0 24	39
0 25	37
0 26	38
0 27	15
0 28	3
0 32	31
0 33	17
0 34	7
0 37	42
0 38	46
0 48	23
0 49	33
1 0	12
1 1	15
1 2	2
1 3	41
1 4	27
1 8	29
1 9	22
1 12	44
1 14	20
1 15	30
1 18	19
1 19	13
1 20	37
1 21	3
1 22	7
1 24	49
1 26	18
1 31	6
1 32	45
1 37	48
1 39	47
1 44	33
1 45	8
1 46	5
1 47	0
2 0	13
2 4	40
2 8	44
2 10	20
2 13	33
2 17	25
2 18	37
2 21	43
2 22	14
2 23	10
2 24	4
2 25	12
2 26	31
2 28	22
2 30	2
2 37	45
2 39	34
2 41	29
2 43	35
2 44	19
2 46	17
2 48	7
2 49	26
3 0	22
3 2	12
3 6	5
3 9	9
3 11	20
3 12	10
3 13	23
3 14	30
3 17	42
3 18	32
3 19	34
3 23	1
3 24	44
3 25	43
3 26	19
3 28	21
3 30	25
3 32	18
3 34	48
3 36	14
3 37	2
3 38	40
3 40	35
3 41	7
3 43	29
3 46	36
3 47	16
3 48	28
4 2	14
4 3	20
4 4	33
4 6	19
4 8	30
4 9	45
4 13	26
4 14	18
4 15	15
4 16	6
4 17	8
4 19	23
4 20	35
4 21	0
4 23	29
4 24	16
4 27	42
4 28	11
4 33	48
4 35	44
4 37	25
4 38	21
4 39	27
4 40	36
4 43	47
4 45	2
4 46	12
4 47	7
4 48	5
5 0	5
5 1	23
5 2	29
5 4	45
5 6	20
5 7	49
5 8	31
5 9	21
5 11	0
5 12	2
5 14	14
5 15	19
5 18	4
5 19	7
5 21	6
5 22	13
5 23	32
5 26	28
5 29	3
5 30	27
5 31	16
5 32	34
5 34	22
5 37	36
5 42	33
5 44	17
5 45	43
5 46	46
5 48	41
6 2	34
6 3	11
6 5	3
6 8	48
6 9	35
6 10	16
6 11	9
6 12	15
6 16	25
6 19	36
6 22	41
6 23	23
6 24	14
6 27	32
6 30	19
6 31	47
6 32	8
6 37	7
6 39	13
6 41	6
6 42	1
6 45	26
6 47	12
7 0	38
7 1	20
7 2	44
7 6	35
7 9	42
7 10	46
7 11	25
7 12	6
7 14	33
7 15	11
7 17	23
7 18	27
7 21	39
7 24	5
7 28	32
7 31	30
7 35	36
7 37	1
7 39	9
7 40	21
7 42	26
7 44	0
7 46	24
7 49	18
8 2	25
8 6	46
8 7	47
8 8	42
8 10	49
8 13	40
8 15	41
8 18	43
8 19	14
8 22	45
8 23	30
8 27	12
8 29	33
8 31	15
8 33	37
8 35	6
8 42	10
8 43	19
8 44	28
8 46	13
9 0	23
9 1	34
9 5	11
9 7	8
9 8	40
9 9	14
9 11	28
9 14	22
9 15	26
9 17	41
9 20	47
9 21	49
9 22	46
9 23	17
9 24	42
9 27	9
9 28	12
9 33	24
9 34	18
9 37	3
9 38	30
9 40	0
9 42	21
9 44	7
9 46	16
9 47	32
9 48	1
10 0	15
10 1	9
10 4	19
10 7	20
10 8	13
10 9	47
10 11	6
10 12	12
10 19	27
10 22	8
10 23	48
10 24	1
10 27	7
10 28	33
10 31	39
10 32	41
10 33	22
10 34	29
10 35	26
10 41	3
10 43	4
10 44	23
10 45	16
10 49	11
11 1	18
11 2	5
11 5	13
11 6	11
11 7	36
11 9	10
11 11	38
11 13	42
11 15	43
11 16	15
11 19	30
11 20	23
11 23	24
11 26	41
11 29	7
11 30	4
11 31	2
11 34	31
11 35	12
11 43	44
11 45	49
11 46	6
11 48	16
11 49	37
12 1	49
12 3	8
12 5	23
12 6	33
12 9	29
12 12	5
12 13	21
12 14	0
12 15	48
12 16	36
12 18	11
12 19	6
12 24	31
12 26	14
12 28	20
12 30	9
12 33	26
12 34	13
12 37	43
12 39	42
12 41	32
12 42	45
12 44	12
12 48	34
13 1	17
13 2	47
13 3	18
13 6	25
13 12	27
13 13	13
13 14	38
13 15	33
13 16	12
13 18	3
13 19	9
13 21	45
13 23	36
13 24	35
13 25	20
13 26	48
13 28	16
13 29	14
13 30	44
13 39	4
13 40	23
13 43	46
13 45	32
13 47	37
14 1	21
14 3	36
14 4	12
14 5	44
14 7	18
14 8	4
14 10	0
14 11	13
14 13	24
14 15	34
14 17	17
14 18	20
14 20	32
14 21	14
14 23	2
14 25	19
14 26	37
14 27	35
14 29	25
14 34	39
14 37	49
14 40	7
14 46	42
14 47	38
14 48	27
15 0	36
15 1	10
15 2	9
15 6	12
15 8	6
15 9	27
15 10	45
15 11	1
15 12	42
15 14	44
15 15	47
15 18	13
15 19	20
15 21	15
15 22	40
15 25	3
15 27	22
15 28	8
15 29	4
15 35	34
15 36	39
15 37	18
15 38	35
15 40	24
15 41	41
15 43	0
15 45	17
15 47	28
15 48	46
15 49	30
16 2	21
16 5	28
16 6	38
16 10	5
16 11	18
16 14	46
16 16	44
16 18	42
16 20	30
16 21	9
16 22	24
16 26	1
16 27	43
16 28	23
16 37	0
16 38	31
16 39	40
16 41	48
16 43	7
16 44	13
16 45	47
16 48	4
17 0	8
17 2	18
17 3	22
17 6	37
17 7	27
17 8	20
17 9	0
17 10	15
17 11	24
17 15	35
17 16	7
17 19	28
17 20	3
17 23	47
17 26	12
17 35	10
17 36	16
17 38	48
17 41	21
17 42	44
17 45	14
17 46	45
17 48	2
17 49	43
18 0	21
18 2	4
18 5	1
18 8	49
18 9	39
18 13	35
18 14	34
18 15	16
18 16	31
18 20	26
18 21	10
18 22	37
18 23	18
18 25	48
18 28	38
18 29	9
18 31	17
18 32	6
18 35	43
18 36	11
18 38	13
18 39	3
18 41	24
18 43	2
18 44	36
18 46	27
18 47	19
18 48	14
19 0	9
19 2	15
19 8	12
19 13	17
19 14	48
19 16	42
19 17	27
19 19	37
19 23	11
19 24	8
19 26	30
19 27	2
19 28	45
19 29	22
19 31	14
19 33	41
19 34	0
19 35	21
19 37	10
19 40	46
19 41	28
19 43	49
19 44	20
19 45	6
19 47	25
19 48	13
20 0	44
20 1	33
20 2	42
20 4	24
20 6	6
20 12	9
20 14	8
20 15	2
20 16	27
20 17	30
20 21	41
20 23	5
20 25	40
20 26	0
20 27	17
20 28	39
20 31	4
20 33	1
20 35	16
20 37	31
20 38	29
20 39	43
20 43	15
20 46	7
20 47	26
20 48	36
20 49	46
21 1	47
21 5	33
21 9	44
21 14	25
21 15	45
21 16	22
21 17	21
21 18	39
21 19	43
21 21	13
21 22	10
21 24	12
21 25	26
21 26	35
21 28	30
21 36	24
21 37	23
21 39	29
21 40	16
21 41	34
21 43	42
21 47	18
21 48	49
21 49	2
22 1	16
22 4	23
22 6	49
22 7	25
22 8	26
22 9	7
22 13	32
22 14	27
22 18	35
22 19	12
22 20	15
22 22	43
22 23	39
22 24	10
22 25	47
22 27	29
22 28	2
22 32	21
22 35	18
22 41	13
22 42	48
22 46	14
22 49	40
23 0	6
23 1	26
23 6	28
23 9	12
23 10	30
23 11	35
23 12	43
23 15	24
23 16	18
23 17	48
23 23	25
23 26	10
23 27	4
23 28	13
23 29	2
23 32	1
23 33	32
23 34	47
23 35	11
23 37	40
23 38	34
23 39	46
23 41	22
23 42	39
23 44	49
23 45	42
23 46	41
23 47	29
23 48	33
24 0	7
24 1	3
24 2	22
24 3	27
24 4	30
24 6	23
24 7	19
24 11	34
24 12	35
24 14	10
24 15	1
24 17	13
24 18	24
24 20	43
24 22	38
24 23	42
24 25	11
24 26	32
24 29	44
24 31	37
24 32	16
24 35	4
24 37	6
24 40	25
24 44	5
24 45	12
24 49	41
25 2	36
25 3	32
25 5	18
25 6	10
25 10	7
25 12	23
25 14	40
25 16	28
25 17	46
25 20	11
25 21	19
25 25	5
25 29	1
25 30	24
25 31	22
25 33	3
25 34	20
25 35	15
25 36	25
25 38	14
25 41	42
25 46	4
25 47	47
25 48	6
26 2	49
26 4	21
26 5	39
26 6	1
26 7	11
26 9	13
26 16	41
26 18	38
26 22	12
26 24	25
26 26	23
26 27	44
26 28	43
26 29	28
26 30	7
26 31	42
26 33	30
26 35	35
26 37	47
26 38	18
26 45	40
26 47	5
26 48	9
26 49	17
27 0	33
27 1	13
27 2	11
27 3	21
27 5	37
27 7	23
27 8	25
27 9	5
27 10	26
27 13	46
27 14	47
27 16	45
27 18	8
27 20	0
27 23	19
27 25	18
27 27	14
27 31	28
27 33	42
27 34	40
27 38	38
27 40	49
27 42	35
27 43	30
27 45	34
27 46	2
27 48	43
27 49	1
28 2	35
28 4	4
28 5	24
28 6	8
28 10	32
28 11	39
28 12	34
28 15	42
28 20	25
28 22	9
28 23	38
28 24	7
28 26	17
28 28	40
28 31	31
28 33	6
28 36	12
28 38	2
28 39	28
28 41	44
28 42	0
28 43	33
28 44	43
28 45	11
28 48	47
29 5	16
29 8	34
29 10	13
29 11	42
29 12	29
29 15	17
29 16	48
29 20	20
29 21	11
29 22	18
29 25	22
29 28	27
29 29	41
29 31	23
29 35	2
29 36	46
29 38	12
29 39	38
29 40	30
29 41	26
29 44	44
29 48	32
30 1	25
30 2	0
30 4	35
30 5	15
30 7	2
30 9	23
30 11	7
30 13	3
30 14	6
30 16	34
30 18	30
30 20	12
30 21	26
30 22	17
30 23	22
30 24	41
30 27	19
30 32	36
30 34	42
30 36	49
30 37	32
30 38	1
30 39	44
30 40	37
30 43	11
30 44	27
30 46	8
30 47	45
30 48	21
30 49	14
31 0	24
31 1	1
31 2	39
31 4	42
31 5	0
31 13	36
31 14	21
31 15	7
31 17	29
31 18	9
31 20	4
31 21	46
31 22	27
31 28	48
31 32	25
31 33	16
31 35	30
31 37	37
31 39	49
31 40	44
31 41	8
31 43	34
31 45	15
31 46	33
31 48	12
31 49	6
32 0	27
32 1	11
32 4	34
32 7	26
32 12	16
32 15	10
32 17	6
32 18	15
32 20	36
32 24	2
32 25	42
32 26	33
32 28	35
32 32	28
32 35	29
32 36	31
32 41	4
32 43	43
32 46	3
32 47	14
32 48	22
33 1	4
33 2	45
33 4	15
33 5	40
33 6	2
33 8	5
33 11	27
33 13	9
33 14	26
33 15	28
33 18	23
33 19	39
33 20	13
33 24	43
33 26	7
33 30	6
33 31	1
33 32	0
33 34	30
33 36	48
33 38	36
33 41	14
33 43	24
33 44	32
33 46	21
33 48	19
34 0	46
34 4	49
34 5	14
34 6	4
34 10	12
34 11	2
34 12	1
34 13	31
34 15	5
34 16	16
34 17	7
34 19	47
34 20	27
34 22	28
34 24	38
34 27	48
34 28	9
34 31	45
34 32	42
34 34	36
34 35	37
34 37	21
34 38	6
34 39	22
34 42	23
34 44	3
34 48	40
35 1	0
35 5	6
35 6	9
35 8	17
35 12	46
35 13	11
35 16	39
35 19	35
35 21	12
35 23	16
35 26	49
35 27	23
35 30	13
35 33	38
35 34	27
35 35	3
35 37	14
35 38	25
35 39	26
35 40	4
35 47	31
35 48	18
35 49	24
36 0	11
36 1	6
36 2	41
36 3	7
36 4	13
36 5	30
36 6	17
36 10	25
36 11	22
36 12	33
36 17	45
36 20	39
36 23	21
36 26	27
36 27	18
36 29	16
36 30	15
36 31	20
36 32	48
36 34	35
36 37	28
36 40	1
36 41	49
36 43	40
36 44	26
37 0	41
37 1	12
37 4	1
37 6	29
37 8	47
37 11	14
37 12	49
37 14	37
37 16	32
37 17	0
37 22	33
37 23	27
37 24	36
37 26	45
37 27	10
37 28	15
37 29	19
37 31	25
37 32	43
37 35	48
37 37	11
37 40	31
37 42	17
37 43	9
37 44	42
37 45	38
38 5	12
38 7	4
38 9	17
38 10	29
38 14	1
38 15	6
38 16	20
38 17	22
38 18	26
38 19	21
38 20	33
38 21	48
38 22	35
38 29	30
38 32	27
38 36	0
38 37	13
38 41	5
38 42	38
38 43	28
38 44	25
38 45	23
38 47	34
38 48	24
39 0	25
39 1	14
39 2	17
39 3	1
39 7	39
39 9	16
39 10	23
39 11	21
39 12	30
39 14	42
39 19	11
39 22	3
39 25	2
39 26	6
39 28	46
39 29	26
39 30	45
39 33	31
39 34	4
39 35	40
39 37	9
39 41	0
39 46	44
39 48	29
39 49	28
40 1	36
40 9	33
40 14	9
40 15	13
40 17	43
40 18	47
40 22	25
40 23	20
40 24	30
40 25	44
40 28	49
40 31	12
40 33	15
40 35	28
40 36	6
40 38	7
40 39	19
40 40	45
40 41	18
40 45	21
40 48	0
41 1	22
41 2	6
41 3	42
41 4	10
41 5	38
41 7	24
41 8	7
41 10	37
41 11	41
41 13	48
41 14	19
41 16	30
41 20	34
41 23	0
41 25	36
41 26	26
41 31	49
41 34	2
41 37	27
41 38	16
41 42	31
41 45	44
41 48	35
42 1	35
42 3	34
42 5	7
42 7	13
42 8	39
42 10	40
42 11	3
42 18	31
42 19	18
42 20	41
42 21	16
42 22	23
42 23	8
42 25	25
42 26	36
42 29	24
42 31	19
42 35	32
42 36	42
42 37	20
42 39	10
42 40	6
42 41	33
42 42	30
42 43	14
42 44	21
42 46	15
42 47	27
43 0	18
43 3	17
43 7	14
43 8	46
43 9	36
43 12	41
43 13	30
43 15	20
43 16	40
43 17	32
43 22	2
43 24	28
43 25	27
43 26	4
43 30	21
43 31	11
43 32	24
43 34	49
43 38	10
43 40	12
43 42	22
43 44	34
43 47	39
43 48	48
43 49	0
44 5	27
44 8	14
44 15	23
44 18	48
44 21	35
44 23	13
44 27	47
44 28	44
44 29	8
44 30	18
44 31	33
44 34	11
44 35	5
44 36	34
44 37	17
44 39	2
44 41	12
44 42	6
44 43	32
44 44	1
44 48	45
45 0	37
45 2	40
45 3	35
45 5	22
45 6	16
45 10	10
45 11	48
45 12	13
45 18	45
45 19	31
45 21	25
45 24	27
45 27	1
45 35	49
45 36	4
45 37	41
45 38	42
45 39	24
45 41	47
45 42	36
45 44	46
45 48	44
45 49	12
46 0	14
46 1	27
46 2	10
46 3	43
46 9	2
46 12	48
46 13	29
46 14	11
46 15	8
46 16	9
46 18	22
46 19	38
46 20	1
46 24	46
46 25	21
46 27	5
46 28	6
46 29	42
46 30	16
46 31	18
46 32	40
46 35	0
46 36	44
46 37	30
46 38	19
46 40	34
46 44	24
46 47	4
46 48	20
46 49	36
47 0	35
47 3	15
47 8	18
47 9	11
47 11	37
47 12	28
47 14	13
47 15	14
47 20	8
47 22	4
47 23	7
47 25	17
47 27	36
47 28	25
47 29	21
47 30	38
47 34	34
47 40	48
47 42	49
47 43	22
47 44	6
47 45	1
47 47	33
47 48	30
48 2	1
48 4	17
48 7	10
48 9	20
48 10	39
48 12	18
48 13	15
48 14	2
48 16	23
48 17	14
48 18	0
48 19	32
48 20	9
48 26	21
48 28	19
48 30	28
48 31	29
48 33	46
48 34	41
48 35	7
48 36	43
48 37	44
48 38	5
48 40	26
48 41	16
48 42	3
48 43	6
48 44	35
48 47	49
48 48	8
49 0	31
49 3	5
49 4	3
49 5	42
49 7	0
49 8	35
49 9	41
49 11	46
49 12	24
49 13	14
49 15	12
49 17	9
49 18	1
49 32	23
49 33	21
49 37	29
49 42	25
49 44	30
49 45	10
