50
0 0	3
0 1	31
0 4	21
0 9	43
0 11	22
0 12	33
0 13	9
0 15	11
0 20	35
0 22	14
0 27	2
0 28	23
0 31	46
0 39	25
0 41	27
0 42	28
0 46	37
1 0	32
1 4	19
1 5	38
1 7	18
1 9	15
1 10	9
1 12	16
1 14	39
1 17	2
1 18	28
1 19	27
1 21	0
1 23	14
1 26	35
1 31	22
1 33	48
1 35	33
1 38	3
1 42	31
1 45	13
2 1	9
2 4	13
2 5	10
2 6	28
2 7	47
2 8	6
2 18	42
2 24	17
2 27	29
2 29	38
2 34	49
2 36	37
2 38	20
2 39	0
2 45	7
2 47	46
2 48	5
2 49	2
3 1	16
3 2	14
3 4	38
3 5	15
3 6	19
3 10	33
3 12	49
3 13	3
3 15	48
3 18	40
3 20	42
3 21	37
3 24	18
3 25	0
3 27	34
3 28	13
3 30	24
3 31	31
3 32	25
3 34	35
3 36	43
3 37	47
3 39	2
3 41	29
3 42	4
3 43	12
3 49	7
4 1	42
4 4	14
4 6	35
4 7	5
4 12	29
4 13	45
4 17	18
4 20	22
4 22	3
4 23	12
4 28	46
4 34	15
4 35	8
4 38	40
4 40	21
4 42	43
4 43	49
4 44	24
4 46	17
4 47	13
5 1	28
5 7	46
5 8	19
5 9	36
5 12	26
5 14	27
5 15	22
5 17	6
5 20	13
5 23	11
5 24	31
5 25	14
5 26	44
5 31	16
5 34	30
5 35	12
5 38	39
5 41	7
5 42	40
5 43	0
5 44	34
5 45	49
6 6	2
6 12	35
6 15	41
6 16	25
6 19	26
6 21	19
6 23	38
6 24	29
6 25	12
6 26	47
6 27	21
6 35	49
6 38	15
6 39	37
6 43	31
6 45	44
6 47	45
6 48	30
7 0	39
7 2	16
7 3	33
7 4	5
7 5	46
7 9	17
7 10	27
7 11	20
7 13	13
7 16	31
7 22	38
7 24	2
7 28	1
7 29	47
7 34	45
7 35	32
7 36	18
7 37	42
7 46	26
7 49	9
8 0	34
8 3	21
8 6	6
8 13	41
8 17	17
8 20	26
8 21	3
8 24	19
8 25	38
8 26	31
8 30	5
8 32	32
8 35	23
8 37	4
8 38	35
8 40	10
8 43	22
8 47	30
8 48	49
9 1	39
9 5	34
9 6	24
9 9	16
9 10	12
9 12	17
9 14	49
9 17	36
9 18	10
9 21	13
9 22	48
9 25	37
9 26	43
9 28	27
9 29	3
9 30	9
9 35	42
9 37	20
9 40	7
9 42	2
9 43	28
9 44	5
9 45	32
9 47	19
10 0	15
10 2	45
10 4	33
10 5	9
10 7	43
10 10	35
10 13	26
10 18	49
10 20	2
10 27	5
10 30	30
10 33	12
10 34	1
10 36	21
10 40	6
10 44	4
10 48	28
10 49	14
11 0	43
11 2	41
11 4	24
11 9	5
11 12	38
11 17	16
11 21	10
11 22	2
11 24	32
11 33	15
11 34	46
11 36	40
11 40	48
11 41	31
11 43	45
11 44	36
11 45	14
11 46	39
11 47	44
12 0	28
12 2	32
12 6	14
12 7	35
12 10	44
12 11	40
12 13	7
12 15	12
12 16	15
12 30	20
12 32	22
12 36	34
12 38	11
12 39	23
12 42	26
12 44	37
12 46	48
13 0	14
13 2	12
13 6	0
13 8	35
13 9	42
13 12	6
13 13	37
13 14	34
13 17	19
13 28	39
13 29	33
13 30	49
13 31	5
13 32	24
13 33	8
13 34	25
13 35	28
13 36	10
13 38	21
13 39	4
13 40	16
13 43	26
13 44	31
13 45	22
13 49	23
14 2	15
14 7	49
14 10	26
14 11	7
14 15	4
14 16	46
14 18	43
14 19	18
14 21	30
14 23	16
14 26	38
14 28	14
14 32	11
14 33	33
14 34	5
14 39	41
14 40	2
14 42	12
14 47	27
14 48	23
15 2	20
15 3	42
15 7	2
15 9	30
15 11	0
15 21	11
15 22	19
15 28	25
15 31	8
15 36	28
15 39	24
15 40	38
15 45	39
15 46	1
15 47	33
15 48	31
15 49	22
16 1	22
16 2	0
16 5	40
16 6	42
16 8	10
16 12	8
16 20	18
16 21	24
16 26	28
16 28	19
16 31	44
16 33	13
16 34	32
16 35	34
16 36	33
16 37	6
16 38	31
16 40	37
16 41	35
16 42	7
16 44	1
16 45	26
16 46	27
16 47	25
16 48	14
17 4	27
17 7	39
17 11	13
17 12	40
17 13	6
17 15	9
17 21	45
17 22	0
17 26	17
17 27	37
17 31	21
17 32	12
17 34	38
17 37	30
17 38	10
17 40	4
17 42	22
17 45	15
17 47	48
17 48	36
18 4	30
18 6	31
18 10	25
18 12	41
18 14	20
18 20	16
18 24	27
18 26	7
18 27	4
18 29	11
18 31	33
18 34	10
18 35	43
18 38	2
18 40	40
18 41	44
18 42	6
18 44	42
19 1	4
19 3	49
19 4	34
19 8	15
19 11	19
19 13	39
19 14	10
19 16	37
19 20	12
19 22	18
19 23	43
19 27	46
19 30	13
19 36	20
19 41	0
19 47	31
20 0	19
20 4	31
20 5	30
20 7	34
20 8	38
20 11	37
20 12	13
20 13	29
20 14	4
20 15	46
20 17	14
20 19	2
20 21	41
20 22	6
20 23	25
20 25	45
20 28	9
20 29	42
20 37	39
20 38	28
20 40	17
20 46	33
20 49	12
21 1	1
21 11	8
21 17	45
21 20	31
21 22	30
21 24	10
21 25	48
21 26	24
21 27	14
21 28	17
21 30	47
21 33	16
21 34	26
21 35	40
21 36	0
21 37	28
21 45	37
21 48	46
22 5	37
22 6	39
22 7	42
22 9	26
22 11	31
22 12	0
22 14	6
22 15	5
22 17	34
22 18	30
22 22	7
22 24	47
22 26	41
22 28	15
22 34	43
22 45	33
22 47	22
23 0	24
23 6	34
23 7	19
23 11	39
23 13	42
23 14	46
23 16	21
23 18	41
23 21	29
23 25	47
23 28	32
23 29	31
23 34	28
23 36	26
23 38	1
23 40	35
23 42	38
23 44	27
23 46	22
24 0	45
24 7	20
24 8	44
24 9	14
24 10	19
24 11	28
24 13	18
24 14	1
24 15	40
24 24	24
24 25	6
24 31	12
24 32	31
24 37	21
24 38	46
24 39	3
24 43	2
24 48	48
25 0	46
25 2	27
25 5	43
25 8	4
25 9	23
25 11	32
25 13	22
25 14	28
25 15	24
25 21	20
25 22	5
25 26	11
25 29	40
25 31	47
25 35	7
25 36	49
25 39	44
25 42	37
25 45	2
25 46	18
25 48	25
25 49	31
26 0	16
26 2	38
26 6	9
26 8	20
26 10	14
26 12	4
26 14	17
26 23	2
26 27	13
26 31	0
26 32	46
26 38	18
26 39	8
26 41	34
26 42	10
26 44	22
26 49	19
27 0	7
27 13	47
27 15	49
27 16	45
27 24	15
27 28	20
27 29	25
27 30	2
27 31	13
27 34	19
27 35	21
27 42	1
27 43	39
27 46	30
27 48	12
28 1	11
28 4	3
28 5	12
28 6	25
28 13	46
28 14	26
28 17	38
28 18	6
28 20	48
28 22	24
28 24	16
28 25	33
28 26	49
28 27	44
28 29	8
28 31	9
28 32	35
28 34	13
28 43	34
28 45	43
28 46	32
28 48	20
29 0	1
29 3	26
29 4	17
29 6	15
29 8	34
29 10	39
29 12	9
29 13	31
29 18	16
29 19	42
29 26	46
29 27	40
29 29	29
29 31	2
29 34	8
29 36	4
29 37	37
29 39	7
29 40	14
29 42	30
29 43	6
29 45	18
29 46	3
29 48	45
30 4	11
30 5	47
30 10	45
30 11	23
30 13	5
30 16	49
30 20	24
30 25	17
30 29	0
30 37	16
30 38	7
30 39	9
30 47	15
31 1	5
31 2	10
31 3	22
31 5	42
31 8	11
31 13	16
31 16	34
31 17	25
31 21	2
31 22	9
31 23	4
31 29	6
31 30	37
31 31	23
31 34	33
31 38	24
31 39	20
31 43	43
31 47	12
31 48	17
31 49	35
32 2	44
32 3	9
32 5	18
32 6	45
32 8	32
32 9	4
32 10	41
32 11	25
32 13	40
32 14	13
32 16	19
32 19	17
32 24	12
32 26	15
32 27	48
32 28	0
32 29	2
32 33	47
32 39	33
32 40	5
32 41	8
32 43	23
32 44	43
32 45	42
32 47	26
32 48	22
33 1	49
33 5	35
33 7	14
33 8	7
33 9	11
33 14	36
33 17	27
33 19	21
33 20	17
33 21	6
33 23	0
33 24	30
33 26	2
33 32	33
33 34	40
33 37	29
33 40	26
33 42	44
33 43	10
33 46	20
33 48	4
34 0	40
34 5	27
34 7	23
34 13	44
34 15	43
34 17	31
34 19	9
34 24	11
34 27	33
34 29	28
34 41	1
34 44	6
34 45	35
34 48	42
35 6	23
35 7	30
35 9	2
35 10	21
35 11	24
35 13	1
35 17	33
35 18	11
35 20	28
35 21	40
35 28	44
35 29	7
35 32	17
35 34	14
35 35	15
35 36	16
35 38	42
35 40	43
35 42	3
35 45	48
35 46	47
35 47	36
36 2	22
36 5	28
36 7	8
36 11	42
36 13	43
36 16	3
36 24	35
36 25	18
36 30	34
36 31	29
36 33	30
36 34	2
36 35	45
36 36	31
36 38	6
36 39	5
36 43	44
36 45	36
36 48	38
37 2	36
37 4	26
37 5	24
37 9	0
37 11	43
37 12	32
37 14	48
37 21	38
37 22	35
37 25	25
37 26	34
37 27	49
37 30	17
37 35	37
37 36	12
37 37	3
37 39	46
37 41	39
37 45	6
37 47	28
37 48	2
37 49	41
38 3	19
38 4	18
38 5	23
38 8	47
38 11	48
38 12	31
38 14	2
38 15	3
38 19	7
38 22	22
38 23	26
38 24	25
38 28	6
38 30	33
38 31	49
38 32	9
38 36	42
38 38	44
38 40	24
38 45	30
38 48	41
39 1	44
39 2	33
39 3	30
39 4	40
39 5	16
39 9	3
39 10	43
39 17	22
39 20	7
39 21	47
39 23	6
39 26	21
39 28	11
39 29	35
39 33	39
39 34	4
39 36	1
39 38	23
39 39	45
39 44	25
39 46	13
40 0	29
40 1	21
40 4	0
40 8	31
40 9	18
40 10	11
40 11	3
40 12	25
40 19	39
40 20	32
40 24	13
40 29	41
40 32	8
40 33	4
40 34	36
40 35	14
40 38	43
40 39	49
40 41	15
40 46	12
40 48	26
41 0	9
41 1	43
41 2	17
41 3	36
41 5	5
41 10	6
41 12	34
41 13	2
41 18	21
41 22	15
41 23	28
41 25	31
41 26	18
41 28	41
41 29	49
41 32	0
41 34	39
41 39	12
41 40	19
41 45	23
41 47	11
42 1	47
42 2	43
42 5	2
42 12	18
42 15	8
42 17	15
42 19	14
42 23	21
42 25	7
42 27	11
42 31	19
42 32	26
42 36	9
42 38	49
42 39	40
42 40	39
42 41	10
42 43	30
42 47	17
42 49	6
43 0	48
43 3	6
43 4	32
43 6	4
43 7	10
43 9	47
43 11	11
43 13	23
43 14	29
43 15	13
43 16	41
43 19	24
43 20	25
43 23	3
43 26	33
43 27	15
43 28	26
43 39	21
43 42	36
43 43	27
43 44	30
43 45	46
43 46	19
43 47	2
43 49	17
44 0	8
44 1	10
44 7	1
44 10	2
44 12	19
44 14	14
44 15	0
44 17	24
44 22	11
44 25	34
44 26	39
44 31	26
44 36	23
44 39	6
44 40	30
44 41	17
44 43	3
44 48	15
44 49	42
45 0	47
45 2	4
45 3	28
45 10	37
45 12	1
45 13	14
45 16	2
45 18	13
45 19	8
45 20	11
45 21	18
45 22	45
45 24	0
45 28	21
45 29	24
45 30	38
45 31	30
45 34	17
45 35	46
45 42	34
45 43	7
45 44	15
45 46	5
46 0	41
46 1	35
46 6	3
46 9	12
46 10	23
46 17	0
46 21	15
46 23	7
46 27	28
46 32	43
46 33	14
46 37	13
46 41	37
46 44	10
46 45	40
46 46	6
46 47	16
46 49	24
47 0	4
47 2	11
47 3	34
47 6	13
47 7	6
47 16	33
47 19	10
47 23	49
47 27	23
47 28	24
47 35	16
47 38	36
47 39	26
47 40	25
47 48	43
48 3	2
48 6	11
48 9	40
48 12	27
48 14	33
48 18	48
48 19	3
48 21	49
48 22	34
48 27	19
48 29	45
48 33	31
48 35	13
48 36	29
48 37	35
48 39	36
48 40	12
48 47	41
49 0	38
49 3	29
49 4	46
49 6	49
49 9	20
49 11	14
49 16	40
49 17	35
49 18	44
49 19	22
49 20	0
49 23	34
49 24	7
49 26	1
49 27	47
49 29	17
49 30	3
49 32	42
49 34	23
49 37	25
49 38	45
49 39	13
49 40	15
49 41	26
49 48	18
