50
0 0	36
0 1	6
0 4	43
0 5	45
0 7	38
0 9	44
0 10	2
0 11	35
0 12	19
0 13	33
0 14	28
0 15	23
0 16	17
0 20	7
0 22	1
0 25	16
0 28	39
0 30	47
0 31	9
0 32	11
0 34	22
0 35	12
0 37	3
0 38	8
0 40	0
0 42	5
0 43	46
0 48	49
1 0	41
1 2	0
1 3	46
1 5	40
1 6	21
1 7	22
1 10	8
1 13	12
1 14	25
1 19	28
1 20	18
1 24	49
1 25	43
1 26	3
1 28	10
1 29	26
1 30	14
1 31	1
1 32	4
1 33	6
1 34	24
1 37	20
1 46	9
1 47	30
1 48	33
1 49	15
2 1	24
2 2	19
2 3	10
2 6	3
2 7	31
2 8	27
2 11	13
2 12	46
2 13	42
2 14	37
2 16	5
2 18	22
2 22	2
2 23	12
2 24	35
2 26	33
2 27	7
2 29	38
2 30	26
2 31	21
2 32	18
2 36	48
2 38	20
2 39	14
2 40	47
2 41	30
2 42	45
2 46	28
3 0	32
3 1	17
3 3	39
3 4	26
3 6	16
3 9	36
3 10	24
3 12	38
3 13	4
3 18	30
3 19	8
3 20	29
3 21	47
3 22	31
3 24	19
3 25	37
3 26	41
3 27	12
3 28	46
3 29	23
3 30	3
3 32	45
3 36	20
3 38	5
3 40	33
3 41	7
3 43	28
3 45	9
3 46	21
3 48	34
4 2	34
4 3	15
4 4	30
4 5	24
4 7	29
4 8	22
4 10	25
4 12	31
4 13	32
4 14	10
4 17	40
4 20	9
4 21	18
4 22	4
4 23	6
4 24	16
4 30	13
4 34	14
4 36	2
4 37	46
4 40	37
4 41	8
4 46	0
4 47	23
4 48	12
5 0	3
5 2	17
5 3	25
5 4	5
5 5	16
5 7	24
5 8	35
5 9	41
5 10	0
5 12	1
5 14	39
5 15	9
5 16	2
5 21	6
5 22	27
5 23	20
5 24	38
5 26	36
5 27	28
5 30	48
5 33	42
5 34	15
5 39	49
5 40	18
5 41	21
5 43	8
5 44	40
5 45	12
5 46	31
5 48	47
6 0	45
6 1	29
6 3	3
6 4	20
6 5	48
6 9	4
6 11	41
6 12	14
6 13	24
6 15	11
6 17	30
6 19	5
6 20	6
6 21	17
6 22	47
6 24	39
6 25	13
6 26	12
6 29	35
6 30	19
6 32	9
6 33	38
6 35	40
6 36	36
6 38	49
6 39	15
6 41	37
6 43	26
6 47	16
6 48	28
7 0	8
7 1	9
7 2	30
7 4	16
7 6	34
7 7	41
7 8	31
7 9	48
7 10	46
7 11	27
7 12	23
7 13	35
7 14	38
7 17	21
7 18	43
7 20	47
7 21	12
7 23	13
7 25	14
7 27	10
7 28	36
7 29	4
7 30	24
7 31	44
7 33	20
7 34	18
7 35	45
7 36	39
7 38	1
7 39	25
7 40	28
7 41	33
7 43	29
7 45	7
7 46	5
7 47	11
7 48	42
8 1	40
8 2	12
8 3	0
8 4	7
8 5	3
8 6	2
8 8	43
8 9	15
8 13	11
8 14	4
8 23	44
8 24	8
8 26	26
8 27	6
8 29	22
8 30	45
8 32	49
8 34	27
8 35	29
8 37	41
8 41	18
8 42	1
8 43	21
8 44	24
8 45	28
8 46	23
8 49	5
9 1	47
9 2	4
9 3	44
9 4	0
9 6	37
9 9	45
9 13	38
9 14	23
9 15	7
9 16	8
9 17	28
9 18	11
9 20	22
9 22	24
9 23	18
9 25	17
9 26	42
9 31	29
9 32	40
9 33	19
9 34	1
9 36	3
9 37	43
9 38	15
9 40	9
9 41	10
9 43	49
9 44	31
9 46	39
9 47	13
9 49	35
10 0	15
10 1	36
10 2	35
10 4	34
10 5	22
10 6	26
10 9	17
10 10	31
10 11	44
10 14	3
10 15	47
10 16	7
10 18	29
10 19	4
10 21	46
10 23	25
10 24	28
10 25	1
10 27	13
10 28	37
10 31	11
10 33	27
10 34	2
10 36	18
10 37	48
10 40	14
10 41	41
10 43	23
10 44	39
10 45	21
10 46	40
10 48	38
10 49	16
11 1	41
11 3	11
11 4	17
11 7	27
11 9	39
11 10	29
11 11	8
11 12	2
11 14	42
11 15	18
11 18	35
11 21	25
11 22	43
11 24	24
11 25	0
11 26	45
11 27	20
11 28	9
11 29	13
11 31	33
11 32	28
11 33	30
11 34	40
11 36	12
11 37	1
11 41	23
11 43	32
11 44	4
11 45	22
11 46	3
11 47	46
11 48	31
12 0	29
12 3	26
12 4	37
12 6	42
12 10	7
12 11	20
12 12	27
12 14	46
12 15	5
12 17	24
12 18	44
12 19	48
12 20	4
12 21	22
12 23	32
12 24	10
12 26	8
12 27	19
12 28	40
12 29	15
12 31	6
12 34	16
12 36	23
12 37	47
12 43	1
12 44	2
12 45	33
13 1	20
13 2	38
13 3	5
13 6	23
13 8	8
13 9	47
13 11	18
13 12	11
13 13	17
13 15	13
13 17	32
13 18	42
13 19	33
13 21	39
13 22	22
13 23	48
13 27	45
13 28	35
13 29	49
13 31	24
13 32	30
13 35	3
13 37	14
13 38	6
13 40	25
13 43	15
13 44	12
13 46	44
13 47	41
13 48	29
13 49	27
14 1	25
14 2	8
14 4	38
14 5	14
14 6	29
14 7	15
14 8	10
14 9	37
14 10	11
14 12	47
14 17	20
14 18	27
14 19	7
14 21	40
14 22	16
14 26	17
14 27	39
14 28	34
14 31	18
14 32	24
14 33	35
14 34	30
14 35	4
14 36	44
14 38	43
14 40	32
14 43	3
14 44	1
14 47	9
14 48	41
14 49	49
15 0	42
15 3	37
15 4	41
15 5	10
15 6	9
15 7	0
15 8	1
15 9	11
15 10	16
15 12	15
15 14	18
15 15	3
15 17	13
15 18	21
15 19	24
15 20	35
15 22	40
15 23	30
15 26	32
15 27	33
15 29	44
15 31	46
15 32	5
15 33	12
15 35	49
15 37	6
15 39	7
15 43	20
15 46	45
15 47	36
15 48	23
15 49	39
16 0	2
16 3	16
16 4	47
16 6	13
16 8	15
16 9	18
16 12	29
16 13	28
16 14	24
16 15	35
16 16	37
16 17	12
16 18	4
16 19	43
16 21	11
16 22	36
16 24	3
16 26	30
16 27	41
16 29	31
16 30	25
16 32	26
16 34	7
16 35	8
16 36	32
16 38	34
16 39	17
16 41	46
16 42	49
16 46	20
17 3	14
17 7	33
17 8	38
17 9	19
17 12	40
17 13	41
17 14	9
17 19	49
17 20	36
17 22	8
17 24	13
17 25	39
17 27	42
17 29	24
17 31	31
17 34	0
17 35	22
17 36	34
17 37	23
17 41	26
17 42	17
17 43	6
17 44	11
17 45	37
17 47	2
17 48	25
17 49	12
18 1	23
18 2	42
18 4	10
18 6	4
18 8	37
18 9	26
18 15	1
18 16	40
18 17	14
18 18	7
18 19	9
18 22	3
18 23	11
18 28	29
18 29	39
18 30	20
18 33	24
18 35	0
18 37	45
18 38	38
18 40	27
18 44	28
18 45	48
18 46	17
18 47	44
18 48	18
19 0	35
19 1	22
19 2	25
19 3	33
19 5	29
19 6	17
19 10	13
19 13	37
19 14	8
19 15	0
19 16	9
19 20	31
19 24	45
19 25	11
19 27	32
19 28	30
19 29	41
19 31	5
19 33	39
19 38	28
19 39	46
19 40	49
19 42	42
19 44	10
19 48	1
20 1	45
20 2	36
20 3	35
20 5	30
20 6	39
20 7	47
20 8	28
20 9	27
20 13	2
20 15	25
20 16	6
20 17	10
20 20	49
20 23	41
20 24	15
20 25	23
20 26	46
20 28	21
20 29	18
20 31	26
20 34	42
20 35	20
20 36	38
20 38	19
20 39	43
20 40	48
20 41	1
20 42	24
20 45	32
20 47	12
20 48	11
20 49	3
21 0	25
21 4	9
21 5	31
21 6	38
21 7	42
21 8	13
21 10	27
21 13	19
21 14	49
21 16	23
21 17	17
21 18	36
21 19	11
21 21	30
21 22	44
21 23	4
21 24	6
21 28	12
21 30	22
21 33	26
21 34	41
21 36	15
21 37	28
21 39	33
21 40	40
21 41	5
21 43	10
21 44	21
21 45	14
21 46	46
21 48	39
21 49	7
22 1	19
22 3	13
22 4	24
22 6	25
22 7	43
22 8	29
22 10	40
22 12	41
22 14	44
22 18	18
22 19	20
22 20	27
22 21	48
22 22	45
22 23	14
22 24	1
22 25	3
22 26	11
22 29	28
22 30	0
22 31	23
22 35	39
22 36	42
22 37	16
22 38	32
22 39	4
22 41	49
22 42	21
22 43	38
22 44	8
22 47	31
22 48	26
23 0	44
23 3	38
23 4	39
23 6	49
23 7	6
23 8	12
23 10	45
23 11	30
23 12	0
23 13	18
23 14	11
23 15	28
23 16	34
23 17	22
23 21	10
23 22	35
23 24	17
23 25	25
23 27	37
23 28	13
23 29	2
23 30	16
23 31	8
23 32	14
23 33	5
23 34	4
23 39	24
23 40	19
23 41	32
23 42	27
23 44	41
23 49	26
24 0	40
24 1	30
24 2	23
24 3	1
24 5	37
24 6	14
24 7	25
24 9	35
24 11	42
24 12	44
24 15	17
24 17	15
24 20	48
24 22	5
24 23	3
24 25	9
24 26	43
24 28	8
24 30	10
24 31	38
24 32	34
24 34	20
24 35	26
24 36	41
24 37	39
24 40	12
24 41	47
24 43	19
24 47	21
24 49	36
25 0	26
25 1	37
25 2	13
25 3	9
25 5	8
25 6	7
25 7	16
25 9	10
25 18	2
25 19	17
25 21	21
25 23	23
25 24	33
25 25	28
25 26	24
25 27	40
25 29	45
25 31	49
25 37	19
25 38	42
25 39	3
25 40	29
25 42	47
25 43	11
25 44	43
25 45	41
25 46	4
25 47	32
25 48	0
25 49	31
26 0	27
26 4	4
26 5	17
26 6	41
26 7	30
26 8	26
26 9	33
26 10	43
26 12	42
26 13	8
26 14	29
26 16	45
26 17	0
26 18	25
26 19	21
26 23	22
26 26	49
26 28	31
26 32	2
26 33	47
26 34	36
26 35	46
26 39	44
26 40	1
26 42	39
26 45	15
26 48	20
26 49	11
27 0	24
27 3	8
27 5	4
27 6	5
27 9	25
27 10	30
27 12	17
27 13	26
27 14	43
27 15	12
27 18	9
27 19	16
27 20	11
27 21	14
27 22	38
27 27	22
27 28	49
27 31	19
27 33	7
27 34	45
27 36	21
27 37	31
27 40	2
27 41	39
27 42	28
27 43	48
27 44	23
27 45	13
27 47	15
27 49	44
28 0	39
28 2	2
28 3	22
28 4	31
28 6	43
28 7	28
28 10	5
28 11	48
28 12	3
28 13	44
28 14	19
28 15	29
28 16	24
28 18	23
28 19	1
28 20	25
28 24	36
28 25	40
28 27	9
28 29	8
28 32	37
28 34	12
28 35	47
28 36	33
28 37	17
28 44	20
28 45	4
28 46	35
28 49	6
29 0	18
29 1	7
29 3	12
29 4	11
29 10	10
29 12	28
29 15	46
29 18	49
29 19	30
29 20	2
29 21	20
29 22	48
29 23	5
29 25	35
29 26	22
29 28	3
29 29	43
29 30	6
29 32	1
29 33	25
29 35	17
29 40	45
29 41	44
29 42	36
29 43	4
29 45	23
29 46	26
29 48	40
29 49	37
30 0	11
30 2	22
30 3	23
30 5	19
30 9	24
30 10	14
30 14	34
30 15	30
30 16	3
30 17	47
30 18	31
30 19	42
30 20	8
30 21	38
30 22	49
30 24	26
30 25	45
30 26	15
30 27	1
30 30	36
30 31	0
30 32	10
30 35	28
30 36	27
30 39	41
30 40	21
30 41	4
30 42	48
30 43	12
30 44	46
30 45	20
30 46	25
30 48	2
31 1	16
31 3	36
31 4	23
31 5	18
31 6	22
31 7	48
31 8	2
31 9	5
31 10	1
31 11	26
31 12	35
31 13	14
31 16	31
31 17	33
31 19	45
31 20	21
31 22	29
31 23	38
31 24	41
31 25	32
31 27	3
31 28	0
31 29	20
31 31	27
31 33	15
31 34	25
31 36	17
31 38	4
31 41	9
31 43	39
31 46	12
31 47	47
31 49	42
32 0	6
32 2	33
32 3	20
32 4	49
32 5	32
32 9	23
32 10	18
32 11	14
32 12	12
32 14	26
32 16	29
32 17	2
32 18	39
32 22	21
32 23	1
32 24	11
32 27	43
32 31	40
32 33	13
32 35	24
32 36	37
32 38	25
32 40	46
32 41	22
32 47	35
32 48	19
33 0	0
33 3	29
33 5	43
33 7	37
33 8	40
33 9	16
33 10	49
33 11	47
33 12	25
33 14	14
33 15	19
33 16	27
33 17	45
33 18	24
33 21	42
33 22	17
33 23	35
33 26	20
33 27	46
33 29	10
33 30	9
33 31	22
33 33	28
33 35	48
33 37	36
33 39	30
33 40	26
33 41	12
33 46	32
33 47	8
34 0	17
34 2	11
34 3	41
34 5	20
34 6	36
34 7	23
34 8	4
34 10	34
34 11	22
34 15	33
34 16	10
34 19	15
34 20	37
34 21	29
34 22	9
34 24	47
34 25	8
34 26	38
34 27	0
34 28	1
34 29	14
34 31	32
34 33	18
34 37	49
34 38	2
34 39	12
34 41	42
34 42	30
34 44	45
34 46	19
34 47	28
34 49	43
35 0	20
35 1	13
35 2	43
35 3	21
35 4	8
35 5	47
35 8	3
35 9	49
35 13	6
35 14	36
35 15	22
35 16	30
35 18	37
35 19	38
35 20	42
35 21	15
35 22	32
35 24	44
35 26	31
35 27	26
35 29	25
35 31	28
35 32	7
35 34	23
35 38	0
35 41	45
35 43	9
35 46	29
35 48	14
36 0	23
36 1	2
36 2	24
36 3	47
36 7	8
36 8	36
36 9	46
36 10	17
36 12	6
36 13	1
36 14	12
36 16	21
36 18	40
36 19	10
36 22	26
36 23	49
36 24	48
36 26	14
36 29	16
36 30	43
36 31	34
36 32	38
36 33	37
36 34	13
36 35	42
36 36	7
36 37	9
36 41	11
36 42	35
36 43	30
36 44	18
36 45	39
36 46	15
36 47	5
36 48	22
36 49	19
37 1	48
37 2	26
37 4	13
37 6	11
37 8	24
37 12	37
37 17	42
37 18	38
37 19	46
37 20	1
37 24	5
37 25	29
37 26	2
37 27	47
37 28	45
37 29	17
37 30	49
37 31	25
37 35	14
37 36	0
37 37	30
37 39	34
37 42	40
37 43	41
37 47	10
38 0	43
38 1	39
38 3	30
38 5	42
38 7	11
38 9	9
38 10	28
38 11	21
38 14	20
38 15	27
38 16	19
38 18	6
38 19	41
38 21	44
38 23	40
38 24	12
38 25	48
38 27	49
38 28	24
38 29	3
38 30	5
38 32	31
38 33	45
38 35	37
38 36	1
38 37	15
38 40	4
38 42	7
38 43	0
38 44	26
38 45	10
38 48	35
38 49	13
39 0	10
39 2	44
39 3	4
39 7	12
39 9	0
39 11	6
39 14	45
39 16	38
39 17	39
39 18	8
39 20	17
39 22	19
39 23	36
39 24	18
39 25	20
39 26	9
39 30	29
39 33	11
39 34	5
39 35	33
39 36	22
39 37	26
39 38	30
39 39	23
39 40	15
39 41	40
39 45	31
39 48	21
39 49	1
40 0	9
40 1	4
40 2	6
40 4	35
40 9	42
40 12	26
40 13	45
40 14	5
40 15	16
40 16	41
40 18	0
40 19	22
40 20	44
40 21	7
40 22	39
40 23	37
40 26	1
40 29	12
40 30	38
40 32	8
40 34	29
40 35	21
40 37	13
40 38	46
40 39	32
40 40	3
40 42	34
40 44	30
40 46	11
40 47	49
40 48	10
40 49	2
41 0	33
41 1	11
41 2	16
41 3	6
41 4	18
41 7	1
41 8	19
41 9	8
41 11	37
41 13	0
41 14	2
41 15	21
41 17	29
41 18	17
41 19	47
41 25	49
41 26	23
41 32	35
41 33	34
41 34	31
41 37	27
41 38	3
41 39	13
41 40	5
41 42	10
41 43	44
41 44	48
41 45	24
41 46	14
41 47	4
42 0	38
42 1	35
42 2	29
42 5	28
42 6	12
42 11	4
42 13	34
42 14	16
42 15	42
42 17	18
42 19	23
42 21	2
42 23	15
42 24	40
42 26	0
42 28	32
42 31	37
42 32	25
42 33	9
42 34	49
42 36	26
42 38	17
42 39	21
42 43	13
42 46	24
42 47	48
42 48	8
42 49	22
43 4	21
43 5	15
43 7	2
43 8	18
43 12	4
43 16	42
43 17	41
43 18	33
43 19	32
43 20	45
43 21	23
43 23	31
43 24	46
43 26	10
43 27	29
43 28	26
43 29	1
43 30	44
43 31	17
43 34	3
43 35	16
43 36	11
43 37	25
43 39	9
43 44	49
43 47	24
43 48	5
43 49	20
44 0	1
44 2	49
44 4	12
44 5	11
44 7	20
44 9	38
44 11	19
44 14	33
44 15	40
44 18	48
44 19	31
44 21	28
44 22	23
44 23	0
44 25	41
44 26	39
44 27	21
44 29	9
44 32	27
44 33	17
44 36	30
44 37	42
44 39	45
44 40	16
44 41	3
44 43	35
44 44	29
44 45	44
44 46	13
44 48	24
44 49	4
45 0	28
45 1	18
45 2	46
45 4	45
45 5	2
45 8	5
45 10	26
45 11	49
45 12	32
45 16	16
45 17	23
45 18	14
45 20	15
45 21	1
45 22	37
45 23	43
45 25	24
45 26	44
45 27	11
45 29	36
45 30	12
45 32	13
45 33	29
45 35	38
45 36	31
45 37	8
45 39	42
45 41	35
45 43	47
45 44	0
45 46	34
45 47	22
45 48	27
45 49	10
46 0	12
46 2	7
46 5	34
46 6	27
46 7	10
46 8	39
46 12	49
46 13	9
46 14	17
46 15	6
46 16	43
46 17	35
46 19	40
46 21	37
46 23	26
46 28	41
46 29	19
46 30	23
46 31	3
46 32	21
46 36	4
46 38	44
46 39	2
46 41	29
46 43	14
46 44	33
46 45	0
46 46	30
46 47	20
46 48	48
46 49	47
47 0	19
47 1	49
47 4	42
47 6	40
47 8	32
47 9	29
47 12	21
47 16	4
47 17	48
47 18	47
47 19	27
47 20	41
47 22	11
47 23	8
47 24	34
47 25	6
47 27	30
47 29	5
47 33	33
47 34	35
47 35	36
47 36	43
47 37	12
47 39	37
47 41	28
47 42	18
47 43	17
47 45	46
47 48	3
48 2	28
48 3	27
48 4	6
48 5	9
48 6	30
48 9	14
48 11	29
48 12	10
48 13	16
48 14	7
48 15	44
48 16	32
48 18	3
48 20	40
48 22	0
48 23	47
48 24	23
48 26	48
48 27	5
48 30	1
48 33	46
48 34	17
48 35	41
48 36	24
48 39	38
48 40	36
48 41	20
48 45	8
48 47	42
49 0	30
49 1	27
49 2	41
49 3	49
49 5	13
49 8	16
49 10	42
49 11	1
49 12	20
49 14	31
49 15	4
49 16	36
49 18	12
49 20	33
49 23	28
49 24	22
49 25	38
49 26	5
49 29	34
49 31	15
49 32	6
49 33	0
49 34	10
49 35	35
49 36	29
49 38	39
49 40	17
49 43	43
49 44	3
49 46	47
49 47	14
49 49	21
