50
0 0	5
0 1	11
0 2	48
0 3	35
0 4	16
0 5	44
0 6	3
0 7	25
0 10	8
0 11	14
0 13	18
0 14	46
0 15	32
0 17	9
0 19	2
0 20	36
0 21	45
0 22	7
0 23	0
0 26	4
0 28	29
0 29	1
0 30	12
0 31	21
0 33	41
0 34	24
0 36	30
0 37	47
0 38	13
0 41	20
0 42	49
0 45	43
0 47	33
0 48	34
1 0	34
1 1	36
1 2	42
1 4	26
1 5	46
1 6	32
1 7	6
1 14	28
1 15	40
1 17	2
1 18	27
1 19	31
1 20	47
1 23	45
1 24	49
1 25	8
1 26	17
1 27	11
1 29	44
1 30	9
1 31	14
1 33	29
1 34	13
1 35	15
1 36	24
1 37	7
1 38	18
1 41	12
1 43	21
1 44	33
1 46	3
1 48	19
2 0	30
2 2	31
2 4	4
2 6	16
2 7	3
2 8	5
2 9	10
2 11	23
2 12	29
2 14	13
2 15	39
2 16	24
2 17	42
2 18	28
2 20	19
2 21	38
2 23	41
2 24	11
2 28	34
2 30	37
2 34	21
2 35	32
2 36	47
2 37	2
2 38	0
2 39	27
2 42	9
2 44	15
2 46	46
2 47	20
2 49	44
3 0	40
3 1	22
3 2	46
3 3	27
3 4	33
3 6	24
3 7	0
3 9	7
3 13	34
3 14	45
3 15	2
3 16	29
3 17	39
3 19	35
3 20	49
3 24	42
3 25	25
3 26	11
3 28	47
3 33	10
3 34	5
3 38	38
3 40	23
3 45	14
3 46	32
3 48	9
3 49	20
4 0	29
4 1	2
4 3	47
4 4	42
4 7	23
4 8	32
4 9	1
4 10	19
4 12	20
4 13	0
4 14	15
4 17	11
4 19	24
4 21	41
4 23	3
4 25	12
4 26	18
4 27	17
4 28	14
4 29	16
4 30	31
4 31	44
4 32	25
4 33	7
4 34	4
4 35	35
4 37	48
4 38	6
4 39	40
4 41	9
4 43	13
4 44	5
4 45	37
4 46	38
4 47	45
4 48	8
4 49	49
5 0	42
5 2	0
5 3	23
5 4	14
5 6	30
5 7	35
5 8	10
5 9	33
5 12	17
5 13	40
5 15	20
5 18	6
5 19	38
5 20	1
5 21	15
5 22	22
5 27	29
5 29	19
5 30	16
5 31	47
5 32	48
5 33	11
5 34	8
5 35	2
5 36	5
5 37	28
5 39	24
5 41	31
5 42	36
5 43	26
5 46	44
5 47	43
5 49	21
6 0	37
6 1	41
6 3	33
6 4	1
6 5	6
6 6	11
6 11	48
6 12	8
6 13	29
6 14	34
6 15	7
6 16	23
6 17	45
6 18	36
6 20	43
6 21	24
6 23	30
6 25	0
6 27	27
6 28	25
6 29	21
6 32	47
6 33	20
6 34	39
6 35	44
6 37	16
6 38	14
6 42	18
6 43	46
6 45	26
6 46	31
6 48	42
7 0	11
7 1	28
7 2	22
7 4	49
7 5	16
7 6	39
7 7	2
7 8	8
7 10	42
7 11	9
7 12	6
7 13	20
7 14	43
7 15	45
7 16	27
7 17	19
7 18	34
7 19	37
7 20	12
7 21	35
7 22	13
7 23	32
7 24	46
7 26	44
7 28	10
7 31	30
7 35	4
7 36	1
7 37	26
7 39	33
7 40	31
7 41	47
7 45	3
7 46	17
7 47	38
7 48	36
7 49	7
8 0	3
8 1	29
8 5	42
8 6	23
8 8	1
8 10	39
8 11	43
8 12	37
8 13	8
8 18	17
8 19	21
8 20	40
8 21	48
8 22	0
8 23	9
8 24	15
8 26	5
8 27	22
8 28	2
8 29	26
8 31	28
8 32	49
8 34	47
8 37	31
8 38	4
8 40	41
8 41	10
8 43	12
8 44	34
8 45	36
8 47	32
8 48	44
8 49	13
9 0	17
9 1	15
9 2	35
9 3	0
9 4	38
9 6	29
9 7	11
9 9	5
9 10	22
9 11	25
9 12	40
9 13	46
9 14	21
9 15	34
9 16	42
9 17	12
9 18	10
9 19	36
9 20	48
9 21	2
9 23	19
9 25	4
9 27	45
9 28	27
9 29	14
9 30	30
9 31	6
9 32	20
9 33	31
9 35	16
9 37	8
9 41	49
9 42	33
9 43	24
9 46	23
9 47	37
9 48	43
9 49	32
10 2	43
10 3	24
10 4	21
10 5	32
10 6	27
10 7	45
10 8	19
10 9	41
10 10	37
10 12	25
10 13	2
10 14	11
10 18	0
10 19	3
10 20	9
10 22	10
10 23	18
10 24	23
10 26	49
10 31	26
10 32	1
10 34	7
10 36	20
10 37	17
10 38	34
10 39	46
10 40	4
10 41	5
10 42	15
10 44	29
10 47	12
10 48	13
10 49	14
11 0	33
11 1	10
11 2	9
11 4	36
11 6	8
11 9	28
11 10	38
11 12	49
11 14	44
11 16	47
11 17	1
11 19	19
11 20	39
11 21	40
11 22	20
11 23	35
11 24	43
11 26	42
11 27	13
11 28	17
11 29	0
11 30	34
11 31	48
11 32	41
11 33	24
11 34	18
11 38	3
11 39	5
11 41	7
11 42	12
11 43	29
11 44	2
11 46	45
11 47	25
11 48	30
12 0	36
12 1	21
12 2	34
12 3	13
12 4	39
12 6	10
12 7	27
12 8	28
12 9	35
12 10	7
12 11	15
12 12	0
12 13	30
12 14	9
12 16	2
12 17	38
12 18	47
12 19	23
12 20	4
12 22	16
12 23	5
12 24	1
12 25	43
12 27	42
12 28	45
12 29	20
12 31	18
12 32	19
12 33	37
12 35	6
12 36	8
12 37	12
12 38	17
12 40	46
12 41	44
12 42	22
12 45	41
12 46	25
12 47	26
12 48	33
13 3	30
13 4	7
13 5	22
13 6	20
13 9	9
13 11	2
13 12	48
13 16	41
13 18	37
13 19	47
13 20	46
13 22	45
13 23	21
13 25	35
13 26	43
13 29	42
13 30	29
13 31	34
13 32	8
13 33	16
13 34	10
13 35	27
13 36	3
13 37	44
13 38	15
13 39	36
13 42	11
13 43	6
13 49	0
14 0	7
14 3	19
14 4	9
14 6	0
14 7	39
14 8	14
14 9	32
14 10	48
14 11	44
14 14	23
14 15	15
14 16	30
14 18	46
14 20	17
14 21	37
14 23	29
14 24	5
14 25	40
14 27	47
14 28	13
14 29	4
14 30	18
14 31	35
14 32	26
14 33	27
14 34	49
14 35	33
14 36	45
14 37	38
14 38	36
14 39	21
14 41	11
14 42	10
14 44	3
14 45	8
14 47	16
15 0	20
15 2	3
15 3	43
15 4	19
15 6	35
15 7	49
15 8	15
15 9	14
15 10	6
15 12	7
15 15	23
15 16	0
15 19	33
15 20	34
15 21	28
15 24	18
15 26	48
15 28	5
15 30	27
15 32	44
15 33	2
15 34	11
15 35	10
15 36	29
15 37	9
15 38	21
15 39	42
15 40	36
15 42	25
15 43	1
15 44	38
15 45	12
15 47	8
15 48	17
16 0	24
16 1	38
16 2	20
16 3	41
16 4	10
16 5	1
16 8	39
16 10	26
16 12	19
16 13	45
16 14	8
16 15	37
16 16	35
16 17	36
16 19	13
16 22	44
16 24	6
16 26	46
16 27	30
16 28	28
16 29	32
16 30	48
16 33	49
16 36	23
16 38	29
16 39	3
16 40	43
16 42	47
16 45	42
16 46	12
16 48	4
16 49	25
17 0	32
17 3	46
17 4	48
17 5	0
17 7	5
17 9	24
17 10	4
17 11	16
17 13	14
17 14	29
17 15	33
17 16	37
17 17	40
17 18	25
17 19	10
17 21	12
17 22	39
17 23	31
17 24	7
17 25	13
17 26	6
17 28	1
17 29	15
17 30	43
17 31	22
17 33	9
17 34	19
17 35	36
17 36	2
17 37	42
17 38	47
17 42	20
17 43	41
17 44	8
17 49	18
18 0	43
18 1	32
18 2	40
18 3	38
18 4	45
18 11	26
18 13	49
18 14	33
18 15	24
18 16	15
18 17	44
18 18	2
18 19	14
18 21	46
18 22	21
18 23	11
18 24	22
18 26	19
18 27	20
18 28	37
18 29	5
18 30	1
18 33	17
18 34	12
18 35	47
18 36	0
18 37	13
18 38	42
18 39	48
18 40	3
18 41	39
18 42	23
18 43	4
18 47	30
18 49	35
19 0	39
19 1	16
19 2	41
19 3	32
19 4	44
19 5	2
19 8	9
19 9	38
19 11	24
19 12	21
19 14	3
19 18	45
19 19	1
19 21	20
19 22	23
19 25	26
19 26	37
19 27	14
19 29	35
19 31	27
19 32	33
19 33	18
19 34	25
19 35	31
19 36	12
19 37	40
19 38	11
19 39	43
19 40	30
19 42	5
19 43	8
19 44	19
19 45	7
19 47	28
19 48	10
19 49	48
20 0	1
20 1	7
20 2	8
20 4	35
20 5	9
20 6	5
20 7	31
20 8	21
20 9	37
20 10	47
20 11	3
20 12	10
20 13	19
20 14	6
20 15	44
20 17	49
20 18	24
20 19	11
20 20	32
20 21	14
20 22	12
20 24	25
20 25	20
20 26	15
20 27	41
20 28	42
20 29	23
20 30	22
20 31	45
20 36	33
20 37	29
20 38	46
20 39	30
20 41	16
20 42	26
20 43	18
20 44	43
20 45	34
20 46	13
20 47	17
20 48	48
20 49	36
21 0	28
21 1	4
21 3	3
21 5	5
21 6	40
21 7	44
21 8	24
21 9	0
21 11	36
21 12	15
21 13	26
21 14	32
21 15	48
21 16	1
21 19	7
21 20	21
21 21	42
21 22	35
21 23	16
21 24	12
21 26	34
21 27	9
21 28	23
21 29	29
21 30	25
21 32	22
21 33	46
21 35	41
21 36	14
21 37	11
21 38	8
21 39	13
21 40	38
21 41	45
21 42	19
21 43	10
21 44	17
21 47	39
21 48	2
22 0	27
22 1	8
22 2	30
22 3	6
22 4	2
22 5	25
22 7	40
22 8	12
22 9	48
22 10	45
22 13	47
22 14	7
22 16	28
22 18	13
22 20	24
22 21	31
22 22	43
22 23	1
22 24	36
22 27	10
22 28	21
22 29	39
22 30	38
22 31	17
22 32	9
22 33	26
22 34	16
22 36	15
22 37	33
22 39	0
22 40	19
22 41	22
22 44	46
22 45	44
22 46	18
22 47	14
22 48	3
22 49	4
23 4	34
23 5	17
23 6	47
23 7	21
23 8	25
23 9	22
23 10	18
23 11	5
23 12	43
23 14	14
23 15	11
23 16	20
23 17	33
23 18	39
23 19	27
23 20	42
23 21	44
23 23	49
23 24	30
23 26	36
23 27	38
23 29	48
23 30	13
23 31	37
23 32	46
23 33	32
23 35	45
23 37	10
23 38	35
23 41	28
23 42	6
23 44	12
23 46	24
23 47	0
23 48	31
24 0	46
24 3	44
24 5	3
24 6	4
24 8	35
24 9	12
24 10	29
24 11	1
24 12	16
24 13	23
24 14	30
24 15	42
24 16	9
24 17	18
24 19	25
24 21	34
24 22	38
24 23	10
24 24	8
24 26	27
24 27	48
24 28	11
24 29	13
24 33	6
24 34	37
24 35	40
24 36	17
24 37	21
24 39	15
24 40	5
24 41	26
24 42	0
24 43	33
24 45	49
24 46	19
25 0	22
25 1	1
25 2	49
25 3	9
25 5	13
25 6	15
25 7	37
25 8	16
25 9	20
25 10	12
25 11	19
25 12	44
25 14	40
25 17	48
25 18	26
25 19	43
25 23	6
25 24	28
25 26	30
25 27	25
25 28	39
25 29	3
25 30	10
25 31	32
25 32	14
25 34	2
25 37	23
25 38	41
25 39	35
25 41	36
25 42	8
25 44	42
25 46	29
25 47	31
25 48	21
25 49	33
26 0	0
26 1	13
26 2	2
26 3	40
26 4	41
26 5	35
26 6	18
26 7	32
26 8	4
26 10	31
26 13	37
26 15	29
26 16	11
26 19	42
26 21	39
26 22	15
26 23	14
26 24	10
26 26	22
26 27	43
26 29	24
26 31	7
26 32	6
26 33	5
26 35	12
26 36	19
26 37	30
26 38	20
26 39	23
26 40	45
26 41	33
26 42	28
26 44	9
26 45	21
26 46	26
26 47	27
26 48	25
27 1	43
27 4	31
27 6	37
27 7	17
27 8	44
27 9	26
27 10	14
27 11	20
27 12	30
27 14	42
27 15	13
27 18	48
27 19	39
27 20	45
27 21	11
27 22	41
27 23	8
27 24	29
27 25	21
27 26	33
27 28	46
27 29	10
27 30	3
27 31	49
27 32	38
27 34	27
27 35	9
27 36	40
27 37	0
27 39	2
27 42	16
27 43	34
27 45	47
27 47	19
27 49	15
28 1	17
28 2	14
28 3	42
28 5	39
28 6	12
28 7	15
28 8	36
28 9	49
28 11	29
28 12	3
28 13	44
28 14	4
28 16	13
28 17	37
28 18	5
28 19	26
28 20	35
28 21	0
28 22	25
28 24	41
28 26	47
28 27	33
28 29	8
28 30	21
28 31	11
28 32	10
28 33	48
28 34	46
28 35	7
28 39	34
28 40	1
28 41	19
28 44	31
28 45	24
28 47	6
29 0	48
29 1	6
29 2	15
29 3	39
29 4	32
29 8	42
29 9	45
29 10	5
29 12	41
29 13	3
29 14	0
29 15	28
29 18	8
29 19	9
29 22	46
29 25	22
29 27	2
29 28	40
29 30	36
29 31	1
29 32	29
29 33	19
29 34	34
29 35	14
29 38	24
29 39	11
29 40	44
29 41	43
29 42	31
29 43	17
29 44	18
29 47	21
30 1	39
30 2	26
30 3	11
30 4	25
30 5	8
30 6	33
30 7	43
30 8	31
30 9	6
30 12	42
30 13	21
30 16	48
30 17	3
30 18	38
30 20	20
30 21	49
30 23	44
30 24	24
30 25	1
30 26	14
30 27	36
30 28	19
30 33	0
30 34	45
30 36	18
30 37	5
30 38	9
30 39	47
30 40	12
30 41	29
30 42	37
30 43	32
30 44	35
30 45	4
30 46	7
30 47	40
30 48	22
30 49	2
31 0	31
31 2	47
31 3	34
31 4	11
31 5	29
31 6	36
31 9	46
31 10	10
31 14	12
31 16	40
31 17	16
31 18	15
31 19	6
31 20	2
31 21	26
31 23	25
31 24	39
31 25	44
31 26	13
31 27	7
31 28	0
31 29	9
31 31	38
31 32	5
31 33	23
31 34	28
31 35	43
31 37	14
31 39	22
31 40	37
31 41	4
31 45	27
31 46	1
31 47	3
31 48	20
31 49	42
32 1	34
32 2	23
32 4	6
32 5	49
32 6	2
32 7	29
32 8	33
32 9	18
32 10	30
32 11	17
32 13	41
32 14	38
32 16	16
32 19	15
32 20	44
32 21	7
32 24	3
32 25	9
32 27	46
32 28	43
32 29	11
32 31	40
32 32	21
32 34	20
32 38	25
32 40	39
32 41	0
32 42	1
32 46	48
32 48	32
33 0	45
33 1	26
33 4	22
33 5	14
33 6	38
33 7	24
33 8	0
33 9	13
33 10	21
33 11	27
33 13	7
33 14	49
33 15	35
33 16	6
33 18	20
33 20	33
33 21	1
33 22	8
33 23	34
33 25	2
33 26	31
33 27	32
33 30	40
33 31	46
33 33	42
33 34	44
33 36	11
33 37	15
33 38	12
33 39	16
33 40	29
33 41	18
33 44	28
33 45	48
33 46	43
33 47	36
33 48	39
34 0	49
34 3	2
34 4	3
34 5	43
34 6	41
34 7	26
34 9	42
34 11	34
34 12	4
34 13	39
34 14	20
34 15	14
34 16	22
34 17	8
34 18	35
34 20	30
34 21	10
34 22	33
34 23	36
34 24	16
34 26	28
34 27	37
34 28	31
34 29	25
34 31	15
34 32	32
34 33	40
34 34	0
34 35	38
34 36	7
34 37	18
34 40	9
34 41	21
34 43	47
34 46	6
34 47	23
34 49	11
35 0	25
35 1	48
35 2	38
35 3	18
35 4	40
35 5	10
35 6	43
35 7	42
35 8	41
35 9	31
35 11	32
35 12	45
35 13	1
35 15	12
35 16	21
35 17	22
35 18	9
35 22	24
35 24	35
35 25	19
35 26	8
35 27	4
35 28	7
35 30	5
35 31	29
35 32	13
35 34	17
35 36	36
35 39	20
35 40	27
35 41	30
35 44	26
35 45	15
35 46	0
35 47	34
35 48	11
35 49	16
36 3	37
36 5	23
36 7	36
36 9	16
36 10	9
36 11	11
36 12	46
36 14	19
36 15	17
36 17	32
36 18	4
36 20	22
36 21	30
36 22	49
36 24	38
36 27	1
36 29	31
36 30	28
36 31	3
36 32	7
36 33	13
36 37	25
36 38	2
36 41	6
36 42	27
36 43	45
36 44	48
36 45	20
36 46	47
36 47	10
36 48	41
36 49	39
37 1	47
37 2	27
37 3	15
37 5	11
37 8	13
37 9	44
37 11	18
37 13	6
37 16	32
37 17	26
37 18	40
37 19	4
37 20	38
37 21	21
37 22	31
37 24	9
37 25	29
37 27	5
37 28	30
37 30	41
37 31	16
37 32	23
37 33	34
37 34	35
37 35	25
37 36	49
37 40	42
37 41	48
37 42	43
37 43	19
37 45	2
37 46	28
37 47	7
37 48	37
37 49	8
38 0	8
38 1	35
38 2	13
38 3	26
38 4	23
38 5	19
38 6	7
38 7	28
38 8	46
38 9	30
38 10	44
38 11	0
38 12	2
38 14	5
38 15	25
38 17	43
38 18	11
38 19	16
38 20	18
38 22	14
38 23	39
38 25	27
38 26	40
38 27	31
38 28	6
38 29	49
38 31	10
38 32	24
38 33	36
38 34	33
38 35	20
38 37	37
38 38	22
38 39	17
38 41	41
38 42	42
38 43	38
38 44	4
38 45	45
38 46	34
38 47	48
38 48	29
39 0	19
39 3	5
39 4	8
39 5	30
39 8	45
39 9	21
39 10	20
39 12	27
39 13	11
39 14	24
39 15	10
39 17	0
39 18	29
39 19	46
39 21	6
39 24	26
39 27	12
39 28	18
39 29	7
39 31	9
39 32	28
39 33	43
39 34	32
39 35	39
39 36	31
39 37	35
39 38	48
39 43	15
39 45	22
39 48	1
40 0	15
40 1	0
40 2	36
40 4	30
40 6	6
40 7	34
40 8	47
40 9	8
40 12	1
40 13	5
40 15	4
40 16	44
40 17	21
40 18	31
40 19	18
40 20	13
40 24	40
40 25	7
40 26	23
40 27	3
40 28	35
40 29	12
40 30	17
40 31	41
40 32	42
40 33	45
40 34	43
40 35	11
40 40	33
40 41	24
40 43	9
40 44	20
40 46	27
40 47	49
40 48	14
41 0	26
41 1	46
41 2	12
41 3	21
41 4	47
41 5	7
41 7	8
41 9	19
41 11	37
41 12	11
41 13	13
41 14	27
41 16	49
41 17	5
41 18	42
41 20	31
41 21	43
41 22	17
41 23	24
41 24	20
41 25	30
41 27	39
41 28	36
41 30	23
41 32	16
41 33	15
41 34	3
41 37	41
41 38	10
41 39	9
41 40	0
41 41	14
41 42	32
41 44	45
41 45	29
41 46	2
41 47	35
41 48	18
41 49	34
42 0	35
42 1	14
42 2	24
42 3	7
42 4	43
42 5	34
42 6	21
42 7	1
42 8	11
42 9	36
42 10	46
42 12	31
42 13	12
42 14	18
42 15	49
42 16	8
42 17	25
42 18	23
42 19	45
42 20	16
42 21	22
42 22	4
42 23	38
42 24	13
42 27	40
42 29	33
42 30	39
42 31	19
42 32	3
42 33	30
42 34	48
42 35	42
42 37	27
42 38	28
42 39	41
42 40	17
42 41	37
42 44	6
42 46	5
42 48	26
42 49	9
43 0	23
43 1	49
43 2	28
43 3	36
43 5	45
43 8	43
43 11	6
43 13	33
43 15	26
43 16	31
43 17	29
43 19	48
43 20	7
43 22	42
43 23	13
43 26	21
43 27	15
43 29	30
43 30	20
43 31	25
43 32	34
43 35	5
43 36	10
43 37	24
43 38	19
43 39	8
43 40	32
43 41	35
43 43	40
43 44	39
43 45	9
43 47	11
43 48	0
43 49	27
44 0	44
44 1	3
44 2	16
44 3	49
44 5	27
44 6	9
44 8	38
44 10	41
44 11	45
44 14	17
44 15	8
44 16	25
44 17	31
44 19	20
44 20	11
44 21	23
44 22	34
44 24	48
44 28	15
44 30	0
44 33	47
44 34	29
44 36	13
44 37	19
44 39	6
44 43	14
44 44	36
44 46	10
44 47	22
44 48	35
45 0	38
45 2	11
45 3	20
45 6	26
45 7	14
45 11	12
45 13	42
45 16	7
45 17	46
45 18	41
45 19	49
45 20	27
45 22	29
45 24	34
45 25	28
45 26	10
45 27	18
45 28	3
45 29	45
45 30	35
45 32	0
45 34	22
45 35	23
45 36	48
45 38	39
45 39	19
45 40	21
45 41	1
45 43	43
45 44	25
45 45	13
45 46	8
45 47	9
45 48	47
46 0	13
46 1	18
46 2	37
46 3	1
46 4	29
46 8	49
46 9	39
46 10	32
46 12	33
46 14	35
46 16	46
46 17	6
46 18	7
46 19	41
46 22	11
46 23	15
46 25	34
46 28	24
46 29	27
46 31	20
46 32	31
46 33	22
46 34	42
46 36	4
46 37	3
46 38	16
46 39	25
46 40	28
46 41	8
46 42	17
46 45	0
46 46	30
46 47	5
46 49	43
47 0	16
47 1	37
47 3	45
47 4	15
47 5	38
47 7	22
47 8	20
47 9	27
47 10	40
47 12	23
47 13	10
47 16	34
47 17	7
47 19	0
47 20	3
47 21	32
47 22	26
47 23	48
47 25	6
47 28	41
47 30	11
47 31	42
47 33	12
47 34	9
47 35	29
47 36	43
47 39	14
47 40	8
47 42	4
47 43	44
47 44	47
47 45	25
47 46	49
47 47	24
47 48	46
48 0	41
48 5	21
48 6	45
48 7	18
48 8	34
48 9	15
48 10	11
48 12	14
48 13	32
48 15	47
48 16	10
48 17	24
48 18	49
48 19	40
48 20	0
48 21	13
48 24	17
48 26	25
48 27	19
48 28	44
48 29	36
48 30	2
48 31	12
48 34	26
48 35	8
48 37	20
48 38	43
48 39	29
48 40	48
48 41	38
48 43	27
48 44	30
48 45	1
48 46	35
48 48	16
49 1	27
49 3	22
49 4	13
49 5	24
49 8	7
49 9	23
49 11	35
49 12	26
49 13	31
49 14	36
49 15	43
49 16	3
49 17	14
49 18	33
49 19	32
49 20	10
49 21	19
49 23	37
49 24	45
49 26	29
49 27	49
49 28	8
49 29	6
49 30	46
49 31	2
49 33	25
49 34	30
49 35	48
49 36	38
49 37	4
49 40	16
49 41	34
49 42	40
49 43	20
49 44	0
49 48	15
