50
0 9	30
0 10	10
0 11	17
0 14	44
0 16	43
0 19	37
0 22	42
0 26	4
0 29	48
0 30	40
0 33	21
0 34	32
0 35	29
0 38	39
0 40	46
0 41	13
0 49	34
1 6	34
1 11	47
1 15	32
1 20	6
1 22	2
1 25	3
1 27	26
1 30	5
1 31	48
1 32	31
1 40	24
1 46	27
1 47	1
1 48	16
2 0	11
2 2	39
2 4	16
2 7	13
2 8	20
2 9	0
2 10	19
2 20	43
2 22	45
2 26	42
2 28	18
2 30	38
2 33	40
2 34	2
2 36	49
2 39	6
2 41	35
2 46	41
2 47	14
2 49	37
3 1	35
3 8	14
3 9	13
3 11	43
3 16	44
3 17	17
3 27	24
3 30	12
3 32	5
3 33	8
3 37	15
3 38	29
3 45	1
3 47	3
3 49	28
4 2	42
4 7	12
4 10	23
4 13	28
4 14	24
4 16	45
4 21	36
4 22	9
4 28	0
4 38	34
4 40	43
4 41	11
4 42	22
4 48	29
5 10	25
5 13	21
5 14	34
5 18	19
5 20	8
5 22	18
5 24	4
5 25	24
5 29	39
5 33	7
5 34	35
5 38	3
5 42	49
6 3	11
6 9	2
6 13	38
6 16	15
6 17	22
6 20	29
6 22	14
6 23	3
6 27	21
6 30	37
6 34	12
6 46	9
7 0	12
7 2	37
7 5	27
7 7	33
7 8	29
7 10	43
7 12	35
7 14	41
7 21	22
7 22	23
7 23	26
7 26	40
7 30	8
7 32	39
7 36	16
7 41	20
8 0	15
8 3	49
8 4	11
8 5	35
8 11	19
8 19	23
8 21	42
8 24	22
8 29	2
8 33	39
8 34	28
8 37	45
8 38	38
8 40	47
8 41	30
8 42	31
9 7	23
9 8	49
9 14	10
9 21	12
9 22	0
9 30	36
9 37	9
9 38	11
9 40	2
9 48	25
10 3	7
10 5	6
10 12	18
10 15	33
10 25	20
10 27	37
10 34	42
10 35	27
10 37	43
10 38	45
10 39	2
10 43	38
10 44	19
10 46	35
10 47	46
11 1	26
11 3	45
11 12	17
11 13	49
11 21	44
11 22	12
11 24	14
11 27	46
11 28	23
11 36	1
11 37	21
11 41	38
11 43	30
11 44	47
11 46	28
11 48	24
11 49	32
12 9	25
12 12	11
12 15	49
12 17	18
12 28	9
12 30	23
12 32	36
12 37	42
12 39	5
12 47	0
13 1	9
13 3	44
13 4	30
13 5	17
13 6	23
13 12	8
13 15	45
13 18	15
13 29	29
13 30	10
13 33	48
13 35	0
13 37	7
13 38	5
13 41	22
13 47	2
13 48	19
13 49	25
14 0	48
14 2	11
14 3	19
14 11	29
14 16	41
14 18	36
14 21	8
14 23	13
14 24	33
14 25	0
14 26	43
14 37	30
14 38	25
14 40	18
14 46	3
15 3	39
15 4	38
15 7	24
15 11	49
15 17	31
15 19	46
15 21	11
15 22	32
15 25	37
15 26	14
15 29	0
15 34	44
15 36	8
15 37	35
15 41	10
15 42	41
15 43	9
15 47	21
16 1	42
16 2	7
16 5	30
16 7	22
16 9	40
16 11	44
16 17	48
16 20	4
16 21	6
16 24	9
16 27	38
16 28	19
16 29	8
16 35	3
16 36	37
16 39	29
16 42	15
16 45	14
16 46	34
16 47	20
16 48	41
16 49	36
17 4	5
17 6	13
17 8	15
17 9	38
17 14	0
17 15	44
17 19	6
17 20	39
17 21	37
17 26	23
17 34	40
17 40	29
17 41	24
17 47	32
18 0	28
18 5	15
18 9	11
18 20	9
18 23	29
18 24	1
18 29	3
18 35	14
18 37	20
18 40	6
18 41	47
18 47	35
18 48	17
19 0	9
19 3	8
19 4	49
19 6	2
19 7	27
19 15	29
19 21	39
19 24	40
19 26	10
19 33	13
19 35	45
19 37	16
19 39	3
19 40	23
19 44	35
19 49	0
20 2	25
20 5	0
20 6	5
20 8	46
20 11	39
20 13	13
20 20	41
20 26	26
20 30	4
20 31	24
20 33	16
20 36	42
20 37	40
20 38	30
20 43	20
20 45	19
21 8	43
21 15	24
21 19	12
21 25	14
21 27	8
21 31	49
21 33	11
21 38	37
22 0	37
22 1	32
22 2	21
22 4	35
22 9	20
22 12	49
22 13	33
22 14	8
22 19	3
22 21	28
22 23	46
22 24	42
22 27	1
22 28	5
22 31	25
22 35	4
22 37	47
22 39	34
22 40	11
22 49	16
23 0	30
23 3	22
23 5	1
23 11	15
23 15	7
23 23	33
23 26	12
23 31	28
23 41	45
23 43	23
23 49	39
24 1	48
24 7	29
24 8	22
24 11	6
24 16	34
24 18	23
24 21	32
24 23	37
24 26	24
24 27	44
24 33	0
24 34	26
24 35	19
24 36	33
24 44	16
24 47	36
24 48	31
25 3	48
25 4	44
25 6	45
25 7	26
25 9	18
25 11	21
25 14	43
25 15	25
25 23	38
25 24	35
25 27	12
25 29	46
25 30	42
25 33	30
25 35	23
25 40	31
26 9	16
26 13	15
26 16	37
26 18	6
26 23	49
26 27	22
26 29	20
26 32	30
26 39	24
26 41	1
26 46	23
26 49	35
27 5	47
27 7	32
27 9	33
27 10	27
27 15	21
27 18	44
27 21	40
27 22	3
27 23	14
27 24	10
27 26	8
27 30	9
27 33	17
27 38	4
28 4	42
28 11	40
28 15	18
28 16	27
28 24	29
28 25	11
28 26	22
28 28	25
28 29	38
28 34	46
28 40	12
28 46	37
28 47	5
29 0	16
29 1	49
29 2	13
29 5	31
29 13	19
29 17	11
29 19	17
29 24	25
29 26	0
29 31	14
29 34	27
29 36	23
29 38	6
29 39	30
29 40	22
29 45	32
30 2	44
30 4	47
30 9	49
30 17	38
30 18	17
30 20	22
30 23	43
30 26	37
30 29	12
30 33	24
30 49	30
31 1	21
31 4	4
31 5	25
31 7	11
31 8	31
31 11	24
31 13	34
31 20	19
31 24	16
31 34	15
31 36	28
31 37	44
31 38	13
31 41	33
31 45	39
31 47	8
32 1	10
32 5	11
32 8	35
32 11	14
32 18	47
32 19	36
32 21	30
32 22	27
32 28	12
32 30	17
32 36	26
32 37	49
32 47	39
33 3	4
33 6	40
33 18	2
33 28	11
33 39	31
33 42	21
33 47	9
34 1	40
34 8	30
34 13	23
34 15	10
34 17	46
34 18	20
34 21	38
34 24	45
34 28	22
34 33	47
34 41	8
34 42	6
34 45	0
34 47	43
34 48	7
35 7	35
35 9	28
35 12	16
35 16	20
35 22	19
35 31	1
35 32	33
35 35	30
35 37	38
35 39	49
35 43	40
35 46	44
35 48	14
36 2	12
36 3	31
36 4	46
36 9	6
36 11	36
36 13	7
36 15	14
36 16	16
36 19	34
36 20	45
36 28	32
36 31	26
36 35	44
36 37	2
36 38	22
36 39	33
36 45	25
36 46	40
36 47	28
36 49	48
37 2	32
37 4	33
37 6	28
37 8	11
37 11	23
37 15	39
37 17	3
37 19	35
37 21	24
37 23	47
37 33	25
37 40	20
37 42	43
37 43	44
37 44	22
37 46	6
38 0	44
38 1	2
38 5	38
38 8	41
38 9	14
38 11	0
38 12	32
38 15	23
38 18	5
38 20	10
38 21	15
38 28	20
38 29	47
38 32	49
38 33	22
38 38	27
38 42	16
38 44	21
38 45	24
39 0	13
39 3	20
39 4	41
39 5	45
39 13	35
39 18	25
39 21	7
39 24	11
39 28	21
39 29	49
39 30	34
39 32	43
39 33	6
39 35	10
39 36	48
39 39	12
39 42	36
39 46	16
40 0	45
40 3	32
40 12	10
40 15	19
40 20	26
40 22	16
40 24	5
40 25	48
40 26	38
40 28	15
40 49	6
41 4	40
41 11	3
41 13	24
41 15	1
41 20	32
41 22	33
41 23	4
41 25	31
41 32	46
41 38	36
41 43	48
41 44	12
41 46	22
41 47	19
41 49	8
42 0	35
42 4	27
42 5	26
42 11	13
42 16	10
42 21	2
42 28	8
42 30	18
42 34	24
42 37	14
42 39	0
42 41	19
42 44	28
43 0	29
43 1	14
43 2	43
43 3	0
43 6	21
43 8	4
43 18	18
43 19	16
43 22	5
43 29	27
43 30	32
43 31	8
43 32	25
43 33	33
43 41	37
43 44	46
43 45	30
43 48	44
44 0	17
44 2	24
44 5	44
44 9	31
44 13	10
44 21	14
44 22	38
44 25	4
44 28	28
44 32	6
44 34	5
44 42	35
44 45	9
45 0	43
45 9	39
45 10	2
45 17	4
45 19	5
45 22	11
45 24	8
45 26	49
45 27	29
45 28	47
45 30	31
45 34	25
45 35	21
45 36	32
45 37	0
45 38	46
45 42	44
45 48	45
46 0	21
46 6	4
46 7	31
46 8	45
46 9	15
46 12	38
46 14	40
46 15	37
46 16	12
46 25	27
46 29	25
46 30	14
46 31	41
46 32	48
46 42	11
46 43	5
46 44	29
46 45	33
46 48	9
47 1	45
47 2	36
47 4	23
47 10	33
47 11	41
47 18	4
47 22	6
47 24	0
47 33	20
47 39	47
47 45	17
47 46	48
48 0	3
48 3	25
48 6	48
48 11	20
48 14	6
48 21	49
48 23	39
48 24	30
48 25	10
48 26	47
48 28	44
48 30	24
48 31	18
48 33	37
48 36	43
48 38	16
48 43	32
48 45	29
48 46	17
48 48	46
49 9	7
49 10	30
49 13	42
49 15	46
49 16	14
49 29	23
49 30	33
49 31	43
49 35	15
49 40	13
49 41	4
49 42	32
49 43	36
49 47	31
49 48	21
