50
0 4	0
0 7	4
0 11	38
0 13	8
0 15	43
0 18	21
0 20	24
0 21	36
0 23	26
0 25	28
0 26	9
0 27	45
0 30	42
0 32	1
0 33	33
0 37	6
0 38	44
0 42	20
0 44	48
0 45	15
0 46	29
0 48	39
1 3	35
1 5	2
1 6	17
1 7	47
1 9	12
1 12	25
1 24	33
1 25	14
1 27	20
1 28	30
1 29	0
1 31	38
1 33	39
1 34	1
1 38	28
1 40	16
1 46	48
1 49	44
2 3	28
2 8	25
2 9	48
2 10	16
2 11	41
2 16	22
2 18	2
2 19	32
2 25	26
2 33	23
2 35	34
2 37	3
2 42	35
2 44	12
2 49	9
3 3	45
3 4	30
3 6	4
3 10	42
3 11	18
3 12	38
3 17	40
3 18	12
3 19	27
3 21	11
3 23	39
3 24	29
3 25	6
3 27	17
3 28	3
3 31	46
3 32	23
3 36	43
3 39	49
3 40	26
3 41	44
3 43	41
3 45	34
3 47	36
3 48	1
4 3	5
4 5	16
4 7	13
4 10	6
4 11	43
4 16	36
4 21	18
4 25	8
4 34	44
4 35	27
4 39	30
4 40	21
4 41	47
4 43	23
4 44	19
4 46	38
4 48	29
4 49	40
5 1	39
5 12	6
5 18	8
5 19	37
5 22	28
5 23	11
5 26	12
5 27	44
5 29	45
5 30	24
5 34	31
5 36	16
5 37	18
5 42	36
5 43	33
5 44	43
5 45	2
5 46	22
5 47	7
5 48	25
6 1	44
6 3	7
6 6	43
6 7	9
6 9	18
6 10	29
6 14	39
6 15	15
6 16	23
6 17	13
6 20	49
6 23	14
6 27	26
6 28	6
6 30	25
6 31	2
6 34	21
6 35	46
6 40	0
6 41	27
6 42	34
6 43	1
6 45	33
6 47	31
6 49	47
7 0	18
7 1	10
7 2	31
7 5	14
7 7	33
7 12	8
7 18	41
7 19	3
7 21	1
7 22	37
7 24	48
7 26	45
7 31	44
7 34	7
7 36	19
7 37	32
7 39	11
7 41	21
7 44	42
8 2	28
8 7	46
8 8	17
8 10	39
8 15	32
8 16	18
8 18	36
8 20	13
8 21	25
8 23	45
8 26	22
8 29	34
8 32	40
8 34	38
8 36	15
8 37	16
8 40	27
8 41	9
8 44	35
8 45	8
8 47	48
8 49	5
9 5	39
9 11	22
9 12	37
9 14	28
9 15	27
9 16	6
9 19	2
9 22	35
9 25	33
9 29	8
9 32	38
9 33	44
9 34	43
9 35	31
9 37	20
9 39	0
9 42	19
9 43	46
9 48	23
10 1	0
10 2	11
10 3	15
10 5	17
10 9	14
10 12	44
10 14	36
10 17	9
10 22	38
10 26	37
10 29	28
10 36	31
10 41	10
10 46	7
10 47	20
11 1	21
11 2	38
11 4	45
11 6	41
11 15	39
11 17	46
11 27	27
11 38	13
11 39	20
11 40	35
11 41	43
11 43	15
12 1	18
12 3	27
12 6	20
12 10	30
12 12	3
12 13	1
12 14	46
12 15	24
12 16	43
12 20	21
12 22	44
12 23	41
12 30	5
12 33	26
12 37	12
12 38	48
12 39	34
12 41	42
12 43	49
12 48	15
13 1	28
13 2	2
13 3	8
13 4	7
13 7	20
13 8	33
13 9	5
13 11	4
13 12	17
13 13	37
13 24	15
13 26	47
13 27	30
13 28	9
13 30	18
13 31	29
13 32	11
13 33	14
13 42	12
13 45	39
13 47	19
14 0	11
14 1	20
14 3	2
14 4	23
14 14	15
14 26	4
14 31	21
14 32	47
14 33	40
14 35	13
14 37	5
14 40	24
14 41	28
14 42	45
14 43	22
14 46	9
14 47	38
14 48	7
15 7	27
15 10	25
15 13	48
15 14	3
15 17	18
15 19	8
15 20	29
15 22	21
15 24	46
15 33	15
15 36	4
15 38	10
15 41	0
15 42	37
15 45	47
15 46	13
15 48	43
16 1	38
16 2	8
16 3	31
16 5	11
16 7	43
16 10	34
16 12	46
16 13	47
16 14	21
16 19	23
16 22	6
16 26	33
16 28	14
16 29	32
16 31	9
16 35	48
16 39	41
16 40	30
16 41	5
16 42	27
16 43	36
16 44	26
16 45	44
17 3	32
17 8	7
17 11	19
17 12	34
17 13	28
17 15	47
17 18	29
17 20	4
17 21	5
17 23	23
17 24	12
17 26	6
17 28	44
17 29	17
17 32	37
17 40	2
17 41	18
17 43	35
17 45	3
17 46	14
17 48	38
18 3	3
18 9	39
18 17	21
18 18	7
18 19	17
18 23	43
18 27	13
18 32	42
18 34	25
18 35	16
18 39	36
18 40	12
18 45	28
18 48	47
18 49	10
19 0	28
19 2	25
19 3	37
19 4	47
19 7	11
19 12	41
19 14	26
19 16	4
19 18	40
19 20	46
19 27	5
19 32	36
19 34	9
19 37	13
19 39	12
19 41	29
19 46	35
19 47	8
19 48	34
19 49	30
20 2	9
20 4	48
20 7	44
20 11	31
20 12	39
20 14	25
20 18	42
20 19	0
20 24	45
20 25	11
20 29	10
20 32	43
20 34	36
20 35	6
20 40	17
20 42	29
20 45	24
20 48	3
21 1	5
21 4	1
21 9	24
21 12	28
21 25	16
21 27	29
21 32	48
21 38	27
21 39	14
21 43	37
21 44	33
21 47	11
21 48	42
22 1	45
22 2	24
22 6	0
22 8	30
22 14	44
22 15	11
22 16	46
22 18	34
22 24	25
22 25	3
22 26	26
22 27	37
22 29	2
22 32	39
22 35	1
22 36	49
22 39	8
22 41	36
22 46	5
22 48	16
22 49	43
23 1	14
23 4	39
23 6	19
23 7	34
23 9	6
23 10	5
23 12	7
23 14	40
23 20	20
23 21	21
23 23	37
23 26	28
23 27	11
23 29	3
23 33	41
23 35	23
23 38	18
23 42	9
23 45	17
23 49	38
24 1	40
24 4	9
24 6	8
24 7	7
24 8	1
24 10	28
24 12	0
24 14	14
24 15	44
24 17	49
24 18	43
24 23	4
24 26	32
24 33	46
24 34	29
24 36	18
24 37	36
24 40	23
24 41	30
24 42	5
24 43	11
24 44	3
24 45	42
24 49	39
25 0	37
25 4	18
25 5	41
25 6	42
25 7	40
25 9	27
25 10	9
25 11	34
25 12	23
25 18	46
25 19	20
25 20	31
25 22	26
25 23	5
25 26	36
25 29	30
25 30	39
25 31	48
25 32	14
25 34	28
25 35	11
25 36	32
25 40	22
25 42	44
25 48	12
25 49	15
26 0	35
26 2	1
26 11	7
26 15	3
26 16	5
26 18	47
26 19	31
26 20	41
26 22	42
26 24	28
26 28	38
26 29	39
26 32	20
26 34	49
26 38	36
26 39	48
26 41	2
26 42	17
26 46	10
26 47	30
26 48	40
27 1	30
27 12	40
27 15	26
27 16	9
27 20	6
27 21	33
27 22	36
27 23	28
27 25	23
27 29	13
27 31	34
27 33	12
27 35	17
27 37	29
27 41	49
27 42	25
27 43	31
28 1	43
28 4	25
28 7	8
28 13	20
28 14	31
28 15	9
28 17	15
28 20	48
28 23	34
28 25	12
28 26	11
28 27	4
28 28	7
28 39	37
28 40	5
28 43	19
29 0	1
29 1	47
29 4	4
29 5	18
29 6	29
29 11	20
29 12	5
29 13	44
29 14	33
29 17	28
29 23	16
29 26	38
29 27	48
29 29	31
29 31	30
29 32	22
29 36	34
29 38	42
29 39	3
29 40	9
29 44	7
29 45	32
29 49	11
30 0	40
30 1	2
30 4	20
30 7	28
30 9	9
30 18	48
30 20	17
30 21	38
30 22	45
30 26	3
30 33	19
30 35	44
30 38	39
30 39	13
30 41	23
30 42	49
30 43	4
30 45	7
30 48	8
31 2	39
31 3	26
31 6	35
31 7	49
31 9	25
31 11	46
31 12	48
31 13	40
31 15	33
31 16	0
31 23	36
31 24	43
31 25	1
31 26	14
31 31	5
31 33	3
31 34	30
31 37	31
31 39	15
31 43	18
31 45	41
31 46	23
31 48	21
31 49	7
32 3	13
32 7	42
32 10	4
32 11	40
32 12	32
32 14	29
32 15	37
32 17	6
32 20	0
32 21	14
32 23	3
32 30	48
32 31	18
32 32	33
32 35	5
32 36	8
32 37	47
32 39	31
32 41	1
32 44	9
32 46	41
32 48	19
32 49	26
33 0	5
33 1	4
33 2	3
33 9	44
33 13	11
33 18	1
33 19	36
33 20	35
33 23	18
33 24	32
33 25	7
33 27	9
33 28	27
33 29	26
33 31	47
33 34	15
33 35	8
33 37	34
33 40	37
33 41	31
33 42	42
33 44	39
33 46	45
34 0	16
34 2	14
34 4	10
34 7	45
34 8	0
34 10	26
34 11	32
34 12	31
34 13	17
34 16	40
34 18	44
34 19	30
34 21	37
34 22	8
34 23	33
34 30	23
34 31	43
34 33	20
34 34	47
34 35	21
34 37	38
34 38	46
34 39	39
34 41	22
34 44	25
34 46	34
34 47	49
35 1	16
35 4	36
35 5	1
35 6	40
35 10	49
35 12	10
35 13	13
35 14	19
35 15	23
35 16	37
35 19	34
35 24	39
35 29	18
35 32	4
35 33	38
35 45	27
35 46	30
35 49	12
36 3	46
36 5	12
36 12	4
36 18	37
36 19	15
36 23	22
36 24	34
36 25	41
36 30	10
36 37	35
36 38	30
36 39	17
36 40	29
36 44	16
36 45	11
36 49	14
37 1	12
37 2	37
37 4	49
37 7	1
37 8	9
37 9	11
37 18	33
37 19	35
37 20	28
37 21	16
37 22	34
37 23	30
37 24	23
37 26	46
37 28	45
37 30	15
37 31	22
37 33	18
37 34	19
37 39	38
37 41	20
37 44	31
37 45	5
37 46	27
37 47	0
37 48	4
38 0	48
38 3	39
38 4	16
38 7	36
38 11	9
38 13	46
38 15	1
38 22	23
38 25	32
38 27	47
38 28	31
38 30	38
38 33	17
38 35	45
38 36	22
38 38	5
38 40	40
38 43	34
38 48	27
38 49	8
39 0	34
39 1	23
39 2	6
39 4	14
39 7	16
39 9	43
39 10	33
39 12	29
39 13	10
39 14	30
39 16	1
39 18	24
39 22	41
39 25	21
39 29	48
39 35	26
39 37	49
39 38	35
39 44	36
39 46	42
39 49	4
40 1	35
40 5	25
40 8	24
40 9	45
40 10	3
40 13	12
40 14	38
40 16	8
40 17	47
40 18	5
40 23	49
40 25	0
40 26	29
40 27	31
40 28	42
40 34	27
40 35	30
40 36	6
40 37	39
40 38	7
40 39	26
40 42	13
40 44	4
40 46	37
40 49	33
41 1	19
41 2	5
41 3	25
41 6	23
41 11	39
41 19	16
41 20	7
41 21	31
41 23	47
41 24	2
41 25	20
41 31	36
41 35	24
41 41	32
41 44	10
41 45	37
42 5	43
42 8	4
42 9	2
42 10	36
42 11	1
42 12	16
42 13	35
42 14	9
42 18	39
42 19	33
42 23	17
42 24	47
42 25	46
42 28	32
42 32	34
42 33	29
42 35	15
42 38	23
42 40	14
42 44	37
42 47	5
42 49	20
43 4	11
43 5	21
43 8	45
43 9	23
43 12	1
43 15	28
43 19	14
43 23	19
43 24	35
43 26	20
43 28	18
43 29	44
43 31	39
43 33	31
43 34	4
43 37	40
43 38	3
43 44	6
43 45	29
43 47	43
43 48	33
44 0	44
44 2	40
44 15	42
44 16	17
44 17	38
44 18	25
44 19	39
44 23	8
44 25	45
44 30	7
44 33	0
44 34	11
44 37	9
44 40	31
44 41	48
44 42	15
44 43	27
44 47	22
44 49	18
45 1	36
45 6	33
45 9	42
45 10	41
45 12	21
45 14	37
45 17	31
45 19	4
45 20	15
45 21	39
45 22	0
45 25	18
45 27	3
45 32	7
45 33	35
45 34	12
45 36	28
45 37	19
45 38	14
45 39	23
45 41	17
45 42	2
45 46	26
46 0	14
46 2	41
46 6	30
46 9	40
46 13	43
46 15	46
46 20	44
46 24	37
46 26	8
46 27	16
46 28	1
46 34	24
46 36	38
46 38	33
46 41	26
46 42	39
46 45	18
46 46	3
46 48	9
46 49	22
47 0	43
47 13	2
47 14	17
47 15	18
47 18	23
47 20	39
47 25	37
47 26	10
47 28	35
47 30	11
47 33	25
47 35	7
47 36	30
47 45	48
47 47	44
48 2	34
48 6	36
48 9	3
48 11	29
48 13	24
48 16	35
48 20	25
48 21	20
48 26	17
48 28	15
48 29	41
48 32	49
48 37	42
48 38	12
48 40	45
48 47	37
49 1	34
49 2	43
49 10	40
49 11	6
49 12	24
49 13	19
49 14	48
49 17	5
49 19	1
49 21	9
49 23	46
49 25	29
49 26	41
49 34	0
49 35	14
49 37	7
49 38	47
49 41	33
49 42	16
49 46	44
49 47	18
49 48	26
