50
0 1	22
0 3	1
0 4	15
0 10	12
0 12	32
0 18	30
0 23	24
0 25	25
0 32	27
0 33	19
0 34	28
0 38	3
0 39	23
1 4	14
1 6	11
1 8	10
1 10	43
1 11	3
1 13	35
1 15	16
1 19	45
1 21	40
1 28	47
1 31	0
1 34	23
1 35	46
1 36	32
1 40	19
1 42	9
2 0	3
2 8	47
2 11	16
2 14	43
2 15	45
2 20	4
2 21	11
2 29	20
2 30	33
2 33	31
2 34	34
3 3	18
3 8	22
3 10	33
3 11	38
3 14	42
3 21	29
3 24	46
3 37	11
3 39	34
3 41	45
3 46	35
3 47	8
3 49	20
4 0	22
4 3	27
4 12	21
4 18	34
4 23	4
4 24	15
4 29	47
4 30	24
4 31	5
4 33	44
4 37	29
4 38	23
4 39	36
4 40	9
4 43	18
4 46	39
4 49	37
5 0	16
5 1	41
5 3	14
5 6	18
5 15	28
5 21	2
5 22	15
5 24	3
5 27	48
5 36	37
5 39	5
5 40	38
5 45	1
5 46	22
5 48	30
6 2	15
6 3	13
6 6	34
6 7	40
6 8	4
6 10	14
6 13	22
6 16	18
6 20	19
6 27	47
6 33	26
6 36	9
6 38	36
6 45	20
6 47	27
7 0	37
7 5	4
7 14	7
7 17	24
7 21	8
7 27	25
7 28	1
7 30	17
7 31	33
7 36	2
7 39	46
7 45	26
7 46	30
7 47	40
7 49	9
8 1	40
8 5	20
8 10	24
8 12	0
8 14	22
8 16	41
8 18	44
8 25	30
8 28	33
8 30	25
8 42	19
8 43	42
8 46	3
8 49	5
9 4	12
9 8	11
9 10	44
9 11	8
9 12	6
9 13	40
9 14	1
9 16	49
9 19	4
9 20	32
9 21	5
9 22	42
9 24	21
9 32	35
9 33	29
9 38	41
9 42	20
9 46	10
9 47	18
10 1	30
10 3	17
10 4	3
10 6	21
10 11	48
10 19	15
10 23	46
10 26	36
10 28	13
10 38	12
10 44	33
11 6	37
11 7	43
11 14	13
11 18	2
11 23	29
11 25	15
11 26	32
11 30	5
11 40	27
11 41	20
12 1	18
12 4	22
12 5	36
12 10	30
12 11	4
12 12	11
12 15	29
12 28	19
12 31	1
12 34	48
12 35	23
12 40	44
12 49	27
13 3	47
13 4	31
13 5	13
13 15	27
13 20	10
13 21	1
13 22	35
13 23	44
13 24	25
13 30	34
13 37	33
13 39	28
13 45	18
13 46	37
13 47	12
14 0	43
14 2	16
14 5	33
14 10	7
14 18	40
14 23	49
14 24	18
14 26	3
14 31	23
14 33	1
14 34	27
15 0	20
15 4	8
15 5	35
15 14	5
15 15	25
15 20	48
15 23	10
15 24	34
15 25	26
15 28	27
15 29	18
15 31	38
15 36	17
15 37	37
15 38	40
15 41	3
15 42	4
15 43	41
15 44	39
16 4	23
16 7	33
16 13	38
16 15	14
16 16	32
16 18	49
16 25	2
16 27	4
16 40	7
16 42	41
16 43	44
16 45	8
16 48	17
16 49	43
17 1	0
17 4	32
17 10	2
17 12	41
17 16	9
17 25	13
17 26	16
17 27	19
17 28	7
17 30	20
17 31	49
17 33	3
17 34	42
17 36	38
17 37	43
17 39	15
17 44	8
17 48	46
18 6	46
18 8	49
18 10	39
18 17	11
18 18	22
18 22	34
18 24	40
18 31	29
18 34	2
18 35	0
18 37	3
18 43	8
18 44	37
18 45	24
18 48	28
19 1	6
19 3	10
19 8	30
19 14	2
19 15	33
19 19	34
19 20	27
19 23	40
19 26	42
19 28	3
19 34	37
19 37	5
19 38	15
19 39	13
19 42	32
19 43	11
19 45	49
19 47	47
20 1	35
20 6	4
20 8	24
20 14	49
20 15	7
20 16	39
20 17	9
20 18	15
20 19	18
20 27	5
20 30	2
20 32	3
20 34	6
20 39	20
20 43	40
20 47	17
21 1	39
21 4	10
21 5	7
21 8	6
21 12	34
21 13	25
21 16	26
21 19	46
21 21	4
21 33	24
21 35	40
21 36	42
21 38	19
21 42	27
21 43	28
21 45	15
21 47	33
22 8	32
22 9	14
22 12	49
22 15	37
22 20	35
22 22	5
22 23	0
22 25	12
22 31	36
22 33	48
22 35	30
22 38	4
22 42	25
22 45	47
22 46	1
22 47	15
22 49	41
23 6	25
23 7	41
23 16	21
23 17	18
23 22	2
23 23	42
23 25	34
23 26	12
23 29	32
23 31	22
23 32	5
23 33	37
23 34	30
23 38	38
23 42	8
23 47	45
23 48	27
24 0	21
24 2	47
24 6	19
24 7	18
24 8	8
24 9	13
24 13	37
24 17	44
24 22	36
24 23	43
24 27	28
24 29	6
24 31	3
24 32	7
24 35	24
24 43	1
24 45	41
24 48	2
25 2	6
25 8	3
25 12	25
25 13	48
25 15	9
25 17	16
25 18	8
25 21	36
25 25	38
25 26	7
25 29	23
25 30	42
25 32	19
25 34	26
25 39	11
25 42	14
25 45	45
25 48	21
25 49	15
26 2	24
26 10	28
26 11	41
26 13	23
26 16	40
26 18	14
26 20	12
26 21	43
26 25	19
26 26	22
26 31	17
26 42	10
26 43	16
27 2	8
27 4	20
27 5	37
27 6	29
27 7	3
27 9	22
27 20	36
27 21	30
27 22	26
27 24	42
27 29	48
27 33	13
27 35	49
27 38	43
27 40	39
27 43	38
27 45	0
28 3	15
28 4	35
28 6	30
28 7	5
28 9	6
28 13	18
28 16	36
28 17	34
28 19	24
28 21	27
28 22	31
28 26	28
28 36	22
28 45	11
28 47	19
29 5	6
29 9	25
29 12	8
29 19	17
29 21	31
29 22	47
29 25	20
29 27	10
29 29	43
29 30	37
29 36	34
29 37	38
29 38	46
29 47	23
29 49	7
30 2	35
30 3	33
30 4	38
30 6	24
30 8	37
30 9	8
30 11	39
30 14	17
30 15	19
30 21	15
30 26	25
30 36	30
30 38	1
30 44	46
30 45	28
30 46	49
31 4	39
31 5	24
31 6	23
31 7	9
31 12	43
31 14	4
31 16	5
31 18	1
31 19	42
31 21	13
31 22	7
31 23	28
31 28	40
31 30	12
31 31	27
31 36	11
31 38	25
31 39	37
31 43	45
31 47	32
31 49	31
32 2	23
32 4	18
32 7	14
32 9	47
32 11	46
32 13	29
32 15	30
32 25	28
32 27	2
32 28	37
32 31	6
32 33	39
32 36	49
32 41	31
32 46	20
32 47	38
33 0	46
33 1	14
33 18	31
33 19	10
33 22	38
33 25	18
33 26	4
33 28	29
33 31	16
33 33	7
33 34	5
33 40	40
33 42	2
33 44	34
33 45	43
34 2	12
34 5	15
34 11	28
34 12	4
34 14	30
34 18	47
34 22	18
34 24	11
34 28	38
34 30	36
34 44	27
34 45	9
34 47	0
34 48	49
34 49	42
35 0	23
35 2	29
35 9	19
35 12	27
35 14	9
35 15	36
35 16	37
35 21	0
35 26	49
35 28	10
35 29	35
35 30	22
35 31	14
35 34	8
35 35	6
35 37	24
35 38	39
35 44	12
35 49	3
36 1	20
36 6	9
36 9	10
36 10	5
36 13	27
36 15	34
36 24	36
36 29	1
36 30	18
36 35	42
36 37	7
36 39	32
36 41	40
36 48	3
36 49	0
37 1	43
37 2	1
37 4	21
37 6	14
37 11	7
37 12	38
37 23	6
37 24	19
37 26	24
37 27	39
37 28	23
37 33	33
37 35	20
37 37	45
37 39	35
37 41	41
38 0	48
38 6	28
38 13	49
38 14	33
38 15	11
38 20	8
38 23	26
38 24	2
38 26	20
38 30	27
38 32	25
38 34	40
38 37	23
38 42	18
38 46	21
39 0	42
39 4	11
39 8	7
39 16	22
39 24	12
39 25	39
39 26	9
39 34	18
39 35	35
39 44	38
40 3	19
40 5	43
40 12	26
40 14	34
40 18	16
40 28	12
40 34	33
40 49	30
41 12	45
41 13	11
41 16	35
41 17	5
41 20	2
41 28	25
41 35	48
41 40	8
41 43	22
41 45	30
42 8	9
42 9	38
42 10	22
42 11	15
42 14	6
42 15	3
42 21	47
42 24	26
42 30	49
42 31	35
42 32	2
42 39	24
42 40	20
42 42	31
42 46	27
42 47	37
42 48	12
43 1	23
43 4	47
43 7	2
43 11	42
43 14	29
43 18	37
43 19	38
43 30	30
43 34	1
43 38	49
43 48	8
44 4	34
44 7	31
44 9	33
44 10	1
44 11	35
44 12	23
44 14	14
44 19	28
44 20	30
44 22	9
44 30	47
44 34	45
44 39	26
44 42	6
44 49	11
45 0	18
45 3	49
45 6	42
45 18	46
45 19	48
45 22	6
45 23	9
45 24	0
45 26	15
45 29	34
45 30	10
45 35	14
45 40	35
45 45	27
45 46	4
45 47	29
46 4	7
46 7	11
46 8	31
46 10	36
46 14	40
46 15	42
46 16	30
46 19	0
46 23	47
46 26	43
46 28	6
46 29	14
46 35	44
46 36	27
46 38	29
46 40	18
46 44	35
47 0	49
47 1	36
47 3	28
47 10	38
47 12	39
47 13	0
47 20	33
47 26	47
47 28	26
47 32	31
47 43	29
47 44	14
47 48	4
48 5	25
48 6	22
48 9	43
48 10	45
48 20	15
48 25	31
48 26	30
48 27	12
48 28	46
48 29	19
48 31	21
48 38	27
48 40	16
48 42	26
48 49	29
49 5	30
49 8	33
49 9	40
49 14	19
49 19	29
49 21	39
49 22	45
49 25	49
49 28	24
49 32	18
49 37	20
49 42	42
49 43	35
49 49	21
