50
0 2	18
0 3	35
0 5	26
0 8	10
0 10	12
0 12	40
0 13	45
0 14	43
0 18	7
0 22	0
0 23	28
0 24	11
0 25	37
0 26	19
0 29	32
0 30	36
0 33	46
0 35	20
0 36	1
0 37	4
0 39	47
0 40	15
0 46	3
0 47	14
0 48	8
1 0	33
1 1	34
1 3	1
1 7	8
1 8	45
1 11	12
1 12	3
1 15	10
1 21	43
1 22	21
1 25	17
1 26	27
1 27	24
1 28	39
1 29	14
1 34	13
1 37	6
1 43	44
1 47	20
2 0	47
2 2	35
2 3	23
2 4	6
2 8	3
2 9	10
2 10	18
2 12	46
2 14	34
2 15	22
2 17	49
2 19	44
2 20	0
2 23	11
2 24	12
2 25	16
2 27	26
2 31	43
2 32	40
2 35	1
2 38	28
2 41	32
2 43	24
2 44	19
2 46	2
2 47	9
2 48	38
2 49	5
3 0	46
3 2	25
3 3	7
3 4	1
3 5	36
3 8	14
3 11	27
3 13	10
3 16	35
3 17	0
3 20	39
3 26	26
3 29	21
3 33	28
3 35	40
3 39	17
3 40	44
3 44	34
3 45	12
3 46	47
3 49	48
4 4	36
4 10	11
4 11	39
4 14	15
4 17	40
4 26	32
4 28	35
4 30	3
4 34	22
4 35	42
4 37	44
4 38	23
4 39	0
4 40	31
4 41	29
4 43	12
4 46	38
4 48	49
5 1	13
5 3	36
5 5	8
5 9	29
5 11	4
5 12	15
5 14	6
5 15	38
5 16	47
5 21	22
5 29	49
5 35	46
5 37	34
5 39	14
5 42	11
5 46	35
5 49	30
6 0	16
6 4	25
6 5	42
6 6	8
6 8	0
6 13	49
6 14	9
6 16	13
6 17	19
6 22	11
6 27	27
6 29	43
6 30	32
6 32	33
6 33	44
6 34	29
6 36	24
6 41	23
6 42	34
6 47	12
6 48	20
7 5	6
7 7	34
7 8	13
7 9	24
7 17	2
7 19	35
7 21	20
7 23	48
7 25	42
7 29	15
7 33	49
7 37	7
7 45	3
7 46	4
7 47	27
8 0	39
8 4	9
8 5	32
8 6	1
8 8	27
8 9	15
8 11	24
8 12	36
8 15	18
8 16	8
8 17	25
8 18	42
8 20	26
8 23	22
8 24	2
8 27	20
8 29	28
8 30	35
8 31	41
8 36	33
8 39	12
8 40	49
8 41	16
8 44	17
9 4	37
9 6	35
9 12	41
9 14	45
9 15	14
9 16	0
9 19	9
9 27	19
9 29	24
9 30	23
9 33	39
9 34	46
9 37	3
9 42	6
9 45	1
9 46	25
10 1	3
10 2	46
10 3	28
10 4	43
10 7	11
10 8	39
10 10	9
10 11	8
10 13	31
10 14	10
10 16	23
10 17	5
10 19	7
10 23	14
10 25	45
10 26	25
10 27	15
10 28	16
10 31	21
10 32	41
10 34	44
10 39	40
10 45	19
10 47	30
11 0	3
11 3	10
11 7	35
11 10	7
11 13	41
11 15	9
11 16	32
11 18	36
11 22	13
11 23	16
11 25	33
11 26	18
11 31	28
11 33	31
11 34	17
11 35	48
11 36	27
11 37	49
11 41	5
11 42	19
11 43	26
11 44	15
11 46	6
11 47	42
11 48	1
11 49	43
12 0	21
12 2	17
12 6	31
12 7	15
12 12	23
12 13	14
12 14	27
12 15	7
12 17	47
12 23	20
12 24	10
12 25	8
12 26	2
12 27	9
12 28	22
12 34	3
12 35	34
12 38	42
12 40	38
12 41	33
12 48	12
13 3	40
13 5	16
13 6	4
13 9	45
13 10	23
13 12	31
13 14	42
13 16	26
13 19	10
13 20	18
13 22	48
13 23	25
13 24	35
13 34	38
13 35	17
13 38	47
13 40	34
13 41	39
13 43	7
13 45	32
14 0	1
14 1	28
14 2	43
14 4	40
14 5	35
14 7	45
14 9	47
14 11	25
14 12	26
14 14	37
14 15	49
14 16	2
14 17	18
14 22	31
14 24	33
14 27	23
14 29	12
14 33	22
14 35	16
14 37	27
14 39	38
14 40	8
14 42	4
14 44	11
14 47	3
15 0	24
15 1	29
15 3	46
15 9	44
15 11	38
15 12	39
15 13	35
15 15	21
15 17	30
15 18	11
15 19	16
15 20	49
15 21	42
15 25	15
15 28	4
15 29	34
15 30	27
15 38	20
15 40	1
15 41	2
15 43	40
15 45	25
15 46	7
15 48	43
16 1	18
16 4	39
16 5	17
16 7	1
16 9	30
16 10	2
16 12	37
16 14	48
16 17	11
16 19	46
16 22	14
16 24	44
16 26	35
16 28	40
16 36	10
16 40	41
16 45	43
16 48	47
16 49	8
17 0	7
17 7	40
17 8	25
17 9	4
17 10	3
17 11	44
17 13	37
17 15	36
17 16	15
17 20	47
17 22	45
17 26	28
17 32	32
17 33	24
17 35	11
17 37	16
17 41	46
17 44	41
17 47	13
17 48	9
17 49	38
18 5	11
18 8	32
18 9	31
18 10	40
18 13	0
18 14	38
18 23	4
18 24	46
18 26	23
18 27	49
18 28	26
18 32	10
18 33	42
18 45	28
18 47	16
19 7	38
19 15	40
19 18	8
19 19	15
19 22	18
19 26	7
19 28	48
19 29	4
19 34	0
19 35	6
19 38	10
19 39	43
19 40	23
19 42	22
19 43	33
19 44	16
19 45	11
19 48	42
19 49	45
20 0	36
20 1	9
20 2	5
20 7	13
20 9	8
20 10	43
20 11	34
20 14	47
20 16	44
20 18	38
20 19	4
20 23	12
20 24	1
20 26	41
20 27	28
20 29	33
20 30	49
20 34	26
20 37	48
20 38	6
20 42	32
20 43	0
20 47	24
21 2	8
21 3	43
21 4	26
21 5	46
21 8	44
21 11	19
21 20	28
21 23	23
21 24	20
21 25	25
21 30	29
21 33	6
21 34	32
21 38	27
21 39	21
21 47	33
21 48	34
22 0	17
22 2	29
22 4	19
22 6	45
22 7	28
22 9	48
22 12	11
22 14	30
22 15	20
22 18	44
22 20	22
22 21	9
22 22	25
22 25	46
22 26	16
22 27	43
22 29	37
22 31	4
22 32	24
22 36	2
22 37	42
22 38	39
22 43	14
22 44	8
22 47	47
22 49	34
23 14	22
23 16	11
23 20	23
23 21	13
23 24	3
23 26	8
23 28	33
23 32	6
23 37	0
23 38	38
23 40	32
23 41	17
23 42	48
23 43	41
23 47	25
24 2	48
24 4	33
24 7	26
24 9	36
24 17	37
24 19	2
24 22	22
24 26	17
24 27	41
24 31	29
24 33	40
24 34	31
24 38	18
24 41	20
24 42	8
24 47	23
24 48	3
25 1	45
25 5	49
25 7	39
25 10	41
25 12	25
25 14	32
25 19	12
25 22	19
25 25	22
25 29	40
25 33	8
25 40	5
25 43	20
25 45	7
25 49	3
26 0	9
26 1	16
26 3	25
26 6	27
26 7	0
26 8	35
26 9	28
26 12	17
26 14	29
26 18	48
26 19	14
26 24	24
26 27	8
26 28	36
26 30	2
26 31	26
26 33	11
26 37	22
26 40	47
26 41	49
26 42	33
26 43	6
26 44	5
26 45	4
26 49	19
27 0	18
27 3	26
27 5	39
27 9	20
27 10	1
27 17	3
27 20	46
27 21	48
27 24	5
27 25	14
27 26	34
27 27	11
27 29	23
27 37	24
27 38	21
27 40	43
27 42	44
27 44	47
27 45	17
27 46	27
27 48	37
27 49	9
28 0	25
28 3	0
28 11	28
28 12	12
28 14	2
28 15	1
28 16	3
28 19	48
28 20	15
28 21	19
28 23	45
28 26	24
28 28	10
28 29	9
28 30	16
28 31	13
28 36	42
28 40	27
28 46	37
28 47	21
28 49	7
29 3	39
29 4	49
29 12	20
29 13	12
29 15	8
29 17	26
29 19	38
29 21	16
29 22	43
29 27	2
29 32	31
29 37	11
29 40	45
29 42	15
29 48	7
30 1	10
30 2	30
30 4	24
30 6	28
30 12	6
30 20	11
30 22	37
30 23	18
30 24	49
30 25	23
30 30	25
30 34	20
30 35	39
30 38	1
30 41	34
30 43	35
30 44	27
30 45	33
30 46	0
30 47	26
30 48	40
31 0	10
31 3	31
31 4	12
31 8	1
31 11	37
31 12	5
31 15	4
31 16	33
31 18	19
31 19	43
31 21	14
31 27	46
31 28	47
31 29	16
31 31	44
31 32	45
31 34	41
31 36	25
31 38	2
31 45	26
31 46	8
31 47	36
31 48	11
31 49	32
32 0	11
32 2	3
32 3	22
32 4	18
32 6	6
32 7	42
32 8	48
32 10	26
32 14	7
32 16	36
32 21	37
32 23	15
32 25	34
32 26	29
32 35	2
32 38	49
32 40	35
32 41	12
32 43	5
32 45	10
32 48	4
32 49	47
33 14	36
33 15	42
33 22	38
33 23	26
33 24	23
33 27	47
33 37	10
33 40	39
33 41	37
33 44	32
33 45	46
33 48	13
34 0	0
34 1	49
34 3	16
34 6	25
34 8	9
34 10	22
34 12	42
34 14	19
34 17	39
34 18	33
34 20	40
34 23	6
34 27	32
34 28	1
34 31	30
34 32	34
34 36	5
34 37	36
34 40	37
34 44	12
34 45	47
34 47	48
34 48	2
34 49	41
35 1	14
35 4	4
35 6	34
35 7	21
35 8	37
35 9	49
35 10	45
35 12	38
35 13	48
35 19	33
35 22	40
35 26	36
35 28	25
35 36	20
35 37	26
35 38	19
35 40	30
35 43	22
35 44	31
35 49	1
36 1	31
36 7	49
36 9	3
36 10	25
36 11	11
36 14	1
36 15	6
36 16	28
36 17	16
36 18	26
36 19	32
36 27	42
36 30	22
36 32	8
36 34	15
36 38	43
36 39	7
36 44	45
36 46	44
36 49	18
37 0	30
37 3	19
37 5	23
37 7	10
37 10	36
37 12	8
37 16	6
37 18	37
37 19	49
37 20	1
37 21	4
37 22	26
37 23	9
37 24	0
37 25	5
37 27	3
37 29	27
37 35	44
37 37	29
37 38	25
37 39	45
37 44	46
37 45	34
37 46	15
38 1	37
38 3	41
38 7	12
38 8	8
38 9	42
38 14	26
38 18	22
38 19	39
38 23	33
38 27	18
38 33	23
38 38	44
38 39	36
38 42	30
38 43	15
38 44	38
39 1	25
39 2	39
39 5	48
39 6	7
39 8	23
39 12	0
39 14	11
39 16	22
39 17	10
39 19	5
39 22	44
39 28	29
39 31	18
39 32	36
39 33	16
39 35	38
39 37	43
39 38	12
39 40	33
39 43	1
39 47	46
40 0	35
40 1	40
40 2	38
40 4	3
40 5	29
40 7	17
40 10	8
40 11	49
40 12	1
40 15	11
40 16	10
40 17	45
40 23	30
40 25	48
40 32	43
40 39	19
40 45	14
40 46	26
40 47	2
41 0	8
41 1	15
41 2	1
41 5	37
41 9	33
41 15	19
41 16	40
41 18	5
41 20	27
41 21	21
41 25	41
41 29	6
41 33	0
41 36	38
41 38	24
41 41	26
41 42	10
41 44	29
41 47	28
41 48	36
42 1	21
42 2	11
42 4	32
42 7	16
42 8	2
42 10	31
42 12	18
42 16	48
42 17	43
42 18	14
42 19	34
42 21	28
42 23	39
42 27	12
42 28	49
42 29	45
42 31	38
42 32	25
42 36	47
42 37	41
42 38	13
42 42	9
42 43	37
42 48	6
43 3	2
43 5	3
43 9	41
43 12	35
43 14	4
43 18	18
43 21	39
43 23	1
43 31	40
43 33	17
43 34	28
43 36	43
43 39	27
43 44	9
43 46	45
43 47	15
43 48	44
44 0	43
44 2	27
44 3	45
44 7	37
44 10	46
44 11	9
44 12	14
44 14	35
44 15	33
44 23	49
44 29	8
44 34	4
44 35	12
44 36	0
44 40	24
44 46	13
45 8	29
45 14	41
45 19	21
45 20	45
45 22	16
45 23	36
45 27	48
45 28	23
45 32	18
45 33	37
45 37	19
45 38	11
45 43	49
45 45	31
45 47	35
45 49	13
46 0	31
46 5	4
46 13	44
46 17	28
46 18	17
46 20	48
46 27	33
46 28	41
46 29	7
46 30	18
46 32	15
46 39	30
46 40	36
46 43	47
47 1	8
47 2	15
47 4	34
47 9	11
47 11	48
47 12	32
47 15	30
47 18	31
47 19	17
47 25	27
47 31	22
47 32	26
47 34	14
47 38	4
47 45	24
48 0	4
48 2	33
48 7	41
48 9	43
48 12	28
48 14	49
48 15	47
48 17	1
48 19	37
48 21	11
48 25	3
48 29	35
48 32	9
48 34	23
48 36	45
48 39	32
48 41	8
48 42	39
48 43	19
48 45	44
48 47	22
48 49	2
49 0	28
49 1	27
49 2	37
49 5	21
49 7	29
49 13	5
49 14	20
49 24	16
49 26	12
49 27	14
49 29	11
49 30	26
49 33	35
49 34	1
49 37	25
49 38	45
49 39	2
49 42	7
49 48	48
