50
0 0	41
0 1	20
0 10	17
0 13	2
0 15	37
0 23	29
0 35	25
0 39	12
0 44	18
0 46	42
0 47	13
0 48	45
1 1	23
1 2	36
1 4	35
1 5	16
1 6	13
1 8	11
1 9	9
1 12	15
1 13	46
1 14	27
1 17	41
1 18	22
1 22	29
1 24	28
1 26	40
1 28	31
1 32	42
1 37	18
1 40	26
1 43	19
1 47	25
2 2	0
2 3	11
2 4	31
2 10	33
2 23	5
2 24	13
2 27	49
2 29	29
2 30	3
2 31	32
2 32	1
2 34	26
2 35	6
2 36	12
2 47	10
2 48	36
2 49	17
3 1	42
3 5	36
3 8	19
3 11	41
3 14	10
3 15	34
3 19	46
3 23	35
3 25	21
3 32	29
3 33	17
3 39	4
3 41	13
3 45	45
3 47	15
4 5	28
4 6	18
4 8	10
4 19	9
4 28	34
4 29	46
4 36	22
4 37	19
4 38	44
4 39	11
4 40	29
4 41	32
4 45	2
5 1	13
5 3	37
5 4	32
5 6	25
5 8	43
5 9	26
5 14	21
5 15	19
5 19	30
5 20	0
5 22	46
5 25	5
5 27	10
5 34	29
5 40	4
5 45	16
5 46	20
5 47	12
5 48	42
6 5	26
6 12	7
6 14	35
6 15	0
6 19	31
6 22	16
6 28	8
6 35	38
6 36	40
6 37	29
6 38	21
6 40	3
6 45	5
7 4	13
7 9	6
7 10	2
7 11	48
7 12	36
7 14	28
7 22	31
7 26	30
7 27	46
7 28	10
7 33	5
7 37	12
7 38	19
7 41	8
7 45	39
8 2	26
8 9	12
8 14	29
8 15	16
8 21	27
8 22	1
8 23	6
8 31	36
8 35	46
8 37	43
8 48	9
8 49	15
9 0	15
9 1	4
9 12	12
9 14	17
9 16	25
9 22	5
9 25	33
9 26	37
9 28	45
9 29	8
9 31	41
9 32	44
9 34	36
9 38	13
9 39	47
9 43	2
9 44	32
9 45	11
9 46	9
10 1	49
10 7	7
10 9	35
10 11	17
10 14	42
10 15	5
10 18	10
10 21	33
10 26	18
10 30	15
10 32	13
10 36	45
10 39	21
10 47	24
11 0	22
11 2	33
11 7	44
11 8	39
11 9	14
11 11	32
11 14	23
11 18	27
11 25	8
11 27	28
11 29	37
11 30	49
11 31	18
11 35	34
11 40	46
11 45	13
11 46	16
12 2	12
12 7	28
12 9	17
12 10	26
12 13	49
12 14	4
12 16	1
12 19	16
12 22	44
12 28	47
12 33	19
12 37	36
12 39	34
12 41	14
12 42	10
12 43	39
12 49	30
13 4	3
13 7	41
13 11	39
13 14	11
13 15	15
13 17	9
13 18	18
13 23	20
13 25	34
13 28	48
13 33	35
13 41	33
13 44	40
13 46	6
13 49	19
14 5	8
14 6	27
14 9	16
14 10	46
14 17	35
14 18	48
14 21	12
14 26	39
14 29	22
14 35	18
14 39	36
14 44	29
14 46	26
14 48	5
15 2	13
15 12	33
15 14	15
15 16	12
15 19	29
15 20	19
15 24	2
15 25	17
15 27	39
15 31	10
15 40	40
15 43	28
15 44	46
15 45	7
16 3	43
16 7	37
16 10	8
16 17	44
16 18	39
16 20	14
16 21	15
16 25	40
16 27	3
16 28	7
16 30	19
16 31	46
16 36	16
16 41	0
17 1	24
17 8	22
17 9	4
17 10	16
17 11	1
17 19	36
17 21	29
17 23	23
17 25	43
17 42	20
17 43	32
17 46	7
17 49	18
18 3	35
18 5	27
18 11	30
18 12	21
18 13	41
18 18	29
18 23	11
18 24	32
18 25	15
18 29	24
18 30	48
18 31	8
18 35	16
18 40	1
18 41	46
18 42	18
18 45	10
18 49	3
19 1	40
19 3	0
19 11	28
19 14	3
19 16	36
19 17	47
19 22	25
19 23	8
19 27	48
19 31	37
19 32	38
19 33	16
19 34	1
19 35	2
19 36	32
19 37	14
19 46	11
19 48	21
20 0	39
20 4	4
20 11	47
20 22	42
20 27	21
20 28	35
20 30	41
20 32	36
20 38	9
20 39	14
20 40	44
20 41	20
20 46	3
21 1	14
21 14	2
21 17	45
21 19	28
21 21	17
21 22	15
21 23	49
21 32	48
21 39	13
21 44	10
21 45	30
21 48	40
22 12	2
22 13	27
22 16	23
22 17	48
22 19	4
22 20	18
22 24	7
22 25	41
22 26	25
22 28	12
22 29	28
22 30	26
22 31	47
22 39	1
23 0	7
23 1	17
23 5	38
23 10	40
23 11	20
23 13	19
23 19	25
23 22	37
23 23	26
23 33	0
23 34	45
23 40	23
23 41	16
23 45	21
23 48	2
24 2	39
24 5	12
24 6	30
24 8	29
24 10	1
24 17	49
24 18	26
24 22	32
24 27	0
24 33	40
24 36	5
24 38	20
24 39	31
24 40	42
24 42	43
25 2	1
25 6	31
25 7	12
25 9	7
25 10	13
25 12	22
25 14	38
25 17	18
25 19	42
25 22	24
25 23	9
25 28	23
25 44	5
26 1	2
26 3	24
26 7	3
26 8	36
26 9	42
26 15	27
26 16	17
26 21	46
26 23	13
26 27	32
26 28	49
26 33	29
26 36	39
26 45	26
27 5	29
27 7	46
27 15	35
27 26	22
27 27	1
27 28	38
27 29	9
27 32	5
27 33	24
27 37	32
27 38	3
27 41	11
27 43	4
27 44	17
27 46	12
27 47	47
28 3	5
28 4	42
28 5	21
28 8	45
28 9	36
28 10	19
28 11	18
28 13	28
28 14	44
28 22	13
28 26	17
28 31	40
28 33	20
28 34	35
28 38	31
28 40	12
28 45	3
28 46	39
28 49	2
29 0	9
29 2	24
29 4	19
29 5	40
29 16	7
29 18	2
29 20	47
29 22	49
29 27	38
29 29	36
29 30	21
29 31	6
29 34	0
29 36	17
29 39	29
29 44	26
29 47	11
30 3	8
30 12	27
30 16	47
30 18	42
30 23	48
30 25	14
30 27	30
30 30	24
30 33	4
30 41	23
30 43	45
30 44	43
30 46	33
30 48	13
31 0	32
31 3	28
31 5	3
31 14	7
31 15	43
31 17	37
31 21	39
31 29	40
31 31	27
31 37	1
31 38	14
31 45	42
31 47	9
31 49	49
32 10	25
32 11	42
32 15	24
32 21	44
32 25	36
32 27	27
32 33	23
32 38	8
32 39	18
32 40	7
32 42	9
32 44	37
32 47	2
33 0	28
33 2	19
33 4	10
33 5	1
33 7	17
33 10	47
33 16	22
33 17	29
33 26	20
33 30	35
33 36	9
33 41	3
33 47	21
33 48	31
34 0	16
34 5	11
34 8	38
34 9	40
34 10	48
34 11	0
34 12	39
34 13	47
34 21	1
34 22	3
34 24	18
34 36	2
34 42	32
34 45	41
34 46	35
34 47	5
34 49	24
35 0	43
35 1	1
35 5	5
35 8	41
35 15	38
35 16	30
35 18	12
35 19	6
35 26	9
35 27	18
35 30	34
35 31	23
35 32	31
35 34	11
35 37	49
35 39	32
36 2	21
36 10	28
36 12	23
36 15	47
36 16	31
36 22	0
36 23	22
36 28	6
36 31	29
36 40	10
36 44	13
36 48	11
37 2	35
37 3	25
37 4	9
37 7	43
37 12	8
37 23	38
37 25	31
37 31	3
37 32	0
37 35	5
37 37	40
37 40	47
37 42	22
37 44	12
37 46	21
38 3	30
38 8	20
38 11	8
38 15	33
38 16	13
38 17	34
38 20	48
38 21	41
38 25	10
38 27	22
38 29	21
38 32	16
38 33	49
38 37	46
38 38	27
38 39	43
38 47	7
38 48	26
39 5	23
39 8	9
39 20	46
39 23	43
39 24	5
39 30	28
39 33	6
39 37	39
39 40	30
39 47	29
40 1	47
40 4	29
40 11	16
40 13	26
40 14	33
40 15	25
40 20	1
40 24	23
40 26	36
40 27	20
40 31	44
40 32	3
40 33	41
40 35	10
40 42	34
40 48	7
41 5	33
41 9	49
41 12	45
41 13	10
41 15	40
41 18	1
41 24	43
41 25	32
41 33	36
41 34	30
41 36	11
41 46	27
41 48	41
41 49	5
42 1	29
42 4	22
42 7	1
42 10	37
42 14	5
42 15	39
42 18	13
42 22	28
42 29	14
42 30	27
42 32	32
42 34	4
42 39	40
42 42	16
42 44	19
42 45	44
42 49	36
43 2	45
43 3	17
43 4	39
43 6	3
43 8	30
43 10	35
43 12	28
43 17	12
43 22	40
43 25	48
43 29	27
43 31	1
43 33	18
43 34	34
43 35	4
43 38	47
43 41	37
43 44	49
44 0	45
44 7	30
44 10	31
44 13	48
44 14	34
44 16	19
44 19	14
44 20	8
44 21	9
44 22	12
44 30	6
44 34	47
44 36	42
44 42	38
44 46	18
44 47	37
45 13	3
45 14	18
45 15	32
45 16	21
45 17	17
45 29	26
45 30	11
45 34	12
45 36	36
45 42	44
46 5	2
46 6	19
46 10	42
46 12	26
46 15	45
46 16	29
46 19	13
46 21	10
46 25	28
46 33	34
46 36	0
46 39	24
46 49	20
47 0	12
47 2	48
47 4	46
47 5	10
47 7	11
47 15	17
47 19	24
47 23	2
47 24	41
47 27	45
47 31	21
47 34	31
47 36	8
47 39	9
47 40	18
47 42	1
47 43	35
47 45	47
47 46	23
47 47	34
48 1	48
48 4	20
48 17	13
48 22	10
48 28	41
48 30	37
48 32	27
48 35	49
48 42	35
49 4	14
49 5	47
49 10	29
49 12	13
49 13	4
49 14	26
49 19	17
49 23	27
49 27	35
49 28	3
49 30	0
49 35	9
49 42	41
49 44	1
49 45	22
49 49	28
