50
0 1	18
0 3	4
0 4	1
0 5	10
0 8	7
0 9	12
0 10	6
0 11	11
0 12	45
0 13	17
0 14	27
0 15	21
0 16	19
0 17	38
0 18	41
0 19	33
0 20	30
0 21	49
0 22	26
0 23	16
0 24	39
0 26	22
0 27	48
0 28	37
0 29	3
0 30	35
0 31	43
0 33	23
0 34	44
0 38	46
0 39	31
0 40	34
0 41	15
0 42	40
0 43	20
0 44	8
0 45	2
0 47	9
0 48	29
0 49	28
1 1	15
1 2	5
1 3	25
1 4	44
1 5	32
1 6	45
1 7	28
1 8	9
1 10	31
1 11	47
1 12	3
1 13	2
1 15	23
1 16	34
1 17	33
1 18	19
1 19	16
1 21	26
1 22	6
1 23	38
1 24	1
1 25	10
1 26	12
1 27	14
1 28	30
1 30	22
1 31	41
1 32	13
1 35	36
1 36	11
1 37	7
1 38	20
1 39	18
1 40	48
1 41	0
1 42	27
1 43	43
1 44	37
1 45	8
1 46	4
1 47	39
1 48	40
2 0	47
2 1	1
2 2	29
2 3	19
2 4	48
2 5	40
2 7	17
2 9	4
2 10	26
2 11	49
2 13	30
2 14	12
2 15	43
2 16	46
2 17	41
2 18	31
2 19	28
2 20	39
2 21	6
2 22	10
2 24	14
2 25	7
2 26	42
2 27	8
2 28	25
2 29	37
2 30	34
2 32	27
2 33	0
2 34	16
2 35	20
2 36	24
2 37	38
2 41	32
2 42	9
2 43	11
2 44	21
2 45	35
2 46	3
2 47	22
2 49	18
3 0	28
3 1	12
3 3	47
3 4	42
3 5	21
3 6	37
3 9	39
3 10	9
3 11	35
3 12	7
3 13	20
3 14	11
3 15	31
3 16	38
3 17	16
3 18	30
3 19	24
3 20	3
3 21	27
3 22	36
3 23	26
3 25	46
3 26	40
3 27	22
3 28	0
3 29	6
3 30	19
3 31	23
3 32	49
3 33	25
3 34	43
3 35	48
3 36	8
3 37	18
3 38	45
3 39	1
3 40	29
3 41	4
3 42	34
3 43	14
3 45	15
3 46	5
3 47	17
3 48	2
3 49	13
4 0	46
4 1	42
4 2	27
4 3	14
4 4	8
4 5	4
4 6	20
4 7	40
4 8	18
4 9	31
4 10	36
4 11	30
4 14	23
4 15	2
4 16	25
4 17	1
4 18	33
4 19	35
4 20	7
4 21	41
4 22	37
4 23	48
4 25	13
4 27	24
4 28	34
4 29	47
4 30	12
4 31	3
4 32	38
4 35	28
4 36	6
4 37	21
4 38	17
4 39	16
4 40	10
4 42	49
4 43	44
4 45	22
4 46	11
4 47	26
4 48	0
5 0	2
5 2	28
5 3	13
5 5	42
5 8	15
5 9	45
5 10	43
5 11	16
5 12	32
5 13	10
5 14	29
5 15	19
5 19	41
5 20	33
5 21	0
5 23	39
5 24	38
5 25	34
5 26	44
5 27	25
5 28	40
5 30	36
5 31	47
5 32	24
5 33	4
5 34	8
5 35	12
5 37	1
5 38	14
5 39	11
5 41	35
5 42	7
5 43	48
5 44	31
5 45	20
5 46	37
5 47	30
5 48	3
5 49	22
6 0	23
6 3	32
6 9	36
6 11	3
6 12	25
6 13	39
6 14	28
6 15	11
6 17	4
6 18	6
6 19	12
6 20	46
6 23	31
6 24	34
6 25	17
6 27	19
6 28	38
6 29	1
6 30	48
6 31	40
6 33	30
6 34	37
6 35	0
6 36	43
6 38	13
6 39	21
6 41	8
6 43	9
6 44	41
6 45	24
6 46	10
6 47	29
6 49	5
7 0	34
7 1	0
7 2	11
7 3	33
7 5	18
7 6	27
7 8	21
7 10	49
7 11	26
7 14	5
7 15	12
7 16	30
7 17	28
7 18	48
7 22	2
7 24	9
7 26	38
7 27	23
7 28	13
7 29	46
7 30	42
7 31	7
7 32	40
7 33	44
7 34	32
7 35	25
7 36	16
7 39	10
7 40	43
7 41	31
7 43	29
7 45	3
7 46	35
7 47	15
7 48	37
7 49	41
8 2	13
8 3	21
8 4	40
8 5	27
8 6	25
8 7	20
8 9	7
8 10	41
8 11	22
8 12	11
8 13	28
8 14	24
8 16	16
8 17	45
8 18	39
8 19	6
8 20	47
8 21	37
8 22	35
8 23	34
8 24	4
8 25	43
8 27	36
8 29	38
8 30	8
8 32	18
8 33	42
8 34	49
8 35	17
8 36	48
8 37	14
8 38	2
8 39	5
8 41	12
8 43	3
8 44	32
8 45	23
8 46	19
8 47	44
8 48	31
9 1	6
9 2	41
9 3	7
9 4	23
9 5	8
9 6	26
9 8	25
9 11	46
9 13	34
9 15	28
9 16	40
9 17	24
9 21	15
9 23	37
9 24	19
9 25	39
9 26	3
9 27	12
9 31	5
9 32	22
9 33	16
9 34	11
9 35	49
9 36	4
9 37	2
9 38	9
9 39	27
9 40	33
9 41	38
9 42	36
9 43	18
9 44	10
9 45	14
9 46	13
9 48	32
10 0	38
10 1	3
10 2	44
10 3	46
10 4	34
10 5	11
10 7	6
10 8	8
10 10	14
10 11	21
10 12	4
10 14	0
10 15	22
10 16	12
10 17	27
10 18	47
10 19	36
10 20	31
10 21	7
10 22	23
10 23	15
10 24	5
10 25	20
10 26	9
10 29	18
10 30	10
10 31	16
10 33	13
10 35	1
10 36	32
10 37	17
10 38	24
10 39	30
10 40	35
10 41	19
10 42	37
10 44	28
10 45	40
10 46	29
10 47	48
10 48	39
10 49	49
11 0	33
11 2	9
11 3	22
11 6	49
11 7	13
11 8	37
11 9	16
11 10	7
11 11	36
11 12	12
11 13	24
11 15	32
11 16	48
11 17	10
11 19	1
11 20	23
11 21	46
11 23	43
11 24	8
11 27	38
11 28	11
11 29	17
11 31	35
11 32	6
11 33	28
11 34	40
11 35	18
11 36	34
11 37	45
11 38	39
11 39	41
11 40	3
11 42	47
11 43	31
11 45	0
11 46	44
11 47	14
11 48	5
11 49	2
12 1	19
12 2	34
12 3	37
12 4	2
12 7	24
12 8	5
12 9	38
12 10	39
12 11	25
12 12	14
12 13	31
12 14	18
12 15	36
12 17	32
12 18	9
12 19	47
12 20	41
12 21	40
12 22	1
12 26	11
12 27	49
12 28	22
12 30	17
12 32	29
12 33	20
12 35	27
12 36	12
12 37	28
12 39	26
12 40	30
12 41	45
12 42	44
12 43	21
12 46	23
12 47	6
12 48	16
13 0	29
13 1	45
13 2	18
13 3	48
13 4	22
13 6	21
13 7	9
13 8	32
13 9	28
13 11	44
13 12	19
13 13	46
13 14	31
13 15	37
13 16	17
13 17	15
13 18	3
13 19	39
13 20	40
13 21	25
13 22	42
13 23	24
13 24	30
13 25	33
13 26	26
13 27	10
13 29	8
13 30	0
13 31	27
13 32	11
13 33	49
13 34	4
13 35	41
13 36	7
13 37	20
13 38	6
13 39	14
13 40	5
13 43	35
13 44	47
13 45	38
13 46	16
13 48	1
13 49	36
14 1	39
14 2	36
14 3	29
14 4	16
14 6	41
14 8	0
14 9	47
14 10	10
14 11	13
14 12	28
14 13	38
14 14	17
14 16	44
14 17	34
14 18	37
14 19	42
14 21	4
14 22	31
14 23	3
14 24	43
14 25	26
14 26	35
14 29	40
14 34	14
14 35	23
14 36	25
14 38	19
14 39	48
14 40	32
14 41	1
14 42	22
14 43	15
14 46	45
14 47	12
15 0	12
15 1	37
15 2	7
15 4	9
15 5	23
15 7	39
15 8	17
15 9	26
15 10	22
15 11	0
15 13	15
15 14	19
15 15	25
15 16	32
15 17	2
15 18	13
15 19	38
15 20	49
15 21	5
15 22	27
15 23	1
15 24	48
15 25	36
15 28	14
15 29	42
15 30	47
15 32	35
15 33	11
15 34	46
15 35	30
15 37	44
15 38	40
15 39	3
15 44	43
15 45	6
15 47	4
15 48	21
16 0	20
16 1	22
16 2	1
16 3	17
16 4	11
16 5	33
16 6	48
16 7	8
16 8	14
16 11	32
16 13	27
16 14	38
16 15	24
16 17	31
16 18	25
16 20	37
16 21	45
16 22	9
16 23	18
16 24	13
16 25	40
16 26	36
16 28	15
16 29	12
16 30	5
16 32	16
16 33	39
16 34	7
16 35	19
16 36	23
16 37	34
16 38	4
16 39	2
16 40	44
16 42	29
16 44	35
16 45	10
16 46	0
16 47	41
16 49	30
17 0	6
17 2	31
17 4	12
17 5	28
17 6	17
17 7	38
17 8	39
17 9	30
17 10	16
17 11	23
17 12	0
17 15	20
17 16	15
17 17	26
17 18	43
17 20	13
17 21	48
17 22	5
17 23	11
17 24	21
17 26	8
17 27	44
17 28	29
17 29	4
17 30	40
17 31	42
17 32	34
17 33	36
17 34	24
17 35	14
17 36	35
17 37	9
17 39	25
17 40	2
17 41	37
17 42	18
17 43	33
17 44	3
17 45	32
17 46	46
17 47	19
17 48	47
18 0	26
18 1	4
18 2	39
18 3	41
18 4	36
18 5	43
18 7	11
18 8	44
18 9	14
18 10	20
18 12	34
18 13	25
18 14	8
18 15	7
18 16	22
18 18	1
18 19	13
18 20	38
18 21	19
18 22	0
18 23	47
18 24	16
18 25	49
18 26	30
18 27	18
18 28	21
18 29	5
18 30	46
18 31	2
18 32	28
18 33	15
18 34	6
18 35	35
18 36	31
18 37	12
18 38	3
18 39	45
18 41	9
18 42	48
18 43	40
18 44	23
18 45	37
18 46	24
18 47	33
18 48	27
18 49	17
19 3	31
19 4	29
19 5	20
19 6	33
19 7	22
19 8	1
19 10	34
19 11	9
19 12	27
19 13	32
19 14	39
19 16	36
19 17	30
19 18	12
19 19	18
19 20	0
19 21	11
19 22	16
19 23	4
19 25	15
19 26	37
19 27	5
19 28	8
19 29	41
19 30	7
19 31	48
19 32	43
19 34	2
19 35	38
19 36	13
19 37	3
19 38	42
19 39	23
19 41	28
19 42	46
19 43	17
19 44	19
19 45	45
19 46	40
19 47	21
19 48	14
19 49	6
20 0	24
20 2	42
20 3	1
20 4	17
20 6	14
20 7	18
20 8	47
20 11	19
20 12	8
20 13	23
20 14	21
20 15	40
20 16	4
20 17	48
20 18	27
20 19	0
20 20	25
20 21	35
20 23	41
20 24	6
20 25	11
20 26	31
20 27	30
20 28	28
20 29	44
20 30	2
20 31	34
20 34	38
20 35	7
20 36	20
20 37	10
20 38	36
20 40	16
20 41	46
20 42	43
20 43	12
20 45	5
20 47	49
20 48	45
20 49	9
21 0	16
21 2	25
21 3	6
21 4	47
21 5	0
21 7	3
21 8	45
21 9	18
21 11	42
21 12	13
21 13	5
21 14	15
21 15	30
21 16	26
21 17	43
21 18	46
21 19	21
21 20	32
21 21	29
21 24	23
21 25	48
21 26	49
21 27	28
21 28	19
21 29	20
21 31	1
21 32	14
21 33	38
21 34	41
21 35	4
21 36	33
21 37	22
21 39	7
21 40	12
21 41	34
21 42	11
21 44	2
21 45	17
21 46	31
21 47	27
21 48	10
21 49	35
22 0	31
22 1	33
22 3	27
22 4	38
22 6	16
22 8	3
22 9	22
22 10	32
22 11	43
22 12	20
22 13	40
22 14	6
22 15	4
22 17	14
22 18	34
22 19	11
22 20	42
22 22	12
22 25	2
22 26	0
22 27	45
22 28	44
22 29	29
22 30	18
22 31	10
22 33	17
22 34	47
22 35	39
22 37	13
22 38	23
22 39	46
22 40	37
22 41	5
22 42	19
22 43	7
22 44	1
22 45	49
22 46	30
22 47	36
22 48	41
22 49	8
23 0	19
23 1	9
23 2	3
23 3	28
23 4	41
23 5	46
23 6	44
23 7	31
23 8	48
23 9	2
23 10	27
23 11	24
23 12	1
23 13	42
23 14	36
23 16	18
23 17	47
23 18	40
23 20	5
23 21	43
23 22	39
23 23	6
23 25	37
23 26	23
23 27	32
23 28	20
23 29	22
23 30	14
23 31	4
23 32	15
23 33	12
23 34	35
23 36	29
23 37	49
23 38	30
23 39	34
23 40	8
23 41	11
23 42	17
23 43	16
23 44	13
23 45	33
23 47	0
23 48	25
23 49	38
24 0	3
24 1	31
24 2	23
24 3	26
24 4	20
24 6	1
24 7	21
24 8	29
24 9	40
24 12	17
24 13	7
24 14	33
24 15	42
24 16	2
24 18	0
24 19	49
24 20	48
24 21	34
24 22	4
24 23	14
24 24	18
24 25	24
24 26	10
24 27	43
24 28	41
24 29	39
24 30	9
24 31	12
24 32	5
24 33	8
24 35	47
24 37	27
24 38	37
24 39	13
24 41	25
24 42	45
24 43	46
24 44	30
24 45	44
24 47	32
24 49	16
25 0	42
25 1	44
25 2	24
25 3	5
25 4	35
25 5	9
25 6	19
25 7	4
25 8	23
25 9	0
25 11	39
25 12	47
25 14	41
25 16	7
25 18	10
25 20	2
25 21	14
25 22	28
25 24	49
25 25	27
25 26	6
25 27	26
25 28	32
25 29	11
25 30	45
25 32	46
25 33	31
25 35	13
25 37	43
25 40	40
25 41	33
25 42	30
25 45	12
25 46	15
25 47	3
25 48	38
25 49	20
26 0	48
26 1	38
26 4	31
26 6	40
26 8	12
26 9	13
26 10	5
26 11	29
26 12	41
26 13	44
26 14	22
26 15	26
26 16	6
26 17	7
26 18	36
26 19	30
26 20	43
26 21	9
26 22	32
26 23	28
26 27	11
26 28	33
26 29	0
26 30	16
26 31	49
26 32	23
26 34	34
26 35	45
26 36	14
26 37	42
26 39	17
26 40	19
26 41	3
26 42	1
26 43	2
26 44	39
26 45	47
26 46	27
26 48	46
26 49	10
27 0	7
27 2	47
27 3	15
27 4	28
27 5	5
27 6	22
27 7	1
27 8	31
27 9	23
27 10	24
27 11	8
27 12	46
27 13	36
27 14	37
27 16	41
27 17	44
27 20	19
27 21	12
27 22	45
27 23	40
27 24	20
27 25	25
27 26	43
27 28	49
27 29	14
27 31	11
27 32	42
27 33	10
27 34	27
27 35	34
27 38	0
27 39	6
27 42	3
27 43	32
27 44	38
27 45	21
27 46	18
27 47	2
27 49	33
28 0	44
28 1	11
28 2	33
28 3	16
28 4	43
28 5	39
28 6	28
28 7	46
28 8	49
28 9	8
28 10	3
28 11	27
28 13	9
28 14	47
28 15	5
28 17	13
28 18	24
28 19	37
28 21	18
28 23	25
28 24	2
28 25	45
28 26	41
28 28	23
28 29	26
28 30	4
28 31	6
28 32	20
28 33	32
28 34	1
28 35	42
28 36	15
28 37	30
28 38	10
28 39	0
28 41	36
28 42	35
28 43	19
28 44	12
28 45	31
28 46	48
28 47	38
28 48	22
28 49	34
29 0	25
29 1	46
29 2	49
29 4	13
29 6	7
29 7	42
29 8	41
29 9	32
29 10	8
29 12	33
29 13	12
29 14	44
29 15	17
29 16	31
29 17	40
29 19	14
29 20	9
29 22	38
29 23	27
29 24	35
29 25	0
29 27	21
29 29	19
29 31	36
29 32	10
29 34	3
29 36	22
29 37	6
29 38	5
29 39	28
29 40	18
29 41	20
29 42	39
29 43	23
29 44	24
29 45	43
29 46	47
29 47	34
29 48	11
29 49	48
30 2	22
30 4	32
30 5	1
30 6	30
30 7	26
30 8	43
30 10	37
30 11	18
30 12	49
30 14	9
30 15	14
30 17	25
30 18	29
30 20	12
30 21	33
30 22	11
30 23	45
30 24	44
30 25	16
30 26	48
30 27	41
30 28	5
30 29	36
30 30	27
30 31	17
30 34	10
30 35	15
30 36	47
30 37	35
30 38	31
30 40	0
30 41	42
30 42	21
30 45	34
30 46	6
30 47	13
30 48	8
30 49	24
31 0	1
31 2	40
31 3	44
31 4	25
31 6	15
31 8	6
31 9	35
31 10	0
31 11	7
31 12	10
31 13	16
31 14	32
31 15	45
31 16	47
31 17	22
31 19	27
31 20	8
31 21	20
31 22	48
31 23	46
31 24	42
31 25	19
31 26	18
31 27	33
31 28	43
31 29	13
31 31	39
31 32	12
31 33	9
31 34	30
31 35	3
31 36	41
31 37	36
31 39	24
31 40	31
31 42	4
31 43	5
31 44	34
31 45	28
31 47	11
31 48	17
31 49	37
32 0	8
32 1	23
32 4	46
32 5	12
32 6	31
32 8	40
32 9	19
32 10	30
32 11	6
32 12	18
32 13	29
32 14	25
32 15	0
32 16	45
32 17	5
32 18	4
32 20	24
32 21	3
32 22	34
32 26	28
32 28	47
32 29	48
32 30	26
32 31	13
32 32	41
32 33	14
32 34	17
32 36	27
32 37	33
32 38	11
32 39	20
32 40	38
32 41	21
32 42	42
32 43	10
32 44	49
32 45	7
32 46	1
32 47	37
32 48	35
32 49	15
33 0	13
33 1	7
33 3	35
33 4	49
33 5	2
33 6	3
33 7	29
33 8	19
33 9	27
33 10	38
33 11	34
33 14	43
33 16	8
33 17	17
33 20	15
33 21	39
33 22	46
33 23	30
33 24	11
33 25	14
33 26	32
33 27	37
33 28	10
33 29	23
33 30	33
33 32	0
33 33	24
33 35	44
33 36	45
33 37	47
33 38	26
33 39	40
33 40	22
33 41	16
33 42	28
33 45	18
33 46	36
33 47	1
33 49	42
34 0	17
34 1	25
34 2	43
34 3	42
34 4	14
34 5	37
34 6	38
34 7	10
34 8	2
34 9	24
34 10	46
34 11	12
34 12	30
34 13	33
34 14	34
34 15	41
34 16	29
34 17	49
34 18	21
34 19	8
34 20	27
34 21	1
34 22	3
34 23	20
34 24	45
34 25	31
34 26	19
34 27	39
34 28	26
34 29	15
34 30	11
34 32	48
34 33	7
34 34	36
34 35	5
34 36	18
34 37	40
34 38	35
34 39	9
34 40	23
34 41	13
34 42	16
34 44	0
34 45	4
34 46	22
34 48	28
35 0	41
35 1	20
35 2	12
35 3	9
35 4	10
35 5	47
35 6	4
35 8	46
35 9	6
35 10	28
35 12	42
35 13	21
35 14	35
35 16	0
35 18	11
35 20	26
35 21	32
35 24	17
35 25	29
35 26	15
35 27	27
35 29	25
35 30	49
35 31	22
35 32	45
35 33	37
35 34	13
35 35	43
35 36	38
35 37	31
35 38	34
35 39	33
35 40	1
35 41	14
35 43	36
35 44	40
35 47	18
35 48	48
36 1	17
36 2	15
36 3	8
36 6	34
36 7	36
36 8	24
36 10	48
36 12	6
36 13	0
36 14	40
36 15	47
36 16	43
36 17	37
36 19	32
36 20	14
36 21	2
36 22	19
36 23	5
36 24	27
36 25	1
36 26	21
36 27	9
36 28	42
36 29	33
36 30	3
36 31	28
36 32	44
36 33	35
36 34	23
36 36	46
36 37	41
36 38	12
36 39	22
36 40	39
36 41	7
36 42	26
36 44	20
36 45	16
36 46	49
36 48	13
36 49	31
37 0	14
37 1	5
37 2	6
37 3	36
37 4	37
37 5	44
37 6	10
37 8	34
37 9	15
37 10	19
37 11	48
37 12	29
37 13	8
37 14	1
37 16	49
37 17	20
37 18	45
37 19	31
37 20	16
37 21	13
37 22	30
37 23	7
37 24	12
37 25	23
37 27	3
37 28	9
37 29	35
37 30	41
37 31	25
37 32	17
37 33	40
37 34	39
37 35	33
37 37	0
37 38	28
37 39	4
37 40	26
37 41	22
37 42	24
37 44	46
37 45	11
37 47	42
37 49	43
38 1	43
38 2	17
38 4	5
38 5	7
38 6	2
38 7	37
38 8	4
38 9	41
38 11	15
38 12	31
38 13	47
38 14	3
38 17	12
38 18	22
38 19	48
38 20	44
38 21	36
38 24	33
38 25	28
38 26	16
38 27	0
38 28	35
38 29	32
38 31	14
38 33	26
38 34	19
38 35	8
38 36	42
38 38	27
38 39	38
38 40	45
38 41	24
38 42	25
38 43	13
38 44	11
38 45	9
38 46	34
38 47	23
38 48	20
38 49	21
39 0	37
39 1	36
39 2	16
39 3	2
39 4	4
39 5	49
39 6	46
39 7	41
39 8	30
39 9	10
39 10	44
39 11	20
39 13	18
39 17	11
39 20	35
39 21	38
39 22	25
39 23	23
39 24	31
39 25	5
39 26	7
39 27	13
39 28	39
39 30	43
39 32	3
39 33	1
39 34	28
39 35	32
39 36	0
39 37	48
39 38	47
39 40	14
39 41	27
39 42	6
39 43	42
39 44	22
39 46	17
40 0	30
40 1	2
40 3	11
40 4	27
40 5	36
40 6	39
40 7	48
40 8	38
40 9	9
40 10	12
40 12	21
40 13	43
40 14	42
40 15	18
40 16	5
40 19	46
40 20	22
40 21	8
40 22	13
40 23	10
40 24	3
40 25	35
40 27	1
40 28	31
40 29	28
40 30	24
40 31	0
40 32	37
40 34	26
40 35	16
40 38	32
40 39	47
40 40	49
40 41	44
40 42	15
40 43	45
40 44	29
40 45	25
40 47	7
40 48	34
41 2	8
41 4	24
41 5	30
41 7	47
41 8	35
41 9	33
41 10	18
41 11	38
41 12	39
41 13	4
41 17	21
41 18	17
41 20	34
41 22	44
41 23	32
41 24	22
41 26	14
41 27	46
41 30	13
41 32	19
41 33	48
41 34	12
41 35	10
41 36	3
41 38	25
41 39	43
41 40	36
41 41	41
41 42	2
41 43	28
41 44	45
41 45	1
41 46	42
41 48	26
42 0	36
42 1	49
42 4	7
42 5	41
42 6	42
42 7	16
42 8	22
42 9	5
42 10	2
42 11	14
42 13	6
42 14	13
42 16	27
42 17	3
42 19	23
42 21	10
42 22	43
42 23	0
42 24	47
42 26	46
42 27	35
42 28	12
42 30	30
42 31	26
42 32	39
42 33	21
42 34	20
42 35	40
42 36	28
42 37	25
42 38	8
42 39	19
42 40	4
42 41	17
42 44	33
42 45	29
42 46	32
42 47	45
42 49	11
43 0	22
43 1	30
43 2	19
43 3	40
43 4	6
43 5	48
43 6	0
43 7	35
43 8	42
43 9	34
43 10	21
43 11	33
43 12	43
43 13	11
43 15	3
43 16	9
43 18	16
43 19	4
43 20	10
43 22	14
43 25	47
43 26	45
43 27	20
43 28	36
43 29	2
43 30	32
43 31	24
43 33	27
43 35	37
43 36	1
43 37	29
43 38	49
43 39	12
43 40	28
43 42	38
43 43	8
43 44	5
43 45	13
43 46	41
43 47	31
43 48	7
43 49	23
44 0	27
44 1	32
44 2	30
44 3	49
44 4	0
44 5	31
44 6	24
44 7	12
44 8	28
44 9	17
44 10	23
44 11	40
44 13	3
44 16	13
44 18	14
44 20	11
44 22	41
44 23	36
44 24	25
44 25	6
44 27	4
44 28	7
44 29	45
44 31	20
44 32	21
44 33	5
44 34	48
44 35	2
44 36	44
44 37	15
44 39	35
44 40	47
44 42	10
44 43	1
44 44	18
44 48	33
44 49	26
45 0	21
45 1	14
45 2	45
45 3	38
45 4	3
45 5	35
45 7	34
45 8	16
45 10	11
45 11	17
45 12	2
45 13	48
45 14	10
45 15	8
45 17	23
45 18	32
45 19	25
45 22	33
45 23	42
45 24	26
45 25	18
45 26	13
45 28	4
45 29	27
45 30	1
45 31	9
45 32	31
45 33	6
45 35	22
45 36	39
45 37	37
45 38	41
45 39	15
45 40	20
45 42	5
45 44	7
45 45	36
45 46	43
45 48	49
45 49	19
46 1	34
46 3	12
46 4	45
46 8	36
46 9	3
46 10	4
46 11	31
46 12	22
46 13	37
46 14	30
46 18	28
46 19	15
46 20	18
46 21	23
46 22	21
46 23	13
46 24	0
46 25	38
46 26	5
46 29	43
46 30	25
46 31	19
46 32	1
46 33	33
46 34	9
46 35	6
46 36	49
46 37	8
46 38	48
46 43	26
46 44	16
46 47	40
46 48	44
46 49	47
47 0	15
47 1	47
47 2	10
47 5	3
47 6	23
47 7	5
47 8	11
47 9	37
47 10	45
47 11	1
47 12	24
47 13	35
47 14	14
47 15	16
47 17	9
47 18	7
47 19	19
47 20	36
47 21	21
47 22	17
47 23	12
47 24	40
47 25	41
47 26	33
47 27	34
47 28	48
47 29	31
47 30	29
47 31	32
47 32	4
47 33	22
47 34	18
47 35	46
47 37	39
47 38	38
47 39	44
47 40	27
47 41	49
47 42	13
47 43	25
47 44	6
47 45	42
47 46	8
47 48	30
48 0	0
48 2	37
48 3	10
48 4	33
48 5	16
48 6	6
48 7	7
48 8	13
48 10	47
48 11	5
48 12	23
48 13	22
48 14	2
48 15	9
48 17	19
48 18	44
48 19	43
48 20	4
48 21	17
48 22	20
48 23	35
48 24	29
48 25	12
48 26	1
48 27	42
48 28	3
48 29	21
48 30	28
48 31	38
48 32	36
48 33	34
48 34	45
48 36	30
48 37	32
48 38	18
48 39	49
48 42	41
48 45	27
48 46	26
48 48	15
48 49	39
49 0	18
49 1	40
49 2	35
49 3	3
49 5	14
49 6	47
49 8	20
49 9	11
49 10	17
49 11	41
49 12	38
49 14	26
49 15	29
49 16	1
49 17	0
49 18	49
49 19	34
49 20	45
49 21	28
49 22	22
49 24	46
49 25	30
49 27	15
49 28	24
49 29	10
49 30	44
49 31	37
49 32	8
49 34	31
49 35	21
49 37	4
49 38	7
49 39	42
49 40	9
49 41	48
49 42	32
49 43	27
49 44	36
49 45	39
49 46	12
49 47	16
