50
0 1	4
0 2	8
0 3	14
0 4	47
0 5	45
0 6	48
0 7	27
0 8	39
0 10	26
0 11	28
0 12	35
0 14	16
0 15	23
0 16	12
0 17	3
0 18	29
0 19	11
0 21	13
0 24	36
0 25	46
0 26	1
0 27	37
0 28	5
0 32	32
0 34	34
0 35	20
0 37	6
0 38	49
0 39	38
0 40	0
0 41	17
0 42	43
0 43	40
0 44	25
0 45	30
0 46	31
0 47	22
0 49	24
1 1	27
1 2	14
1 3	24
1 4	20
1 7	17
1 8	32
1 10	40
1 13	48
1 15	45
1 16	2
1 17	10
1 18	18
1 19	15
1 20	34
1 21	42
1 23	28
1 24	37
1 27	9
1 28	21
1 29	1
1 30	31
1 31	6
1 32	49
1 33	29
1 34	4
1 35	3
1 37	41
1 38	19
1 39	0
1 40	33
1 41	16
1 42	11
1 43	39
1 44	7
1 46	13
1 47	43
2 0	9
2 1	12
2 2	39
2 3	26
2 5	32
2 6	43
2 7	22
2 8	21
2 9	23
2 10	41
2 11	0
2 12	47
2 13	10
2 15	35
2 16	25
2 17	30
2 18	1
2 19	37
2 20	13
2 21	5
2 22	29
2 23	48
2 24	44
2 25	17
2 26	31
2 27	7
2 28	27
2 29	45
2 30	36
2 33	2
2 35	40
2 37	49
2 39	18
2 41	4
2 43	6
2 45	34
2 46	28
2 48	11
2 49	3
3 1	42
3 2	19
3 4	30
3 7	10
3 9	22
3 10	17
3 11	48
3 12	23
3 13	40
3 15	11
3 16	33
3 17	45
3 18	6
3 19	26
3 20	29
3 22	24
3 23	4
3 24	28
3 25	13
3 26	41
3 27	5
3 28	25
3 29	15
3 30	9
3 31	35
3 34	39
3 35	46
3 36	21
3 37	20
3 38	27
3 39	1
3 40	37
3 41	38
3 42	34
3 43	16
3 44	8
3 46	2
3 47	32
3 48	0
3 49	31
4 0	4
4 1	36
4 2	42
4 3	10
4 4	46
4 6	19
4 8	5
4 9	27
4 10	20
4 12	1
4 13	49
4 15	12
4 16	0
4 17	33
4 18	13
4 19	2
4 20	22
4 23	17
4 24	16
4 25	18
4 26	43
4 27	44
4 28	14
4 29	28
4 30	15
4 31	11
4 32	26
4 33	45
4 34	6
4 36	40
4 37	29
4 38	32
4 39	47
4 40	31
4 42	37
4 43	24
4 44	35
4 45	48
4 47	23
4 49	21
5 0	37
5 2	34
5 4	7
5 5	18
5 7	38
5 8	26
5 9	45
5 12	10
5 13	14
5 14	3
5 15	4
5 16	23
5 18	42
5 19	6
5 20	15
5 21	31
5 22	1
5 23	19
5 24	40
5 25	47
5 26	22
5 27	24
5 28	49
5 29	16
5 31	30
5 32	17
5 33	48
5 34	20
5 35	41
5 37	8
5 38	0
5 40	28
5 41	2
5 42	12
5 43	33
5 44	32
5 45	29
5 46	5
5 47	44
5 48	43
6 0	1
6 2	22
6 3	9
6 4	2
6 5	23
6 6	33
6 7	37
6 8	25
6 9	38
6 10	7
6 11	18
6 12	17
6 13	12
6 14	44
6 16	48
6 17	26
6 18	16
6 19	29
6 20	6
6 21	10
6 22	28
6 23	32
6 24	43
6 25	45
6 26	36
6 27	0
6 28	39
6 29	8
6 30	19
6 31	3
6 33	41
6 34	40
6 35	5
6 37	31
6 38	13
6 39	20
6 40	30
6 41	49
6 42	27
6 43	4
6 44	21
6 46	47
6 47	11
6 49	15
7 0	30
7 1	15
7 2	29
7 3	41
7 4	4
7 5	33
7 8	11
7 9	12
7 11	39
7 12	25
7 14	9
7 15	42
7 16	34
7 17	38
7 18	24
7 19	22
7 20	10
7 21	43
7 22	20
7 23	31
7 24	35
7 25	14
7 26	2
7 27	16
7 28	6
7 29	13
7 30	8
7 31	49
7 33	26
7 34	44
7 35	47
7 37	5
7 38	7
7 40	46
7 41	40
7 42	19
7 43	23
7 44	37
7 45	1
7 46	17
7 47	28
7 48	18
7 49	36
8 0	27
8 2	37
8 3	39
8 4	15
8 5	41
8 6	35
8 7	8
8 8	1
8 9	17
8 10	49
8 11	4
8 12	21
8 14	36
8 16	26
8 17	13
8 18	20
8 19	5
8 21	34
8 22	14
8 23	12
8 24	6
8 25	9
8 26	32
8 27	45
8 28	22
8 29	25
8 30	16
8 31	31
8 35	30
8 36	7
8 37	33
8 38	48
8 39	3
8 40	47
8 41	18
8 42	40
8 43	2
8 45	43
8 46	42
8 47	10
8 49	19
9 1	39
9 2	30
9 4	9
9 5	17
9 7	13
9 8	3
9 9	34
9 11	20
9 12	16
9 13	5
9 14	25
9 15	47
9 16	7
9 17	12
9 18	48
9 19	45
9 20	0
9 23	21
9 24	31
9 25	24
9 26	27
9 27	40
9 28	19
9 29	43
9 30	38
9 31	37
9 32	4
9 33	35
9 34	18
9 36	11
9 38	41
9 40	32
9 41	33
9 43	42
9 44	29
9 45	49
9 46	15
9 48	6
9 49	14
10 0	44
10 1	22
10 2	0
10 3	23
10 4	10
10 5	13
10 6	37
10 7	5
10 8	6
10 10	30
10 11	14
10 12	38
10 13	32
10 14	15
10 15	20
10 16	24
10 17	17
10 20	25
10 21	49
10 22	45
10 23	40
10 24	2
10 25	29
10 26	48
10 27	43
10 28	42
10 30	33
10 31	7
10 32	16
10 33	36
10 34	47
10 35	35
10 36	8
10 37	11
10 38	3
10 39	39
10 40	4
10 41	41
10 42	46
10 44	26
10 45	18
10 46	27
10 47	9
10 48	21
11 0	11
11 1	41
11 4	38
11 5	47
11 6	27
11 7	30
11 8	14
11 9	8
11 10	13
11 12	20
11 13	18
11 14	24
11 15	28
11 17	4
11 19	31
11 21	35
11 22	5
11 23	22
11 24	0
11 25	1
11 26	45
11 27	26
11 28	32
11 29	39
11 30	17
11 31	2
11 32	42
11 34	9
11 36	25
11 37	36
11 38	6
11 39	33
11 40	43
11 41	7
11 42	23
11 43	12
11 44	19
11 45	10
11 46	29
11 47	34
11 48	48
11 49	44
12 2	40
12 4	23
12 5	27
12 6	26
12 7	16
12 8	15
12 9	19
12 10	32
12 11	47
12 12	5
12 13	3
12 14	17
12 15	36
12 16	31
12 18	8
12 19	9
12 20	2
12 22	49
12 24	21
12 25	4
12 26	20
12 27	18
12 30	6
12 32	41
12 33	13
12 34	22
12 35	24
12 36	43
12 37	37
12 38	1
12 39	34
12 40	10
12 41	11
12 42	28
12 43	35
12 45	42
12 47	45
12 48	33
12 49	7
13 0	8
13 1	1
13 3	33
13 4	0
13 5	6
13 6	25
13 9	48
13 10	3
13 11	2
13 12	45
13 13	30
13 14	37
13 15	39
13 17	29
13 18	34
13 19	14
13 21	4
13 22	40
13 24	12
13 25	49
13 26	15
13 27	41
13 28	16
13 29	42
13 30	32
13 31	19
13 32	36
13 33	10
13 34	38
13 35	31
13 36	27
13 37	22
13 38	11
13 40	13
13 41	24
13 42	44
13 43	20
13 44	18
13 45	5
13 46	7
13 48	26
13 49	23
14 0	12
14 1	37
14 2	48
14 3	42
14 4	18
14 5	38
14 7	31
14 8	23
14 9	30
14 10	10
14 11	3
14 12	15
14 13	13
14 14	4
14 15	21
14 16	28
14 17	19
14 19	7
14 20	1
14 21	29
14 22	25
14 23	44
14 25	27
14 26	35
14 28	33
14 32	43
14 34	11
14 35	32
14 36	16
14 39	5
14 40	39
14 41	14
14 42	49
14 43	26
14 44	36
14 45	0
14 46	34
14 47	6
14 48	20
15 0	2
15 1	44
15 2	3
15 3	28
15 4	49
15 5	20
15 7	14
15 8	13
15 9	9
15 10	35
15 11	40
15 12	30
15 16	16
15 17	6
15 20	39
15 21	0
15 22	10
15 24	7
15 25	41
15 26	29
15 27	25
15 29	21
15 30	27
15 31	15
15 32	33
15 33	4
15 34	46
15 35	17
15 37	34
15 38	26
15 39	11
15 40	24
15 41	37
15 42	42
15 43	1
15 44	38
15 45	23
15 46	18
15 47	19
15 48	5
15 49	8
16 0	31
16 1	34
16 2	11
16 3	16
16 4	22
16 6	46
16 8	20
16 9	5
16 11	38
16 12	2
16 14	29
16 15	43
16 16	36
16 19	32
16 20	3
16 21	17
16 22	6
16 23	45
16 24	23
16 26	4
16 27	35
16 29	26
16 30	24
16 31	14
16 33	30
16 34	27
16 36	10
16 37	7
16 38	47
16 39	42
16 40	44
16 42	25
16 43	0
16 44	40
16 45	41
16 46	12
16 47	37
16 48	28
16 49	18
17 0	29
17 1	16
17 2	7
17 3	45
17 5	42
17 6	3
17 7	47
17 8	28
17 9	35
17 10	36
17 11	34
17 12	48
17 13	24
17 14	23
17 15	9
17 16	15
17 17	41
17 19	0
17 20	17
17 21	6
17 22	44
17 24	18
17 26	49
17 27	30
17 28	4
17 29	37
17 30	13
17 34	10
17 35	33
17 36	26
17 37	38
17 38	46
17 42	2
17 43	25
17 44	43
17 46	1
17 47	31
17 48	14
17 49	20
18 0	3
18 1	26
18 2	44
18 3	20
18 4	19
18 5	2
18 6	42
18 7	34
18 9	41
18 10	23
18 11	13
18 12	4
18 14	49
18 15	18
18 16	6
18 17	21
18 18	45
18 19	38
18 21	12
18 22	37
18 23	0
18 24	8
18 25	36
18 26	47
18 27	32
18 28	17
18 29	40
18 30	43
18 31	24
18 33	7
18 34	28
18 35	11
18 36	35
18 37	25
18 38	10
18 39	29
18 40	48
18 41	15
18 43	9
18 45	16
18 46	33
18 47	5
18 48	46
18 49	27
19 0	33
19 2	4
19 3	1
19 4	12
19 6	38
19 7	49
19 8	30
19 9	15
19 10	44
19 11	29
19 12	34
19 13	8
19 14	32
19 15	48
19 16	18
19 17	24
19 18	47
19 19	40
19 20	27
19 21	14
19 22	26
19 23	10
19 24	9
19 25	2
19 26	13
19 27	22
19 28	41
19 29	11
19 32	6
19 33	0
19 34	23
19 35	37
19 36	17
19 37	39
19 38	43
19 39	35
19 40	42
19 41	19
19 42	20
19 46	25
19 47	21
19 48	7
19 49	16
20 0	36
20 1	5
20 4	11
20 5	48
20 6	7
20 7	35
20 9	40
20 10	31
20 11	45
20 12	29
20 13	15
20 14	12
20 15	25
20 18	46
20 19	33
20 20	26
20 21	38
20 23	37
20 24	27
20 25	20
20 26	14
20 28	24
20 29	4
20 30	28
20 31	32
20 32	30
20 33	3
20 34	43
20 37	13
20 39	19
20 41	42
20 43	22
20 44	10
20 45	17
20 46	39
20 48	47
20 49	0
21 0	43
21 1	40
21 2	17
21 4	28
21 5	16
21 6	32
21 7	2
21 8	33
21 9	24
21 10	38
21 11	35
21 12	9
21 13	41
21 14	10
21 15	13
21 16	5
21 18	22
21 19	19
21 20	44
21 21	1
21 22	27
21 23	49
21 25	30
21 26	12
21 27	3
21 28	20
21 29	23
21 30	48
21 31	4
21 33	34
21 35	42
21 36	14
21 37	0
21 38	36
21 40	15
21 41	45
21 42	8
21 45	31
21 46	6
21 48	25
21 49	29
22 0	46
22 1	9
22 2	13
22 3	35
22 4	8
22 6	1
22 7	41
22 9	26
22 10	39
22 11	36
22 12	24
22 13	22
22 14	6
22 15	5
22 16	43
22 17	31
22 18	37
22 20	19
22 21	11
22 22	12
22 23	33
22 25	7
22 26	28
22 27	15
22 28	30
22 29	32
22 30	14
22 31	18
22 32	25
22 33	42
22 34	0
22 35	38
22 36	44
22 37	10
22 38	23
22 39	40
22 40	16
22 41	20
22 42	45
22 43	21
22 45	47
22 46	4
22 47	48
22 48	29
22 49	2
23 0	14
23 1	20
23 2	21
23 3	6
23 4	37
23 5	4
23 6	49
23 7	28
23 9	3
23 10	46
23 11	24
23 12	0
23 13	17
23 14	26
23 15	19
23 16	29
23 17	1
23 18	9
23 20	7
23 21	8
23 22	39
23 23	18
23 24	11
23 26	30
23 27	31
23 28	48
23 29	10
23 30	41
23 32	2
23 33	33
23 34	42
23 35	22
23 36	13
23 37	12
23 39	27
23 41	43
23 42	36
23 43	32
23 44	15
23 45	25
23 46	44
23 47	47
23 49	40
24 0	17
24 1	28
24 2	24
24 3	0
24 4	43
24 5	37
24 6	31
24 8	36
24 9	25
24 10	29
24 11	10
24 12	19
24 13	2
24 15	44
24 16	8
24 17	34
24 18	14
24 19	35
24 22	22
24 23	15
24 25	42
24 26	11
24 27	12
24 31	33
24 32	48
24 33	39
24 34	7
24 36	46
24 37	4
24 38	16
24 41	21
24 43	49
24 44	6
24 46	32
24 47	26
24 48	41
24 49	5
25 0	0
25 1	7
25 2	9
25 3	43
25 4	6
25 5	30
25 6	45
25 7	23
25 8	29
25 9	42
25 10	48
25 11	26
25 14	39
25 15	14
25 19	8
25 20	41
25 21	37
25 22	16
25 23	27
25 24	24
25 25	22
25 27	21
25 28	11
25 29	19
25 30	25
25 32	40
25 33	1
25 34	13
25 35	15
25 36	31
25 37	46
25 41	47
25 42	18
25 43	17
25 44	4
25 45	2
25 47	35
25 48	32
25 49	49
26 0	19
26 1	29
26 2	35
26 3	5
26 4	48
26 5	7
26 6	0
26 7	21
26 8	10
26 9	18
26 10	24
26 11	11
26 15	1
26 16	17
26 17	2
26 19	12
26 21	32
26 22	15
26 23	41
26 24	20
26 25	6
26 26	26
26 27	38
26 28	37
26 29	36
26 30	40
26 31	28
26 32	27
26 33	44
26 34	3
26 35	34
26 36	45
26 37	47
26 38	14
26 39	4
26 40	8
26 41	30
26 42	9
26 43	46
26 44	16
26 46	22
26 47	49
26 48	42
26 49	25
27 0	40
27 2	31
27 3	4
27 4	33
27 6	10
27 7	1
27 8	18
27 9	6
27 10	19
27 11	23
27 12	37
27 13	25
27 14	41
27 15	16
27 16	35
27 17	44
27 18	43
27 19	47
27 22	32
27 23	9
27 24	42
27 26	39
27 27	28
27 28	26
27 29	5
27 30	29
27 33	49
27 34	12
27 35	14
27 38	21
27 39	7
27 41	36
27 43	30
27 45	20
27 46	38
27 47	13
27 49	17
28 0	6
28 1	32
28 2	45
28 3	31
28 4	13
28 6	16
28 7	39
28 9	2
28 11	44
28 12	41
28 13	37
28 14	18
28 15	22
28 16	20
28 17	36
28 18	21
28 19	1
28 20	43
28 21	46
28 22	7
28 23	47
28 25	11
28 26	40
28 27	17
28 28	3
28 31	25
28 33	9
28 34	33
28 35	23
28 36	28
28 37	24
28 38	4
28 41	48
28 42	5
28 43	29
28 44	34
28 45	35
28 46	8
28 47	30
28 48	15
28 49	42
29 0	18
29 1	19
29 2	27
29 3	37
29 4	25
29 6	41
29 7	6
29 9	33
29 10	15
29 11	7
29 13	21
29 14	47
29 15	40
29 16	42
29 17	22
29 18	0
29 19	24
29 20	31
29 21	16
29 22	9
29 25	35
29 26	23
29 28	43
29 29	12
29 31	1
29 32	28
29 34	26
29 36	3
29 37	44
29 38	17
29 39	30
29 40	5
29 41	10
29 42	29
29 44	2
29 46	49
29 48	38
30 0	35
30 1	3
30 2	26
30 3	11
30 4	36
30 6	12
30 7	24
30 8	0
30 9	49
30 11	22
30 13	16
30 14	40
30 15	8
30 16	30
30 17	14
30 21	2
30 22	23
30 23	34
30 24	5
30 26	19
30 27	13
30 28	45
30 29	38
30 30	18
30 31	10
30 32	7
30 33	6
30 34	37
30 35	43
30 36	47
30 38	42
30 40	27
30 42	41
30 43	31
30 45	15
30 47	29
30 48	17
30 49	39
31 0	42
31 2	41
31 3	3
31 4	5
31 5	26
31 7	19
31 8	4
31 9	28
31 10	1
31 11	37
31 12	11
31 15	27
31 16	39
31 18	35
31 19	49
31 20	32
31 21	25
31 22	33
31 24	38
31 25	16
31 27	36
31 28	2
31 29	18
31 30	47
31 31	8
31 33	22
31 34	15
31 35	13
31 36	29
31 37	40
31 41	46
31 42	48
31 45	21
31 46	0
31 47	7
31 48	9
31 49	10
32 1	45
32 2	32
32 3	12
32 4	14
32 6	40
32 7	7
32 8	16
32 10	2
32 12	39
32 14	5
32 15	37
32 16	38
32 19	43
32 20	36
32 21	20
32 22	41
32 23	46
32 24	22
32 26	34
32 27	49
32 30	42
32 31	0
32 32	10
32 34	30
32 35	18
32 36	4
32 38	25
32 40	23
32 42	21
32 44	44
32 45	19
32 47	1
32 48	27
32 49	9
33 0	45
33 1	47
33 2	15
33 3	22
33 4	42
33 7	12
33 8	37
33 12	36
33 13	38
33 14	7
33 15	32
33 16	41
33 17	46
33 18	30
33 19	23
33 20	5
33 21	28
33 22	21
33 23	8
33 24	48
33 25	39
33 26	0
33 27	27
33 28	9
33 29	14
33 30	2
33 36	33
33 37	3
33 39	6
33 42	1
33 43	10
33 44	49
33 46	35
33 47	18
33 48	24
33 49	43
34 0	26
34 1	6
34 2	36
34 3	32
34 4	1
34 5	9
34 6	13
34 7	29
34 8	43
34 9	44
34 10	16
34 13	46
34 14	0
34 15	15
34 16	11
34 17	40
34 18	10
34 19	18
34 20	37
34 21	30
34 22	17
34 23	5
34 24	19
34 25	34
34 26	7
34 27	2
34 28	23
34 29	35
34 30	3
34 31	27
34 32	21
34 33	47
34 35	25
34 36	49
34 37	48
34 38	20
34 39	28
34 41	22
34 43	45
34 44	12
34 45	4
34 46	14
34 47	38
34 48	31
34 49	33
35 1	23
35 2	33
35 4	29
35 5	22
35 7	40
35 9	46
35 10	45
35 11	9
35 12	13
35 14	20
35 15	10
35 16	1
35 17	7
35 18	26
35 20	38
35 21	24
35 22	31
35 23	14
35 24	32
35 25	12
35 26	37
35 28	8
35 32	15
35 33	11
35 36	19
35 37	42
35 40	18
35 41	28
35 42	16
35 43	41
35 44	17
35 45	6
35 46	36
35 47	39
35 48	3
36 0	10
36 1	18
36 5	29
36 7	43
36 8	12
36 9	39
36 10	5
36 11	27
36 12	31
36 13	23
36 14	21
36 15	41
36 16	44
36 17	35
36 18	36
36 21	45
36 22	8
36 23	38
36 24	34
36 25	25
36 26	16
36 27	14
36 30	11
36 31	22
36 32	9
36 33	28
36 34	17
36 35	6
36 38	40
36 39	15
36 40	20
36 41	32
36 42	33
36 43	7
36 44	48
36 45	24
36 46	3
36 47	42
36 48	4
36 49	1
37 1	49
37 2	12
37 3	8
37 4	45
37 5	10
37 6	4
37 7	18
37 9	14
37 11	43
37 14	19
37 15	17
37 16	21
37 17	23
37 19	27
37 20	42
37 21	15
37 22	11
37 23	24
37 24	30
37 25	40
37 26	46
37 28	7
37 29	41
37 30	5
37 31	9
37 32	47
37 33	25
37 34	36
37 38	39
37 40	35
37 41	13
37 43	3
37 44	33
37 45	44
37 46	16
37 48	1
37 49	34
38 0	32
38 1	46
38 2	20
38 3	27
38 5	43
38 6	11
38 7	0
38 8	24
38 9	4
38 11	6
38 12	49
38 13	28
38 14	34
38 15	29
38 16	13
38 17	25
38 18	12
38 19	44
38 20	45
38 22	42
38 23	1
38 26	5
38 27	39
38 28	36
38 29	48
38 30	10
38 31	41
38 33	17
38 34	16
38 35	19
38 36	18
38 37	30
38 38	35
38 39	8
38 40	2
38 41	23
38 43	15
38 45	7
38 46	21
38 47	33
39 0	13
39 1	48
39 2	43
39 4	32
39 5	21
39 7	26
39 8	47
39 10	37
39 11	46
39 13	36
39 14	22
39 15	33
39 16	4
39 17	27
39 18	2
39 19	25
39 20	14
39 21	44
39 22	38
39 23	3
39 24	15
39 25	31
39 26	17
39 27	42
39 28	29
39 30	49
39 32	23
39 33	5
39 34	1
39 35	12
39 36	30
39 37	35
39 38	18
39 39	9
39 40	7
39 41	39
39 42	24
39 43	8
39 44	0
39 46	19
39 47	20
39 48	10
39 49	41
40 0	16
40 2	6
40 4	40
40 5	39
40 6	5
40 7	44
40 9	32
40 10	9
40 11	17
40 14	46
40 16	49
40 17	42
40 18	27
40 20	12
40 21	33
40 22	30
40 23	20
40 24	26
40 25	28
40 26	10
40 27	34
40 30	7
40 31	13
40 33	43
40 34	14
40 35	29
40 36	0
40 37	23
40 38	38
40 39	25
40 40	45
40 41	35
40 42	4
40 43	19
40 44	24
40 46	37
40 47	15
40 48	8
40 49	11
41 1	33
41 2	38
41 3	47
41 6	24
41 7	11
41 8	40
41 10	34
41 11	31
41 12	42
41 13	35
41 14	30
41 16	22
41 17	5
41 18	17
41 19	46
41 20	49
41 21	19
41 24	13
41 25	26
41 26	25
41 27	10
41 28	44
41 29	6
41 30	1
41 31	29
41 32	18
41 33	12
41 34	2
41 35	45
41 36	32
41 37	9
41 38	8
41 39	14
41 42	7
41 43	28
41 44	23
41 46	20
41 47	4
41 48	39
41 49	48
42 1	43
42 2	5
42 4	44
42 5	34
42 6	14
42 7	36
42 8	7
42 10	42
42 11	15
42 13	29
42 14	11
42 15	46
42 17	9
42 19	20
42 20	33
42 21	48
42 24	4
42 25	23
42 27	6
42 28	40
42 29	30
42 30	35
42 31	39
42 32	0
42 35	1
42 36	22
42 38	37
42 39	10
42 40	12
42 41	26
42 44	47
42 45	13
42 46	24
42 47	27
42 48	49
42 49	32
43 0	5
43 1	13
43 2	47
43 3	18
43 4	16
43 5	11
43 6	29
43 7	42
43 8	46
43 9	43
43 11	41
43 12	7
43 13	6
43 14	27
43 15	24
43 16	32
43 17	48
43 20	4
43 21	9
43 22	35
43 23	30
43 24	33
43 25	37
43 26	38
43 27	19
43 28	28
43 29	0
43 30	20
43 31	44
43 32	34
43 33	21
43 34	45
43 35	2
43 36	39
43 37	15
43 38	31
43 40	22
43 41	3
43 42	10
43 43	14
43 44	1
43 45	12
43 46	40
43 48	36
43 49	26
44 0	20
44 1	10
44 2	1
44 3	2
44 4	17
44 5	5
44 6	39
44 7	45
44 8	38
44 9	7
44 11	25
44 12	44
44 13	4
44 14	33
44 15	49
44 16	19
44 17	32
44 18	15
44 19	34
44 21	40
44 22	3
44 24	41
44 25	21
44 26	18
44 29	24
44 30	0
44 31	42
44 32	35
44 33	27
44 34	48
44 35	9
44 38	22
44 39	16
44 40	29
44 41	31
44 42	30
44 43	43
44 44	13
44 45	14
44 46	26
44 47	12
44 48	37
44 49	6
45 0	48
45 1	0
45 2	18
45 3	49
45 5	44
45 6	15
45 7	9
45 8	42
45 9	36
45 10	25
45 11	1
45 12	27
45 13	7
45 14	2
45 15	30
45 16	46
45 17	39
45 18	4
45 19	13
45 20	35
45 21	22
45 22	47
45 24	45
45 25	10
45 26	21
45 27	33
45 28	31
45 29	20
45 30	23
45 31	17
45 32	14
45 34	41
45 35	28
45 36	6
45 37	43
45 38	29
45 39	32
45 40	19
45 41	12
45 42	3
45 43	37
45 44	5
45 45	40
45 46	11
45 47	24
45 48	16
46 0	24
46 3	19
46 5	14
46 7	33
46 8	41
46 11	30
46 12	32
46 13	39
46 17	8
46 18	11
46 20	46
46 21	18
46 22	48
46 23	6
46 24	1
46 26	42
46 27	4
46 28	15
46 29	29
46 30	37
46 31	36
46 33	31
46 34	5
46 35	7
46 36	2
46 37	27
46 39	21
46 42	38
46 43	47
46 46	23
46 49	45
47 0	28
47 1	25
47 2	23
47 5	31
47 8	48
47 9	11
47 10	12
47 11	16
47 13	42
47 14	1
47 15	0
47 16	10
47 18	44
47 20	24
47 22	4
47 23	7
47 24	49
47 25	15
47 26	8
47 27	20
47 30	22
47 31	43
47 32	13
47 33	46
47 34	35
47 35	26
47 36	36
47 37	18
47 38	2
47 39	17
47 40	6
47 41	34
47 43	5
47 44	41
47 45	33
47 46	45
47 47	14
47 48	19
47 49	30
48 1	2
48 2	25
48 3	17
48 4	3
48 5	35
48 8	44
48 9	37
48 10	18
48 11	32
48 12	22
48 13	20
48 15	7
48 16	14
48 17	16
48 18	23
48 20	48
48 23	11
48 24	29
48 26	24
48 30	21
48 31	26
48 32	19
48 34	49
48 36	34
48 37	45
48 38	15
48 39	41
48 40	9
48 42	13
48 43	27
48 44	30
48 45	28
48 46	46
48 47	40
48 48	12
49 0	49
49 1	11
49 2	10
49 3	38
49 5	12
49 6	23
49 7	15
49 8	17
49 9	21
49 10	22
49 11	5
49 12	33
49 13	19
49 14	42
49 15	6
49 16	27
49 17	47
49 18	7
49 19	48
49 20	40
49 22	13
49 23	2
49 24	25
49 25	44
49 26	9
49 27	46
49 28	34
49 29	3
49 30	26
49 31	16
49 32	29
49 33	37
49 34	32
49 35	4
49 36	24
49 37	14
49 38	30
49 39	31
49 40	1
49 41	0
49 42	35
49 43	18
49 44	20
49 45	8
49 46	43
49 47	36
49 48	45
49 49	28
