50
0 1	46
0 3	16
0 5	15
0 6	27
0 7	45
0 8	11
0 10	49
0 13	6
0 15	22
0 16	29
0 18	18
0 19	25
0 21	23
0 22	39
0 23	44
0 26	9
0 27	0
0 28	4
0 29	1
0 30	32
0 31	26
0 33	13
0 34	5
0 36	35
0 38	33
0 39	7
0 40	10
0 42	40
1 0	28
1 1	27
1 3	10
1 4	19
1 5	14
1 6	18
1 10	25
1 11	24
1 12	38
1 13	15
1 15	29
1 18	4
1 19	42
1 21	9
1 24	49
1 27	17
1 28	26
1 30	6
1 31	20
1 32	47
1 33	37
1 35	44
1 36	43
1 37	2
1 39	12
1 41	13
1 42	36
1 43	41
1 44	45
1 46	31
2 0	23
2 1	39
2 2	34
2 3	46
2 4	29
2 7	43
2 10	35
2 12	37
2 14	33
2 16	28
2 18	14
2 19	7
2 23	5
2 24	42
2 25	9
2 26	30
2 27	11
2 29	26
2 34	8
2 35	15
2 37	41
2 38	18
2 41	45
2 43	27
2 45	12
2 47	10
2 48	32
2 49	17
3 0	14
3 1	38
3 3	45
3 4	5
3 6	9
3 8	22
3 9	13
3 10	26
3 11	18
3 13	8
3 14	1
3 15	17
3 20	36
3 21	33
3 22	2
3 23	20
3 24	31
3 25	43
3 26	49
3 29	47
3 30	10
3 33	23
3 34	35
3 36	27
3 37	29
3 38	40
3 39	0
3 43	39
3 44	37
3 47	11
3 48	34
3 49	42
4 0	25
4 2	27
4 4	15
4 5	45
4 7	18
4 9	14
4 10	11
4 11	20
4 13	17
4 15	35
4 16	32
4 17	43
4 19	10
4 20	19
4 21	47
4 23	41
4 24	22
4 25	44
4 26	28
4 27	16
4 28	46
4 29	5
4 32	24
4 33	31
4 34	37
4 36	3
4 37	12
4 39	21
4 41	1
4 42	38
4 44	6
4 47	7
4 48	8
4 49	4
5 0	4
5 1	8
5 2	14
5 4	48
5 5	12
5 6	6
5 7	16
5 8	10
5 9	3
5 10	29
5 11	42
5 12	17
5 13	7
5 16	45
5 18	27
5 20	32
5 21	28
5 24	24
5 25	30
5 29	21
5 30	13
5 31	23
5 32	15
5 33	35
5 34	36
5 35	38
5 37	31
5 40	43
5 43	46
5 44	40
5 45	47
5 48	9
5 49	2
6 0	39
6 1	6
6 2	41
6 4	26
6 6	10
6 8	25
6 9	12
6 10	44
6 13	27
6 15	5
6 16	38
6 17	34
6 18	2
6 19	13
6 21	48
6 23	22
6 26	14
6 27	46
6 31	29
6 32	28
6 33	30
6 34	3
6 35	24
6 36	18
6 37	20
6 39	40
6 40	37
6 41	49
6 43	36
6 45	35
6 49	21
7 0	2
7 1	23
7 2	33
7 4	25
7 5	18
7 7	32
7 8	12
7 9	43
7 10	10
7 11	49
7 15	24
7 17	42
7 19	39
7 21	44
7 22	8
7 23	4
7 24	38
7 25	22
7 27	45
7 28	13
7 30	0
7 31	27
7 32	21
7 33	6
7 35	19
7 36	36
7 38	26
7 41	3
7 42	37
7 43	7
7 46	47
7 47	40
7 48	28
7 49	20
8 0	26
8 2	5
8 4	34
8 5	36
8 6	31
8 7	33
8 8	32
8 9	17
8 11	35
8 12	9
8 13	3
8 16	15
8 17	40
8 19	41
8 21	46
8 22	48
8 23	39
8 28	49
8 31	25
8 32	42
8 34	38
8 35	8
8 36	22
8 41	37
8 42	23
8 45	14
8 47	0
8 49	28
9 0	44
9 1	10
9 6	28
9 8	13
9 9	16
9 10	21
9 11	23
9 13	33
9 14	9
9 17	6
9 22	47
9 25	5
9 26	36
9 27	15
9 28	48
9 29	27
9 31	7
9 32	19
9 33	17
9 34	31
9 37	40
9 38	49
9 39	2
9 42	30
9 44	46
9 45	22
9 46	29
9 47	1
9 48	35
9 49	43
10 3	12
10 4	21
10 6	3
10 8	40
10 9	11
10 10	18
10 13	30
10 15	36
10 16	41
10 19	24
10 22	13
10 23	42
10 24	7
10 25	16
10 27	14
10 29	23
10 32	49
10 33	0
10 34	6
10 35	33
10 37	1
10 39	48
10 40	9
10 41	5
10 43	4
10 45	27
10 47	46
10 48	17
10 49	37
11 0	0
11 1	2
11 2	15
11 3	30
11 4	24
11 6	16
11 7	26
11 9	28
11 11	45
11 12	23
11 13	12
11 15	19
11 16	35
11 18	46
11 21	27
11 22	21
11 23	37
11 24	32
11 25	49
11 26	10
11 28	44
11 31	34
11 32	7
11 36	9
11 37	4
11 38	31
11 43	22
11 44	43
11 45	39
11 48	36
12 3	42
12 4	1
12 5	48
12 6	25
12 7	34
12 8	8
12 9	19
12 10	27
12 14	29
12 15	15
12 18	30
12 19	4
12 21	36
12 22	20
12 23	49
12 27	2
12 29	31
12 30	24
12 31	12
12 32	32
12 33	43
12 34	21
12 37	10
12 38	28
12 39	41
12 40	6
12 41	26
12 43	38
12 45	16
12 46	18
12 47	44
12 48	37
12 49	7
13 0	27
13 3	13
13 5	37
13 7	24
13 8	49
13 9	29
13 11	6
13 12	11
13 13	18
13 14	39
13 15	38
13 18	25
13 20	16
13 24	48
13 26	20
13 27	33
13 28	1
13 29	35
13 30	40
13 32	30
13 33	12
13 34	7
13 35	41
13 36	47
13 39	10
13 40	5
13 41	23
13 42	19
13 44	3
13 45	26
13 48	46
14 0	6
14 1	35
14 2	12
14 4	45
14 5	23
14 8	46
14 9	48
14 10	8
14 12	25
14 14	28
14 15	9
14 16	34
14 18	10
14 20	41
14 21	15
14 23	26
14 24	3
14 26	47
14 28	18
14 29	30
14 31	2
14 33	22
14 34	42
14 38	44
14 40	49
14 41	29
14 42	7
14 43	14
14 44	24
14 45	11
14 47	20
14 48	33
15 0	20
15 1	13
15 2	11
15 3	24
15 4	39
15 7	8
15 8	38
15 13	23
15 14	18
15 15	0
15 16	33
15 18	6
15 19	17
15 20	47
15 22	9
15 23	14
15 26	5
15 27	44
15 30	46
15 31	45
15 32	27
15 33	2
15 35	40
15 37	48
15 39	35
15 40	3
15 43	10
15 48	25
16 0	13
16 2	10
16 3	19
16 4	33
16 7	14
16 8	9
16 9	20
16 11	8
16 12	6
16 13	2
16 14	43
16 17	7
16 18	47
16 19	32
16 20	46
16 22	23
16 25	24
16 28	11
16 29	4
16 30	25
16 31	48
16 32	26
16 34	40
16 35	35
16 41	36
16 46	15
16 47	39
17 4	8
17 5	9
17 8	6
17 10	0
17 11	5
17 13	20
17 14	46
17 20	15
17 21	3
17 23	29
17 24	4
17 26	45
17 28	37
17 30	18
17 31	24
17 32	16
17 33	47
17 34	10
17 37	28
17 41	42
17 43	26
17 47	21
17 49	44
18 0	49
18 1	18
18 3	23
18 4	27
18 5	22
18 10	3
18 12	10
18 13	11
18 14	47
18 15	20
18 17	13
18 19	44
18 22	7
18 25	26
18 26	15
18 27	25
18 28	16
18 29	19
18 30	45
18 31	40
18 33	8
18 34	9
18 35	30
18 37	14
18 38	6
18 39	31
18 40	21
18 42	12
18 43	42
18 47	29
18 49	35
19 0	38
19 2	43
19 3	5
19 5	49
19 6	4
19 9	6
19 11	40
19 12	20
19 14	30
19 16	0
19 18	26
19 19	11
19 20	42
19 22	24
19 23	1
19 31	46
19 34	22
19 35	39
19 36	32
19 38	13
19 40	25
19 41	19
19 42	28
19 43	2
19 45	29
19 46	45
19 47	33
19 48	41
20 0	36
20 1	31
20 2	25
20 3	8
20 5	44
20 8	43
20 10	32
20 13	19
20 14	13
20 15	34
20 17	29
20 18	22
20 19	9
20 21	6
20 22	17
20 23	28
20 24	10
20 25	48
20 26	46
20 30	35
20 31	21
20 32	45
20 33	1
20 34	41
20 35	26
20 36	37
20 37	11
20 39	16
20 41	4
20 43	15
20 44	5
20 47	12
20 48	20
20 49	18
21 1	17
21 2	29
21 3	37
21 5	6
21 7	39
21 9	35
21 13	38
21 14	10
21 17	32
21 18	19
21 19	14
21 22	18
21 23	36
21 30	28
21 32	43
21 33	34
21 36	12
21 39	46
21 40	48
21 42	20
21 46	24
21 47	2
22 0	40
22 1	11
22 2	36
22 3	9
22 7	23
22 8	1
22 10	28
22 12	49
22 14	24
22 15	3
22 17	20
22 18	42
22 22	14
22 25	35
22 26	16
22 28	27
22 30	37
22 37	34
22 39	19
22 40	2
22 41	44
22 42	5
22 44	39
22 46	21
22 47	22
22 48	18
23 0	43
23 1	44
23 2	18
23 3	3
23 4	37
23 6	35
23 7	13
23 10	36
23 12	22
23 13	29
23 14	6
23 15	33
23 16	30
23 17	38
23 18	11
23 20	27
23 23	40
23 24	23
23 25	45
23 27	10
23 31	1
23 32	8
23 33	20
23 34	0
23 36	41
23 37	15
23 38	25
23 39	17
23 42	26
23 44	12
23 45	5
23 47	24
23 48	7
24 5	11
24 6	47
24 7	40
24 9	23
24 10	14
24 12	13
24 13	49
24 16	39
24 18	0
24 19	38
24 20	18
24 23	48
24 25	42
24 27	26
24 29	41
24 30	33
24 31	28
24 32	46
24 35	25
24 36	19
24 38	35
24 39	43
24 41	32
24 42	9
24 44	8
24 49	29
25 0	32
25 3	11
25 4	49
25 7	5
25 8	16
25 9	26
25 10	2
25 11	47
25 14	12
25 16	43
25 18	29
25 19	27
25 20	34
25 22	44
25 24	36
25 30	30
25 31	41
25 32	22
25 33	9
25 35	42
25 37	0
25 39	8
25 44	20
25 45	10
25 46	46
25 47	45
25 48	40
26 0	47
26 1	20
26 2	39
26 8	29
26 9	36
26 11	37
26 13	13
26 14	35
26 15	2
26 16	4
26 17	0
26 20	8
26 21	26
26 22	49
26 24	45
26 25	10
26 26	33
26 27	7
26 29	25
26 31	17
26 32	18
26 33	41
26 34	14
26 36	5
26 37	19
26 40	28
26 41	27
26 43	40
26 44	42
26 46	3
26 47	23
26 48	11
27 0	18
27 4	31
27 6	5
27 7	38
27 9	8
27 10	46
27 11	28
27 12	43
27 14	16
27 15	32
27 16	47
27 18	20
27 19	22
27 20	29
27 21	13
27 22	12
27 24	11
27 26	27
27 30	15
27 31	33
27 33	19
27 34	23
27 37	7
27 39	45
27 41	30
27 43	35
27 47	37
27 48	24
28 0	35
28 1	32
28 2	3
28 3	33
28 4	38
28 5	7
28 7	27
28 8	5
28 9	2
28 11	15
28 13	37
28 15	26
28 22	19
28 24	6
28 26	0
28 29	10
28 30	4
28 31	43
28 32	41
28 33	14
28 35	11
28 38	16
28 39	42
28 40	36
28 42	49
28 43	29
28 44	9
28 45	25
28 47	18
29 0	5
29 1	16
29 4	10
29 5	27
29 6	40
29 8	15
29 10	41
29 12	1
29 15	4
29 17	2
29 18	31
29 19	18
29 23	32
29 25	8
29 26	34
29 27	28
29 29	43
29 30	14
29 31	38
29 34	20
29 36	33
29 38	23
29 40	22
29 41	39
29 42	29
29 43	0
29 46	44
29 47	30
29 48	42
29 49	48
30 2	4
30 4	20
30 5	28
30 6	7
30 7	49
30 10	42
30 12	18
30 14	15
30 15	25
30 16	46
30 17	41
30 18	16
30 22	32
30 23	38
30 24	0
30 28	10
30 30	43
30 31	5
30 32	37
30 33	27
30 34	19
30 35	17
30 36	14
30 38	12
30 39	24
30 42	33
30 43	31
30 44	36
30 45	40
30 46	23
30 47	34
31 0	11
31 5	29
31 6	15
31 7	17
31 8	28
31 10	39
31 11	43
31 12	4
31 13	34
31 14	36
31 15	37
31 16	10
31 17	25
31 18	44
31 20	20
31 21	12
31 23	7
31 24	40
31 26	24
31 27	23
31 28	5
31 29	9
31 30	42
31 31	22
31 33	38
31 34	26
31 36	45
31 37	27
31 38	41
31 40	13
31 41	48
31 42	2
31 43	8
31 45	49
31 46	0
31 47	3
31 48	14
31 49	32
32 0	41
32 1	26
32 2	31
32 3	18
32 4	16
32 9	38
32 11	12
32 12	33
32 13	5
32 15	48
32 17	9
32 19	49
32 20	43
32 24	30
32 26	32
32 27	6
32 28	14
32 29	20
32 31	39
32 32	40
32 33	46
32 34	34
32 35	27
32 36	11
32 38	3
32 40	47
32 41	22
32 42	42
32 45	7
32 46	25
32 47	35
32 49	0
33 3	2
33 4	40
33 5	38
33 10	37
33 12	30
33 13	32
33 14	41
33 15	39
33 16	23
33 17	16
33 19	45
33 20	14
33 21	20
33 22	31
33 23	43
33 27	18
33 29	22
33 30	7
33 31	13
33 32	35
33 34	15
33 35	29
33 37	46
33 38	8
33 43	6
33 44	0
33 45	33
33 47	9
34 0	24
34 1	28
34 5	33
34 6	34
34 7	3
34 10	15
34 12	45
34 13	16
34 14	22
34 17	30
34 18	38
34 20	6
34 24	47
34 25	7
34 27	41
34 28	21
34 29	37
34 30	23
34 31	19
34 33	18
34 34	44
34 35	20
34 36	31
34 37	36
34 41	43
34 42	39
34 43	49
34 46	27
34 47	25
34 48	0
34 49	1
35 2	24
35 3	21
35 4	6
35 5	30
35 6	23
35 7	25
35 8	3
35 9	42
35 10	31
35 12	19
35 13	28
35 14	27
35 16	26
35 17	22
35 18	41
35 19	34
35 20	45
35 23	35
35 25	12
35 26	40
35 27	38
35 28	33
35 29	0
35 30	36
35 32	20
35 33	39
35 34	48
35 35	43
35 39	32
35 41	10
35 43	37
35 47	13
35 48	1
35 49	47
36 3	27
36 4	46
36 5	5
36 8	41
36 12	47
36 13	35
36 15	13
36 17	49
36 18	8
36 19	28
36 20	0
36 24	39
36 25	2
36 26	3
36 27	9
36 28	34
36 30	22
36 31	42
36 32	38
36 33	10
36 35	1
36 37	16
36 38	32
36 40	19
36 41	21
36 44	48
36 47	26
36 49	40
37 0	9
37 1	49
37 3	0
37 4	36
37 6	24
37 7	47
37 8	31
37 11	16
37 12	14
37 15	44
37 17	3
37 18	21
37 21	10
37 24	15
37 26	22
37 27	34
37 28	41
37 29	7
37 30	20
37 32	39
37 33	26
37 34	1
37 35	32
37 45	23
37 46	40
37 49	12
38 0	45
38 3	43
38 4	22
38 8	19
38 9	0
38 10	13
38 11	34
38 12	12
38 17	18
38 18	36
38 19	31
38 22	38
38 23	33
38 24	37
38 25	32
38 27	29
38 28	15
38 30	41
38 32	14
38 33	4
38 34	30
38 36	7
38 38	20
38 39	27
38 40	8
38 42	10
38 43	9
38 44	25
38 45	42
38 47	48
38 48	2
38 49	5
39 0	12
39 1	37
39 2	28
39 4	23
39 8	39
39 12	8
39 14	31
39 16	24
39 17	45
39 19	15
39 20	21
39 22	36
39 24	20
39 26	43
39 27	19
39 29	2
39 33	40
39 34	49
39 35	7
39 37	13
39 38	38
39 40	29
39 41	16
39 42	46
39 43	44
39 44	11
39 45	18
39 46	33
40 4	13
40 5	20
40 6	48
40 7	12
40 8	35
40 9	22
40 11	31
40 12	27
40 16	37
40 17	14
40 18	40
40 19	2
40 21	24
40 23	6
40 25	38
40 26	19
40 27	8
40 29	33
40 30	11
40 31	18
40 32	29
40 34	46
40 35	10
40 36	23
40 37	39
40 38	36
40 40	30
40 43	21
40 44	28
40 45	32
41 0	48
41 1	4
41 2	9
41 4	11
41 5	19
41 7	10
41 9	27
41 11	0
41 16	16
41 21	18
41 22	22
41 24	25
41 25	41
41 27	43
41 28	28
41 34	47
41 37	23
41 38	21
41 39	20
41 40	26
41 42	45
41 47	36
41 49	38
42 1	15
42 4	47
42 6	29
42 7	41
42 8	7
42 10	17
42 11	46
42 14	40
42 15	23
42 16	3
42 18	45
42 19	8
42 20	44
42 21	2
42 22	30
42 23	25
42 25	0
42 26	31
42 27	39
42 28	38
42 29	12
42 30	27
42 32	34
42 33	21
42 35	49
42 36	4
42 37	33
42 38	11
42 39	28
42 40	35
42 43	43
42 44	26
42 45	48
42 46	10
42 47	6
43 0	15
43 3	29
43 5	40
43 6	37
43 7	46
43 8	47
43 9	39
43 10	20
43 11	13
43 14	0
43 15	43
43 20	48
43 21	14
43 23	31
43 24	33
43 28	2
43 29	24
43 32	10
43 33	16
43 34	18
43 36	25
43 38	45
43 39	4
43 40	32
43 41	17
43 42	35
43 43	19
43 44	27
43 45	36
43 46	11
43 47	42
43 48	3
44 2	13
44 3	47
44 5	39
44 8	23
44 10	38
44 13	26
44 14	20
44 15	8
44 16	48
44 17	4
44 18	37
44 20	10
44 21	29
44 22	45
44 23	21
44 24	2
44 25	19
44 27	35
44 28	25
44 29	3
44 30	16
44 31	49
44 32	11
44 35	46
44 36	40
44 37	32
44 40	15
44 41	9
44 43	24
44 45	6
44 46	5
44 47	43
44 49	14
45 0	34
45 1	19
45 2	16
45 3	6
45 4	32
45 5	3
45 6	11
45 9	24
45 10	5
45 12	21
45 13	14
45 14	49
45 15	7
45 16	42
45 17	15
45 18	33
45 19	37
45 20	39
45 21	40
45 22	10
45 23	0
45 24	44
45 25	23
45 26	17
45 28	30
45 32	36
45 33	29
45 34	45
45 37	18
45 38	48
45 40	27
45 41	12
45 43	47
45 44	35
45 46	41
45 47	38
45 48	13
45 49	46
46 0	42
46 2	44
46 3	28
46 4	4
46 5	1
46 11	39
46 12	46
46 13	25
46 14	38
46 18	35
46 19	16
46 20	30
46 24	41
46 26	11
46 28	47
46 30	3
46 31	9
46 32	13
46 34	12
46 36	29
46 38	5
46 39	36
46 40	7
46 41	40
47 0	17
47 3	38
47 5	24
47 6	42
47 10	33
47 11	14
47 12	5
47 13	0
47 14	48
47 16	21
47 17	37
47 18	13
47 19	40
47 21	45
47 24	29
47 26	35
47 27	3
47 28	32
47 29	8
47 30	19
47 31	36
47 33	7
47 34	28
47 35	9
47 36	2
47 37	49
47 38	39
47 41	31
47 44	41
47 45	15
47 47	16
47 48	4
47 49	10
48 1	22
48 6	38
48 8	37
48 9	45
48 11	33
48 13	43
48 15	28
48 16	1
48 18	5
48 20	40
48 22	41
48 23	18
48 26	26
48 29	16
48 30	12
48 31	3
48 34	13
48 36	10
48 37	25
48 38	27
48 40	20
48 41	35
48 44	49
48 45	31
48 48	44
49 0	21
49 1	5
49 2	38
49 3	49
49 4	44
49 5	32
49 7	2
49 9	47
49 10	4
49 12	48
49 13	24
49 14	3
49 15	27
49 17	35
49 18	7
49 19	33
49 21	0
49 23	10
49 24	46
49 29	39
49 31	11
49 33	42
49 35	34
49 36	16
49 37	45
49 39	1
49 40	40
49 43	20
49 45	37
49 47	28
49 48	30
49 49	15
