50
0 3	41
0 5	49
0 6	19
0 7	38
0 9	5
0 10	42
0 11	46
0 12	25
0 13	34
0 15	6
0 17	43
0 18	48
0 21	28
0 23	1
0 24	27
0 25	33
0 26	8
0 27	9
0 28	32
0 29	23
0 31	20
0 32	7
0 36	37
0 38	18
0 41	31
0 42	29
0 43	15
0 44	35
0 45	47
0 46	21
1 0	42
1 1	48
1 2	8
1 3	22
1 4	21
1 5	17
1 6	2
1 7	11
1 8	47
1 12	39
1 13	14
1 14	35
1 17	6
1 19	30
1 20	31
1 21	49
1 22	37
1 23	41
1 24	3
1 25	43
1 27	10
1 28	4
1 29	34
1 30	32
1 31	18
1 32	24
1 34	16
1 35	38
1 37	36
1 38	26
1 39	33
1 40	12
1 41	5
1 42	23
1 45	1
1 46	19
1 47	25
1 48	13
1 49	20
2 0	9
2 1	21
2 3	33
2 5	28
2 6	39
2 7	6
2 8	43
2 10	19
2 11	48
2 12	18
2 13	2
2 14	44
2 15	49
2 16	23
2 19	32
2 20	38
2 21	20
2 22	5
2 23	24
2 25	10
2 30	8
2 33	22
2 37	27
2 41	17
2 42	47
2 44	30
2 45	41
2 48	25
2 49	1
3 0	40
3 1	4
3 3	29
3 4	35
3 5	36
3 6	47
3 7	24
3 8	38
3 10	31
3 11	28
3 12	3
3 16	1
3 18	20
3 19	9
3 20	44
3 21	41
3 22	48
3 23	25
3 26	32
3 27	23
3 28	26
3 29	43
3 30	39
3 31	37
3 32	6
3 33	46
3 34	34
3 35	19
3 36	7
3 37	33
3 38	45
3 39	0
3 41	14
3 42	12
3 43	10
3 44	13
3 46	49
3 47	30
3 49	22
4 0	41
4 1	8
4 3	20
4 5	24
4 6	33
4 7	5
4 8	30
4 9	35
4 10	37
4 11	49
4 15	14
4 16	36
4 20	43
4 21	21
4 23	18
4 24	48
4 25	17
4 26	2
4 27	0
4 29	4
4 30	1
4 31	44
4 34	27
4 36	12
4 38	13
4 39	40
4 40	28
4 41	26
4 44	7
4 45	45
4 46	29
4 48	38
4 49	47
5 0	24
5 1	35
5 2	22
5 4	19
5 5	20
5 6	9
5 8	8
5 10	32
5 13	44
5 14	36
5 18	17
5 19	6
5 21	47
5 23	15
5 24	0
5 25	46
5 26	38
5 30	45
5 31	31
5 33	28
5 36	49
5 37	43
5 38	39
5 39	34
5 41	37
5 42	40
5 43	14
5 44	3
5 45	48
5 46	4
5 49	5
6 1	0
6 2	42
6 3	4
6 5	43
6 6	13
6 7	3
6 8	9
6 9	41
6 10	2
6 12	34
6 13	29
6 14	11
6 15	15
6 16	38
6 17	39
6 18	18
6 19	35
6 21	17
6 22	21
6 23	46
6 24	31
6 25	24
6 26	44
6 28	36
6 29	37
6 30	30
6 31	49
6 33	20
6 34	1
6 37	10
6 38	48
6 39	23
6 40	5
6 43	16
6 44	25
6 45	28
6 46	27
6 47	14
6 48	45
6 49	6
7 0	12
7 1	2
7 2	39
7 3	14
7 5	23
7 6	5
7 8	49
7 9	37
7 10	47
7 11	17
7 12	8
7 14	46
7 15	4
7 16	6
7 17	48
7 18	15
7 19	34
7 20	36
7 21	45
7 23	35
7 24	30
7 25	18
7 27	7
7 28	9
7 29	20
7 32	29
7 33	11
7 37	1
7 39	16
7 40	43
7 41	3
7 42	27
7 44	40
7 45	42
7 47	10
7 48	33
8 0	46
8 1	41
8 3	47
8 4	29
8 5	3
8 6	12
8 7	7
8 8	28
8 9	4
8 11	35
8 12	19
8 13	1
8 14	8
8 17	49
8 18	43
8 19	2
8 21	39
8 22	36
8 24	45
8 25	14
8 28	27
8 29	5
8 31	9
8 33	6
8 34	21
8 35	44
8 37	42
8 39	11
8 41	10
8 43	24
8 44	20
8 45	30
8 46	48
9 1	19
9 3	26
9 7	27
9 8	13
9 10	35
9 11	14
9 13	23
9 14	40
9 15	0
9 16	4
9 17	24
9 18	2
9 20	45
9 21	43
9 24	47
9 27	11
9 28	44
9 29	9
9 30	20
9 32	28
9 33	37
9 34	12
9 35	46
9 37	3
9 39	8
9 40	41
9 41	18
9 42	39
9 43	6
9 44	16
9 45	32
9 46	33
9 47	1
9 48	7
9 49	48
10 0	29
10 1	28
10 2	24
10 3	7
10 5	40
10 7	16
10 8	0
10 9	13
10 10	21
10 12	4
10 13	8
10 15	33
10 16	34
10 19	3
10 20	14
10 22	19
10 23	20
10 25	25
10 27	32
10 28	23
10 29	17
10 30	49
10 31	36
10 33	18
10 34	38
10 37	31
10 39	6
10 41	35
10 42	22
10 43	48
10 44	26
10 45	39
10 46	5
10 47	47
10 48	30
10 49	41
11 0	13
11 1	36
11 2	2
11 3	44
11 4	20
11 5	32
11 7	15
11 8	18
11 9	1
11 10	48
11 11	21
11 13	10
11 14	0
11 16	31
11 17	30
11 18	19
11 19	47
11 23	40
11 25	5
11 26	25
11 27	6
11 28	49
11 30	37
11 31	22
11 32	39
11 36	34
11 37	45
11 39	12
11 41	46
11 42	3
11 48	9
11 49	4
12 1	29
12 2	44
12 4	5
12 5	12
12 7	14
12 8	48
12 10	4
12 11	18
12 12	40
12 13	21
12 14	25
12 15	23
12 16	41
12 17	33
12 18	10
12 19	13
12 20	28
12 21	11
12 22	47
12 23	9
12 24	49
12 25	22
12 26	37
12 27	38
12 28	45
12 29	0
12 30	26
12 31	7
12 34	15
12 36	43
12 37	35
12 39	27
12 40	8
12 42	30
12 43	39
12 45	3
12 46	17
12 49	24
13 0	27
13 2	19
13 6	49
13 7	0
13 8	37
13 9	11
13 10	6
13 11	22
13 14	12
13 15	2
13 16	13
13 17	1
13 18	24
13 19	31
13 20	33
13 23	32
13 25	30
13 26	47
13 27	14
13 28	28
13 29	16
13 30	48
13 31	25
13 33	21
13 35	17
13 36	45
13 37	9
13 38	29
13 39	36
13 40	20
13 41	39
13 42	34
13 43	46
13 44	42
13 45	10
13 46	35
13 47	26
13 48	23
13 49	44
14 2	9
14 3	12
14 4	17
14 5	27
14 7	29
14 8	41
14 12	15
14 14	20
14 15	5
14 16	30
14 17	19
14 18	49
14 19	23
14 20	18
14 21	38
14 22	3
14 23	39
14 24	24
14 25	47
14 27	21
14 28	22
14 29	10
14 30	40
14 32	48
14 33	36
14 34	2
14 36	31
14 37	34
14 38	1
14 40	35
14 41	0
14 42	44
14 43	11
14 44	37
14 45	13
14 46	8
14 47	7
14 49	43
15 0	36
15 2	34
15 8	23
15 9	27
15 10	45
15 11	2
15 12	48
15 13	12
15 14	13
15 15	30
15 18	5
15 21	25
15 23	10
15 24	29
15 25	37
15 26	6
15 28	1
15 30	11
15 31	28
15 33	8
15 34	4
15 37	44
15 39	42
15 40	40
15 41	22
15 42	46
15 43	17
15 44	21
15 45	43
15 46	24
15 47	39
15 48	16
15 49	35
16 3	43
16 4	48
16 6	7
16 8	4
16 10	3
16 11	23
16 12	29
16 13	20
16 14	45
16 16	40
16 17	8
16 18	12
16 19	16
16 20	49
16 21	36
16 22	25
16 27	33
16 28	34
16 29	38
16 30	24
16 32	17
16 35	22
16 36	6
16 37	15
16 38	37
16 40	46
16 42	42
16 44	19
16 45	9
16 47	13
16 48	27
16 49	21
17 1	44
17 2	0
17 4	46
17 5	31
17 6	20
17 7	28
17 8	15
17 9	14
17 10	33
17 11	3
17 12	37
17 13	7
17 14	9
17 15	17
17 18	6
17 20	35
17 21	5
17 23	26
17 26	36
17 27	13
17 30	27
17 33	34
17 35	11
17 36	29
17 37	47
17 38	40
17 39	1
17 42	32
17 44	24
17 45	4
17 48	22
17 49	25
18 1	46
18 2	27
18 4	7
18 5	5
18 6	31
18 7	34
18 8	35
18 9	33
18 11	42
18 14	32
18 16	37
18 17	4
18 19	44
18 20	9
18 21	2
18 25	48
18 28	16
18 29	49
18 32	3
18 35	10
18 36	47
18 37	20
18 38	14
18 39	24
18 40	23
18 41	6
18 42	18
18 44	15
18 46	39
18 47	12
18 48	17
18 49	8
19 0	4
19 1	32
19 2	11
19 3	6
19 4	3
19 5	8
19 6	48
19 7	18
19 8	2
19 9	26
19 10	28
19 11	31
19 12	44
19 13	19
19 15	35
19 16	46
19 17	45
19 18	36
19 24	23
19 25	39
19 29	22
19 30	21
19 31	34
19 32	25
19 34	13
19 35	7
19 36	16
19 37	38
19 39	30
19 42	5
19 43	9
19 44	0
19 46	41
19 47	33
19 48	42
20 0	6
20 1	39
20 4	33
20 5	4
20 6	37
20 7	47
20 9	34
20 10	20
20 11	12
20 14	28
20 16	11
20 17	13
20 19	18
20 21	46
20 23	30
20 24	22
20 25	49
20 26	15
20 27	41
20 28	40
20 29	24
20 30	36
20 31	27
20 32	9
20 33	17
20 35	8
20 36	44
20 38	3
20 41	29
20 43	21
20 44	5
20 45	14
20 46	45
20 47	2
20 48	35
20 49	0
21 1	47
21 2	35
21 3	39
21 4	42
21 6	24
21 7	19
21 8	16
21 9	31
21 11	8
21 12	7
21 13	37
21 15	11
21 17	27
21 18	30
21 19	45
21 21	26
21 22	33
21 23	28
21 24	4
21 25	9
21 26	3
21 29	21
21 30	29
21 32	49
21 33	13
21 34	5
21 35	40
21 36	18
21 37	17
21 38	34
21 39	20
21 41	23
21 42	10
21 44	36
21 45	6
21 46	12
21 47	41
21 48	44
22 0	30
22 2	4
22 4	16
22 6	23
22 7	40
22 8	45
22 10	44
22 12	33
22 13	11
22 16	5
22 17	28
22 19	20
22 21	3
22 22	14
22 23	6
22 25	27
22 27	39
22 28	21
22 29	1
22 31	35
22 32	8
22 33	48
22 34	19
22 36	41
22 37	24
22 39	2
22 41	38
22 42	0
22 44	47
22 46	46
22 47	32
22 48	15
22 49	49
23 0	7
23 1	38
23 3	1
23 4	23
23 5	22
23 6	6
23 10	12
23 11	4
23 13	15
23 15	37
23 16	28
23 17	2
23 18	39
23 19	8
23 20	10
23 21	48
23 22	9
23 23	0
23 24	17
23 25	42
23 26	33
23 27	45
23 30	44
23 32	21
23 33	25
23 34	41
23 35	43
23 37	40
23 38	11
23 39	18
23 41	27
23 42	16
23 44	34
23 47	24
23 49	14
24 2	37
24 3	3
24 7	39
24 8	6
24 10	5
24 11	26
24 12	23
24 13	32
24 14	41
24 15	31
24 16	8
24 17	21
24 18	11
24 19	25
24 20	2
24 21	34
24 23	22
24 24	46
24 25	40
24 27	15
24 30	19
24 31	4
24 32	13
24 33	35
24 34	29
24 37	28
24 38	47
24 40	14
24 41	36
24 43	27
24 44	43
24 45	7
24 46	42
24 48	12
24 49	9
25 0	5
25 1	27
25 2	30
25 4	28
25 5	38
25 6	17
25 7	46
25 8	14
25 10	10
25 11	7
25 12	45
25 14	23
25 15	48
25 16	43
25 17	12
25 18	44
25 20	37
25 21	1
25 22	8
25 23	16
25 25	3
25 27	31
25 29	13
25 30	35
25 31	6
25 32	33
25 33	47
25 34	36
25 35	21
25 37	19
25 38	24
25 39	41
25 41	2
25 42	9
25 43	4
25 44	32
25 46	22
25 47	0
25 48	29
25 49	18
26 0	44
26 1	25
26 2	49
26 5	37
26 6	3
26 7	33
26 8	27
26 9	8
26 11	1
26 13	35
26 14	47
26 15	10
26 16	12
26 17	29
26 18	41
26 19	46
26 20	0
26 21	30
26 22	2
26 23	23
26 24	20
26 25	11
26 27	4
26 29	39
26 31	26
26 33	40
26 36	24
26 37	21
26 39	32
26 43	42
26 45	22
26 46	9
26 48	28
27 0	3
27 2	1
27 3	24
27 9	23
27 11	38
27 16	39
27 18	16
27 19	5
27 20	21
27 22	6
27 24	11
27 25	32
27 27	34
27 28	0
27 29	48
27 30	12
27 31	42
27 32	47
27 33	49
27 34	7
27 35	15
27 37	14
27 38	4
27 39	28
27 40	19
27 42	37
27 43	31
27 45	18
27 46	10
27 47	35
27 48	8
27 49	26
28 2	47
28 3	5
28 4	24
28 5	39
28 6	25
28 7	32
28 8	44
28 9	10
28 10	14
28 11	34
28 12	6
28 13	40
28 15	27
28 16	42
28 17	26
28 20	19
28 21	22
28 22	18
28 23	43
28 24	13
28 25	35
28 28	12
28 29	33
28 30	31
28 31	2
28 32	36
28 33	7
28 34	11
28 35	49
28 39	3
28 40	48
28 41	45
28 43	0
28 47	8
28 49	46
29 0	19
29 2	13
29 4	26
29 5	16
29 6	42
29 7	36
29 8	22
29 9	9
29 10	27
29 11	45
29 12	49
29 13	38
29 17	32
29 19	1
29 20	34
29 21	6
29 25	31
29 26	39
29 27	25
29 29	7
29 30	10
29 31	33
29 32	35
29 33	30
29 34	14
29 35	41
29 36	48
29 37	18
29 40	24
29 41	40
29 43	8
29 46	11
29 47	3
29 48	37
30 0	11
30 1	10
30 2	36
30 4	44
30 5	1
30 7	20
30 8	7
30 9	12
30 10	23
30 11	25
30 14	33
30 15	34
30 17	46
30 18	8
30 19	26
30 20	13
30 21	14
30 22	17
30 24	43
30 25	28
30 26	18
30 28	6
30 29	32
30 30	42
30 32	37
30 35	2
30 37	39
30 38	9
30 40	29
30 41	4
30 42	48
30 44	41
30 45	21
30 47	49
30 48	0
30 49	3
31 1	37
31 3	46
31 4	30
31 5	42
31 6	8
31 7	23
31 9	25
31 11	16
31 12	10
31 13	0
31 15	45
31 17	44
31 19	40
31 20	48
31 22	15
31 23	31
31 26	7
31 27	43
31 28	11
31 29	36
31 32	1
31 34	49
31 35	47
31 36	21
31 39	4
31 40	33
31 41	28
31 42	38
31 44	2
31 45	35
31 46	20
31 48	14
32 0	8
32 1	1
32 2	5
32 4	34
32 5	11
32 6	28
32 7	4
32 9	48
32 10	38
32 11	24
32 12	42
32 14	39
32 15	13
32 16	10
32 18	26
32 19	49
32 21	0
32 22	16
32 23	47
32 24	44
32 25	36
32 26	45
32 27	30
32 29	6
32 30	18
32 32	14
32 34	43
32 35	9
32 36	22
32 38	21
32 39	17
32 41	32
32 42	20
32 43	41
32 44	12
32 46	7
32 47	15
32 48	19
32 49	23
33 0	1
33 2	12
33 3	30
33 4	6
33 5	46
33 6	18
33 7	44
33 8	21
33 9	16
33 10	43
33 11	32
33 12	14
33 14	15
33 15	19
33 17	40
33 18	29
33 20	41
33 21	35
33 23	3
33 24	33
33 25	23
33 26	31
33 29	47
33 30	34
33 31	39
33 33	42
33 34	48
33 35	0
33 36	13
33 37	7
33 38	20
33 39	5
33 42	8
33 43	36
33 44	17
33 47	38
33 48	10
33 49	45
34 0	45
34 2	40
34 3	25
34 4	8
34 5	35
34 6	34
34 7	48
34 8	3
34 9	44
34 10	16
34 15	39
34 16	7
34 17	38
34 20	6
34 21	9
34 22	31
34 23	49
34 24	37
34 25	26
34 26	28
34 27	42
34 29	27
34 30	47
34 32	43
34 33	15
34 34	46
34 35	20
34 36	32
34 37	4
34 39	21
34 40	1
34 41	12
34 42	2
34 43	30
34 44	10
34 45	23
34 47	22
34 49	11
35 0	47
35 2	14
35 3	27
35 4	49
35 6	29
35 8	1
35 9	36
35 11	19
35 12	24
35 14	10
35 15	25
35 16	22
35 17	20
35 18	32
35 21	16
35 22	13
35 24	6
35 26	23
35 27	17
35 29	15
35 31	5
35 32	0
35 33	39
35 34	18
35 35	33
35 36	42
35 38	7
35 39	46
35 40	4
35 41	41
35 43	45
35 44	28
35 45	31
35 48	40
35 49	38
36 0	21
36 1	40
36 2	48
36 4	2
36 5	15
36 7	9
36 8	34
36 10	17
36 11	20
36 12	26
36 13	33
36 14	29
36 15	16
36 16	14
36 17	5
36 18	46
36 23	12
36 25	38
36 26	10
36 27	36
36 28	39
36 33	32
36 35	23
36 36	25
36 37	0
36 38	49
36 41	13
36 42	45
36 43	35
36 46	1
36 48	3
37 0	2
37 1	22
37 2	25
37 3	35
37 5	6
37 6	40
37 7	42
37 8	26
37 9	47
37 12	46
37 13	45
37 14	31
37 15	9
37 16	19
37 17	17
37 18	14
37 19	21
37 20	5
37 22	24
37 23	48
37 24	36
37 25	16
37 26	27
37 27	3
37 28	43
37 29	12
37 30	0
37 31	10
37 32	20
37 33	4
37 34	33
37 36	8
37 37	49
37 38	15
37 40	39
37 41	30
37 43	7
37 45	44
37 47	23
37 49	32
38 1	18
38 2	3
38 5	25
38 7	12
38 8	32
38 9	7
38 11	37
38 12	20
38 14	27
38 15	28
38 16	9
38 20	46
38 21	15
38 22	30
38 23	8
38 24	42
38 25	0
38 26	14
38 27	26
38 28	47
38 29	41
38 31	21
38 32	2
38 33	1
38 34	40
38 37	23
38 38	17
38 40	36
38 41	33
38 42	6
38 43	5
38 44	39
38 46	44
38 48	34
38 49	16
39 0	34
39 1	15
39 2	16
39 3	45
39 7	43
39 8	42
39 10	7
39 11	5
39 13	28
39 15	46
39 16	32
39 17	23
39 18	27
39 19	29
39 20	24
39 22	22
39 26	20
39 27	35
39 29	18
39 31	11
39 33	38
39 35	3
39 37	8
39 38	6
39 39	49
39 41	25
39 43	33
39 44	48
39 45	40
39 46	36
39 47	44
39 49	37
40 1	42
40 2	23
40 5	19
40 6	44
40 7	37
40 11	10
40 12	13
40 15	1
40 17	9
40 18	0
40 20	4
40 21	32
40 22	11
40 23	2
40 25	45
40 27	8
40 29	30
40 30	43
40 32	18
40 34	26
40 35	16
40 36	3
40 39	14
40 43	29
40 45	20
40 46	6
40 47	46
40 48	21
40 49	39
41 0	23
41 2	21
41 3	13
41 4	10
41 5	47
41 6	16
41 7	1
41 8	46
41 9	49
41 11	36
41 12	28
41 13	43
41 14	30
41 15	20
41 16	17
41 17	22
41 18	38
41 21	8
41 23	27
41 24	14
41 27	12
41 28	48
41 29	31
41 30	5
41 31	3
41 32	40
41 33	2
41 34	9
41 35	29
41 36	26
41 37	25
41 38	41
41 39	35
41 40	44
41 41	24
41 42	7
41 43	37
41 44	4
41 46	32
41 49	42
42 2	41
42 3	36
42 5	48
42 6	22
42 7	25
42 10	26
42 11	39
42 15	3
42 16	47
42 17	18
42 19	12
42 20	30
42 21	33
42 23	14
42 24	9
42 26	43
42 28	5
42 29	40
42 30	6
42 31	1
42 33	29
42 35	28
42 38	35
42 39	37
42 40	45
42 41	15
42 42	4
42 43	49
42 44	31
42 45	8
42 46	13
42 47	21
42 48	46
42 49	27
43 0	16
43 2	31
43 3	10
43 5	26
43 6	0
43 7	45
43 9	6
43 12	21
43 14	48
43 15	18
43 16	44
43 17	36
43 18	4
43 19	41
43 20	42
43 21	23
43 22	35
43 24	39
43 26	30
43 27	2
43 29	28
43 31	8
43 32	12
43 33	3
43 35	1
43 37	29
43 38	5
43 40	22
43 41	47
43 42	25
43 43	19
43 44	14
43 46	43
43 49	33
44 0	35
44 3	32
44 4	27
44 5	33
44 6	26
44 7	10
44 8	5
44 9	39
44 15	44
44 16	21
44 19	37
44 20	1
44 22	23
44 23	4
44 24	40
44 25	13
44 27	46
44 28	42
44 29	45
44 32	38
44 34	6
44 35	30
44 36	28
44 37	11
44 38	22
44 41	8
44 43	2
44 45	17
44 46	25
44 47	20
44 48	48
44 49	36
45 0	25
45 2	10
45 3	8
45 4	9
45 6	21
45 10	1
45 11	0
45 12	30
45 13	39
45 16	3
45 17	37
45 19	27
45 20	17
45 21	4
45 22	44
45 23	33
45 24	19
45 25	29
45 27	48
45 28	13
45 29	46
45 31	23
45 32	11
45 33	24
45 35	26
45 36	36
45 37	5
45 38	43
45 39	15
45 40	2
45 43	32
45 44	22
45 45	34
45 46	16
45 48	41
45 49	7
46 0	32
46 1	33
46 2	15
46 3	48
46 5	18
46 6	41
46 7	22
46 8	24
46 9	45
46 10	39
46 11	30
46 12	9
46 14	1
46 15	8
46 18	47
46 20	27
46 21	10
46 22	12
46 23	37
46 25	20
46 26	49
46 27	44
46 28	19
46 29	25
46 30	14
46 32	16
46 33	43
46 34	3
46 35	5
46 36	23
46 37	13
46 40	21
46 42	36
46 44	46
46 45	2
46 46	26
46 47	6
46 48	11
46 49	31
47 0	43
47 1	12
47 3	28
47 4	18
47 6	10
47 7	13
47 8	25
47 9	30
47 11	47
47 15	22
47 16	16
47 17	14
47 18	37
47 19	39
47 22	40
47 25	41
47 27	1
47 28	33
47 29	35
47 30	23
47 31	19
47 32	31
47 33	9
47 36	4
47 38	8
47 39	45
47 41	48
47 43	38
47 44	44
47 46	3
47 47	5
47 48	24
47 49	15
48 0	17
48 2	45
48 3	11
48 5	29
48 6	15
48 7	2
48 8	36
48 9	24
48 10	41
48 12	47
48 13	16
48 16	48
48 18	1
48 19	19
48 20	39
48 21	31
48 22	20
48 23	7
48 24	28
48 25	6
48 26	0
48 28	8
48 29	14
48 30	33
48 31	38
48 34	22
48 36	35
48 38	27
48 39	25
48 40	3
48 42	43
48 43	18
48 46	34
48 47	40
48 48	26
48 49	10
49 1	26
49 4	40
49 6	11
49 7	30
49 8	10
49 9	32
49 11	6
49 12	17
49 13	25
49 14	14
49 15	36
49 16	2
49 19	7
49 21	29
49 22	27
49 24	35
49 25	19
49 26	22
49 27	49
49 28	46
49 29	3
49 30	41
49 31	0
49 32	44
49 33	12
49 34	39
49 35	24
49 36	5
49 37	48
49 38	42
49 39	9
49 40	37
49 41	1
49 42	31
49 44	33
49 45	38
49 47	4
49 49	13
