50
0 2	2
0 3	33
0 4	34
0 5	4
0 6	17
0 8	26
0 9	28
0 10	11
0 16	8
0 18	20
0 19	49
0 24	0
0 25	19
0 28	9
0 31	5
0 34	16
0 35	14
0 37	23
0 38	32
0 40	29
0 42	12
0 44	47
0 45	3
0 46	42
0 49	38
1 0	33
1 1	17
1 3	36
1 4	12
1 5	5
1 9	47
1 12	49
1 14	22
1 15	38
1 16	21
1 17	35
1 18	15
1 19	1
1 21	32
1 22	30
1 24	6
1 27	3
1 28	16
1 29	46
1 33	34
1 34	25
1 40	19
1 43	2
1 49	9
2 4	1
2 7	36
2 10	28
2 14	45
2 16	11
2 17	44
2 18	27
2 19	13
2 20	23
2 21	49
2 23	10
2 25	5
2 26	9
2 27	17
2 28	2
2 31	18
2 32	24
2 33	33
2 36	4
2 39	32
2 40	35
2 41	38
2 42	48
2 46	16
2 47	21
2 48	15
3 0	11
3 2	17
3 3	1
3 5	6
3 6	41
3 7	34
3 9	45
3 10	3
3 11	44
3 12	38
3 14	31
3 18	14
3 19	0
3 22	16
3 25	4
3 26	46
3 28	13
3 31	37
3 34	49
3 36	10
3 42	43
3 45	2
3 48	29
4 2	16
4 3	9
4 4	48
4 5	49
4 8	38
4 10	27
4 12	42
4 13	30
4 15	26
4 16	37
4 19	3
4 20	5
4 23	24
4 25	39
4 26	40
4 27	34
4 29	8
4 30	0
4 31	2
4 32	35
4 34	28
4 36	6
4 40	18
4 41	13
4 42	19
4 48	32
4 49	1
5 1	49
5 4	25
5 5	8
5 8	29
5 11	24
5 16	27
5 19	33
5 22	9
5 24	11
5 26	35
5 27	45
5 28	1
5 32	42
5 33	26
5 35	4
5 36	21
5 38	37
5 40	44
5 41	0
5 42	39
5 43	43
5 44	36
5 45	41
5 48	31
5 49	23
6 1	28
6 2	11
6 3	41
6 6	0
6 7	37
6 8	35
6 10	6
6 15	24
6 16	44
6 17	10
6 19	20
6 20	15
6 22	19
6 23	30
6 24	33
6 27	36
6 31	34
6 32	7
6 34	23
6 35	48
6 36	46
6 38	38
6 43	47
6 45	5
6 46	1
6 48	2
7 6	6
7 9	2
7 10	16
7 13	32
7 15	12
7 17	1
7 18	37
7 19	40
7 20	38
7 23	22
7 25	48
7 26	17
7 28	49
7 31	24
7 33	14
7 35	18
7 36	7
7 38	3
7 39	45
7 41	8
7 47	4
8 1	43
8 5	14
8 6	44
8 10	24
8 16	17
8 17	37
8 18	42
8 22	32
8 24	18
8 25	25
8 29	28
8 31	46
8 34	1
8 38	20
8 40	26
8 43	8
8 44	19
8 45	21
8 46	49
8 47	15
8 49	11
9 3	23
9 5	40
9 6	26
9 8	11
9 9	6
9 12	36
9 14	38
9 15	35
9 19	12
9 20	46
9 21	21
9 23	7
9 24	29
9 25	37
9 26	15
9 28	22
9 29	43
9 33	45
9 38	16
9 39	9
9 41	42
9 42	1
9 43	49
9 44	17
9 49	48
10 0	2
10 1	35
10 7	25
10 8	36
10 11	0
10 12	11
10 13	48
10 15	33
10 18	5
10 20	8
10 22	45
10 24	3
10 25	26
10 27	23
10 28	44
10 29	42
10 30	9
10 32	34
10 33	17
10 35	31
10 36	37
10 37	19
10 38	27
10 42	28
10 43	40
10 44	38
10 45	10
10 48	41
10 49	15
11 0	26
11 1	19
11 3	17
11 5	28
11 7	23
11 10	10
11 11	11
11 12	7
11 14	12
11 15	30
11 18	38
11 19	37
11 20	0
11 22	40
11 24	2
11 26	34
11 31	16
11 32	21
11 34	43
11 37	14
11 39	24
11 43	46
11 44	8
11 45	31
11 47	39
11 48	3
11 49	25
12 2	36
12 3	15
12 4	49
12 5	35
12 6	46
12 8	40
12 9	48
12 11	26
12 12	33
12 13	29
12 15	44
12 16	13
12 17	9
12 18	16
12 20	32
12 21	3
12 22	23
12 23	5
12 24	21
12 26	42
12 27	12
12 31	7
12 34	38
12 35	43
12 37	37
12 38	41
12 39	20
12 40	14
12 44	18
12 45	28
12 46	0
12 47	24
12 48	8
12 49	30
13 0	25
13 1	39
13 6	2
13 7	5
13 8	14
13 11	38
13 15	19
13 19	26
13 20	33
13 21	9
13 25	20
13 26	29
13 27	16
13 28	32
13 29	40
13 30	21
13 33	46
13 34	36
13 37	17
13 39	6
13 41	44
13 43	1
13 45	22
13 46	18
14 2	19
14 3	5
14 6	31
14 8	18
14 12	22
14 13	7
14 14	20
14 16	34
14 17	27
14 18	33
14 21	35
14 24	37
14 27	14
14 32	12
14 34	15
14 35	21
14 37	40
14 38	46
14 41	1
14 43	48
14 45	36
14 47	6
15 5	1
15 6	20
15 10	35
15 11	17
15 12	10
15 15	21
15 16	33
15 17	30
15 21	47
15 22	42
15 28	6
15 29	31
15 31	28
15 32	43
15 35	39
15 36	34
15 40	0
15 44	22
15 47	29
15 48	5
16 0	7
16 1	22
16 3	34
16 4	3
16 6	36
16 13	28
16 14	6
16 15	45
16 16	48
16 18	9
16 20	20
16 21	0
16 22	43
16 24	40
16 25	44
16 27	19
16 29	41
16 31	21
16 34	8
16 36	12
16 37	42
16 38	33
16 39	47
16 40	1
16 41	4
16 42	30
16 46	2
17 0	5
17 3	48
17 4	30
17 6	4
17 9	35
17 10	2
17 13	26
17 14	19
17 17	20
17 18	8
17 25	43
17 26	24
17 27	44
17 32	32
17 33	12
17 35	16
17 45	25
17 46	41
17 49	29
18 4	17
18 7	0
18 9	3
18 11	35
18 12	43
18 14	21
18 15	42
18 16	4
18 19	39
18 20	19
18 21	2
18 22	5
18 26	12
18 27	25
18 28	26
18 30	34
18 32	40
18 33	24
18 35	32
18 38	6
18 39	15
18 41	46
18 43	37
18 46	10
18 48	36
18 49	44
19 0	32
19 2	42
19 3	43
19 6	11
19 7	26
19 8	8
19 9	20
19 10	46
19 11	33
19 13	5
19 15	37
19 17	4
19 19	24
19 20	28
19 27	21
19 30	35
19 31	29
19 34	17
19 35	2
19 36	0
19 38	7
19 40	23
19 41	15
19 43	10
19 46	45
19 47	41
19 48	18
19 49	13
20 0	48
20 4	28
20 7	2
20 8	24
20 9	42
20 10	45
20 12	16
20 13	1
20 15	22
20 17	23
20 19	43
20 20	3
20 23	44
20 24	31
20 25	27
20 28	30
20 29	9
20 33	11
20 35	36
20 36	20
20 38	10
20 39	49
20 43	6
20 44	0
20 47	32
20 49	7
21 1	8
21 4	11
21 5	34
21 7	45
21 8	23
21 10	29
21 11	28
21 12	1
21 14	13
21 15	25
21 16	20
21 17	21
21 20	35
21 22	12
21 23	37
21 25	0
21 28	41
21 29	7
21 30	14
21 40	9
21 41	17
21 43	44
21 45	24
21 46	43
21 48	16
22 0	42
22 1	47
22 2	45
22 6	19
22 8	34
22 17	25
22 20	41
22 23	32
22 24	27
22 25	46
22 27	26
22 29	37
22 30	24
22 31	35
22 34	20
22 37	0
22 39	16
22 41	39
22 42	13
22 43	33
22 44	48
22 45	11
22 47	36
22 48	28
23 6	38
23 7	11
23 10	19
23 11	42
23 12	39
23 15	31
23 18	0
23 19	15
23 20	24
23 23	16
23 28	40
23 29	48
23 32	25
23 33	30
23 34	33
23 35	20
23 37	22
23 38	14
23 41	45
23 42	44
23 43	12
23 45	34
23 46	29
23 48	6
23 49	37
24 2	23
24 3	11
24 5	32
24 6	22
24 7	14
24 8	12
24 9	36
24 10	20
24 11	15
24 12	9
24 20	6
24 21	28
24 22	21
24 23	40
24 25	34
24 26	44
24 27	18
24 28	48
24 29	13
24 30	10
24 32	16
24 34	39
24 36	25
24 38	24
24 39	37
24 40	8
24 44	42
24 47	31
25 0	31
25 4	36
25 10	0
25 16	18
25 21	4
25 22	39
25 23	46
25 26	32
25 27	6
25 30	43
25 31	19
25 32	44
25 33	20
25 34	40
25 38	12
25 39	42
25 40	25
25 41	26
25 44	14
25 45	15
25 46	22
25 48	7
26 3	46
26 4	29
26 5	16
26 6	21
26 7	10
26 8	0
26 9	7
26 13	4
26 14	14
26 16	39
26 24	47
26 25	41
26 27	42
26 29	11
26 32	2
26 34	26
26 36	38
26 37	34
26 44	3
26 47	30
26 48	45
26 49	32
27 1	37
27 2	0
27 3	8
27 4	4
27 6	45
27 8	48
27 10	25
27 11	13
27 13	16
27 18	1
27 20	40
27 21	26
27 22	7
27 23	28
27 24	9
27 27	30
27 28	23
27 29	18
27 31	3
27 32	10
27 33	27
27 35	24
27 36	43
27 38	2
27 39	21
27 41	31
27 42	15
27 43	5
27 44	32
27 49	14
28 1	32
28 2	26
28 5	33
28 10	15
28 11	9
28 12	8
28 14	5
28 15	28
28 16	31
28 18	11
28 22	13
28 23	14
28 25	2
28 29	12
28 31	4
28 33	0
28 35	27
28 37	36
28 39	44
28 42	22
28 45	29
28 46	40
28 47	16
29 0	49
29 2	4
29 4	14
29 5	39
29 6	16
29 8	21
29 10	43
29 12	47
29 13	33
29 14	15
29 15	23
29 17	28
29 20	37
29 22	38
29 24	46
29 27	5
29 28	19
29 30	31
29 31	25
29 33	41
29 34	29
29 36	35
29 40	34
29 42	24
29 45	40
29 47	44
29 48	0
29 49	45
30 1	27
30 2	49
30 6	12
30 7	28
30 9	34
30 10	5
30 11	37
30 13	25
30 14	48
30 15	4
30 16	14
30 17	46
30 18	35
30 20	11
30 24	13
30 25	17
30 27	38
30 30	7
30 31	32
30 34	9
30 36	42
30 39	19
30 41	6
30 44	30
30 45	8
30 46	47
30 48	26
31 4	33
31 5	12
31 6	14
31 7	19
31 10	36
31 11	43
31 17	24
31 19	4
31 21	6
31 22	28
31 24	39
31 25	18
31 29	15
31 32	23
31 33	9
31 34	22
31 35	44
31 38	21
31 39	48
31 41	5
31 43	38
31 47	37
31 48	40
31 49	47
32 0	20
32 3	25
32 4	2
32 5	23
32 6	10
32 7	35
32 10	33
32 11	41
32 12	5
32 13	18
32 15	11
32 19	8
32 21	38
32 24	1
32 29	27
32 30	40
32 31	17
32 32	3
32 33	7
32 34	0
32 37	4
32 38	44
32 39	28
32 40	13
32 42	42
32 43	32
32 46	30
32 47	49
32 48	19
32 49	36
33 0	0
33 2	32
33 3	37
33 4	8
33 6	24
33 7	38
33 16	26
33 19	46
33 20	42
33 23	31
33 24	35
33 25	29
33 27	33
33 29	5
33 32	11
33 33	10
33 35	15
33 36	40
33 40	27
33 42	34
33 43	21
33 45	39
33 46	19
33 48	22
33 49	16
34 1	14
34 2	8
34 4	27
34 6	5
34 7	7
34 9	18
34 12	25
34 15	0
34 17	32
34 19	2
34 20	9
34 22	49
34 24	43
34 25	35
34 26	22
34 27	15
34 29	23
34 35	34
34 40	39
34 41	24
34 44	16
34 46	21
34 47	48
34 48	13
34 49	10
35 5	37
35 7	32
35 8	41
35 9	5
35 12	44
35 13	14
35 15	10
35 16	23
35 19	29
35 22	35
35 24	26
35 28	4
35 29	21
35 31	12
35 32	22
35 33	8
35 34	34
35 39	46
35 41	11
35 43	27
35 44	9
35 45	7
35 48	42
36 0	36
36 1	40
36 2	1
36 3	39
36 5	41
36 7	29
36 8	17
36 13	34
36 14	10
36 15	2
36 16	28
36 20	30
36 22	31
36 25	14
36 26	3
36 27	49
36 28	21
36 31	9
36 40	42
36 41	19
36 43	25
36 44	13
36 47	5
36 48	48
36 49	8
37 0	35
37 2	14
37 3	0
37 4	41
37 5	48
37 6	30
37 7	6
37 9	8
37 10	18
37 13	44
37 18	29
37 20	21
37 21	39
37 22	20
37 24	28
37 26	33
37 28	37
37 30	5
37 31	15
37 32	31
37 37	2
37 39	7
37 40	45
37 41	22
37 44	1
37 47	11
38 3	27
38 6	25
38 8	5
38 9	16
38 12	23
38 13	38
38 17	47
38 18	44
38 20	4
38 24	49
38 26	19
38 27	1
38 29	32
38 31	30
38 34	10
38 35	7
38 36	24
38 37	18
38 38	48
38 39	39
38 40	31
38 45	33
38 46	9
38 49	26
39 1	16
39 4	39
39 5	25
39 7	40
39 9	33
39 11	14
39 17	15
39 19	11
39 22	10
39 23	48
39 26	13
39 27	0
39 29	36
39 34	7
39 36	5
39 38	30
39 41	18
39 44	49
39 47	22
39 48	38
40 0	44
40 4	21
40 5	45
40 6	7
40 12	4
40 14	33
40 15	5
40 21	37
40 23	42
40 25	13
40 29	29
40 39	2
40 40	22
40 41	28
40 42	17
40 44	35
40 48	34
40 49	24
41 0	12
41 1	6
41 2	38
41 3	44
41 4	5
41 5	18
41 6	9
41 12	17
41 13	36
41 14	46
41 15	48
41 18	40
41 20	14
41 21	13
41 22	0
41 23	20
41 24	32
41 25	11
41 27	29
41 29	49
41 31	26
41 34	41
41 36	1
41 37	3
41 38	8
41 40	15
41 49	21
42 0	6
42 1	48
42 2	18
42 3	12
42 5	42
42 6	8
42 8	47
42 9	15
42 10	21
42 12	26
42 13	39
42 19	14
42 21	11
42 24	5
42 25	30
42 26	28
42 27	27
42 28	25
42 33	2
42 35	49
42 36	17
42 37	44
42 39	10
42 40	36
42 41	40
42 42	20
42 43	45
42 44	43
42 46	37
42 47	9
42 49	35
43 0	24
43 2	7
43 5	2
43 9	10
43 10	14
43 12	19
43 14	27
43 15	6
43 17	29
43 18	18
43 22	37
43 23	35
43 24	15
43 26	41
43 28	20
43 29	4
43 30	44
43 32	49
43 34	3
43 35	22
43 42	25
43 43	17
43 44	11
43 46	36
43 47	1
43 48	43
44 0	40
44 4	42
44 6	37
44 8	22
44 15	15
44 20	13
44 23	34
44 26	2
44 29	3
44 30	23
44 31	27
44 33	16
44 36	32
44 37	1
44 38	19
44 39	25
45 0	9
45 1	18
45 2	10
45 3	24
45 4	40
45 7	46
45 8	33
45 10	44
45 12	45
45 13	3
45 14	42
45 15	14
45 18	28
45 19	7
45 21	34
45 23	1
45 25	32
45 27	48
45 31	6
45 32	41
45 36	15
45 38	35
45 39	11
45 42	36
45 44	31
45 45	26
45 46	38
45 48	30
46 0	28
46 1	0
46 4	38
46 6	1
46 7	17
46 9	26
46 14	32
46 18	12
46 19	45
46 20	25
46 21	44
46 22	36
46 24	48
46 28	8
46 29	20
46 30	49
46 32	9
46 33	43
46 34	21
46 39	33
46 40	6
46 41	27
46 43	18
46 44	4
46 46	35
46 47	7
46 48	47
47 1	15
47 4	16
47 5	20
47 7	42
47 9	1
47 10	30
47 11	32
47 12	2
47 13	37
47 14	40
47 16	29
47 19	18
47 20	31
47 21	8
47 23	0
47 27	7
47 33	25
47 35	5
47 37	33
47 42	46
47 46	3
47 47	10
47 48	44
48 1	36
48 3	26
48 4	24
48 6	27
48 9	38
48 10	9
48 11	25
48 13	15
48 14	35
48 17	45
48 19	42
48 22	4
48 23	8
48 25	47
48 26	7
48 27	22
48 28	10
48 29	1
48 30	16
48 31	14
48 33	18
48 35	17
48 36	48
48 38	5
48 42	40
48 46	39
49 0	8
49 1	20
49 2	22
49 3	10
49 5	24
49 7	31
49 8	27
49 9	9
49 10	39
49 11	7
49 18	19
49 19	30
49 23	4
49 24	44
49 25	36
49 26	5
49 27	46
49 31	40
49 32	45
49 34	18
49 36	2
49 37	25
49 38	13
49 43	15
49 44	28
49 46	14
49 49	34
