50
0 0	46
0 2	20
0 4	5
0 6	47
0 7	29
0 8	12
0 9	48
0 10	4
0 11	14
0 13	22
0 15	28
0 16	21
0 17	24
0 18	25
0 20	35
0 21	33
0 22	45
0 25	38
0 27	16
0 28	17
0 30	19
0 31	1
0 33	32
0 34	6
0 35	0
0 36	18
0 38	8
0 39	44
0 40	37
0 44	13
0 45	31
0 46	42
0 49	9
1 6	45
1 7	48
1 8	36
1 9	8
1 10	43
1 13	14
1 14	4
1 15	7
1 16	35
1 17	44
1 18	39
1 20	24
1 21	34
1 22	47
1 23	10
1 24	26
1 28	16
1 29	42
1 33	25
1 34	37
1 35	32
1 36	13
1 37	30
1 41	20
1 42	12
1 43	41
1 44	49
1 45	5
1 49	21
2 0	45
2 2	42
2 5	13
2 6	9
2 8	6
2 12	11
2 13	10
2 14	39
2 15	3
2 17	27
2 18	14
2 20	21
2 24	48
2 25	8
2 27	25
2 28	2
2 31	22
2 33	20
2 34	44
2 35	7
2 36	37
2 37	5
2 38	24
2 40	16
2 41	40
2 42	30
2 44	29
2 45	38
2 46	32
2 48	34
2 49	33
3 0	20
3 1	37
3 2	27
3 3	31
3 4	13
3 7	19
3 8	17
3 9	7
3 10	49
3 12	41
3 14	11
3 16	5
3 19	2
3 20	15
3 21	8
3 22	44
3 26	30
3 27	3
3 29	6
3 33	18
3 34	21
3 36	16
3 38	36
3 40	48
3 45	39
3 47	4
3 49	34
4 1	44
4 6	46
4 8	25
4 9	31
4 10	37
4 11	15
4 12	22
4 15	24
4 18	45
4 20	49
4 21	5
4 23	42
4 24	21
4 25	41
4 26	4
4 27	9
4 28	20
4 29	23
4 31	13
4 32	8
4 33	36
4 35	14
4 36	10
4 38	40
4 40	29
4 43	6
4 45	16
4 46	30
4 48	26
4 49	7
5 0	18
5 1	10
5 2	21
5 3	48
5 5	30
5 7	36
5 10	42
5 12	47
5 14	31
5 15	23
5 16	25
5 18	27
5 19	24
5 20	33
5 22	22
5 23	41
5 24	16
5 25	32
5 26	6
5 27	28
5 28	14
5 29	1
5 30	34
5 31	3
5 34	40
5 36	46
5 37	20
5 38	4
5 39	2
5 40	13
5 43	49
5 45	35
5 49	38
6 1	43
6 2	18
6 4	9
6 5	36
6 6	40
6 7	3
6 12	4
6 14	10
6 15	16
6 16	12
6 18	0
6 20	13
6 22	5
6 23	23
6 24	20
6 27	32
6 28	24
6 29	14
6 31	31
6 33	30
6 35	28
6 39	15
6 40	19
6 41	29
6 42	42
6 44	35
6 45	17
6 47	39
7 2	34
7 3	15
7 5	46
7 6	42
7 7	11
7 9	13
7 11	10
7 12	3
7 13	37
7 14	6
7 15	36
7 16	47
7 17	33
7 20	5
7 21	2
7 22	23
7 23	26
7 24	31
7 26	27
7 29	25
7 30	7
7 32	16
7 34	28
7 35	43
7 36	39
7 38	44
7 41	48
7 44	18
7 45	45
7 46	14
7 47	35
7 48	24
7 49	17
8 1	4
8 3	22
8 4	19
8 5	29
8 7	27
8 8	24
8 10	5
8 12	2
8 13	40
8 14	23
8 15	20
8 16	48
8 17	41
8 18	17
8 20	10
8 21	31
8 23	16
8 25	7
8 26	9
8 27	0
8 31	46
8 33	42
8 34	12
8 35	34
8 36	8
8 37	38
8 38	11
8 39	47
8 40	3
8 41	18
8 42	37
8 45	15
8 47	25
9 0	16
9 1	19
9 3	46
9 4	21
9 5	12
9 8	23
9 9	6
9 10	41
9 11	34
9 12	29
9 13	28
9 14	48
9 15	27
9 16	37
9 17	45
9 18	11
9 19	13
9 20	39
9 23	32
9 29	40
9 32	38
9 33	15
9 35	2
9 37	7
9 38	47
9 43	44
9 44	17
9 46	10
9 47	3
9 48	18
9 49	43
10 0	25
10 1	2
10 3	18
10 4	33
10 6	13
10 11	7
10 13	24
10 14	45
10 15	39
10 16	11
10 19	46
10 22	35
10 24	17
10 25	6
10 26	5
10 27	1
10 28	8
10 31	47
10 33	19
10 35	38
10 37	37
10 39	41
10 43	32
10 46	22
10 48	20
11 0	11
11 1	5
11 2	41
11 4	17
11 5	10
11 7	21
11 9	42
11 10	45
11 14	19
11 15	12
11 16	40
11 17	46
11 18	29
11 24	7
11 26	24
11 27	35
11 33	26
11 34	30
11 35	36
11 36	44
11 37	27
11 39	37
11 41	13
11 42	33
11 43	31
11 44	48
11 45	22
11 47	38
11 49	2
12 0	37
12 1	3
12 2	39
12 5	41
12 6	6
12 8	35
12 10	13
12 11	30
12 16	49
12 17	0
12 18	2
12 19	47
12 24	28
12 26	17
12 28	10
12 29	38
12 30	11
12 31	48
12 32	33
12 33	31
12 34	24
12 37	36
12 38	45
12 40	18
12 42	32
12 43	20
12 44	4
12 46	34
12 47	19
12 49	1
13 1	33
13 2	13
13 4	0
13 5	45
13 6	25
13 7	23
13 11	19
13 12	5
13 13	4
13 14	35
13 15	8
13 16	41
13 18	30
13 21	9
13 23	43
13 24	47
13 25	44
13 28	11
13 33	12
13 35	29
13 37	48
13 40	36
13 41	27
13 43	21
13 44	39
13 45	2
13 48	14
14 0	38
14 1	31
14 3	40
14 4	46
14 5	6
14 6	35
14 8	10
14 9	49
14 10	2
14 11	45
14 12	14
14 13	44
14 14	24
14 15	48
14 16	29
14 17	21
14 18	18
14 20	0
14 21	28
14 22	26
14 23	9
14 24	1
14 25	34
14 26	37
14 27	11
14 28	19
14 29	27
14 30	13
14 31	25
14 33	3
14 35	12
14 36	30
14 37	39
14 38	33
14 42	7
14 49	15
15 0	23
15 1	35
15 2	37
15 5	16
15 6	31
15 7	2
15 9	27
15 12	17
15 13	1
15 16	22
15 17	32
15 20	19
15 21	11
15 22	6
15 24	14
15 26	48
15 27	36
15 28	5
15 30	15
15 31	0
15 32	42
15 33	34
15 35	26
15 36	40
15 38	21
15 39	38
15 43	43
15 44	25
15 45	20
15 46	47
15 47	49
16 0	40
16 1	27
16 2	7
16 3	6
16 6	8
16 8	16
16 9	11
16 10	21
16 11	42
16 13	0
16 14	3
16 16	24
16 17	28
16 19	10
16 23	4
16 25	23
16 26	46
16 28	49
16 29	35
16 31	32
16 33	45
16 34	17
16 35	39
16 36	19
16 37	2
16 38	41
16 40	30
16 42	26
16 43	12
16 45	37
16 48	13
17 4	25
17 5	37
17 6	11
17 7	49
17 8	14
17 9	20
17 10	44
17 15	15
17 18	47
17 21	7
17 23	33
17 24	32
17 25	48
17 26	8
17 27	17
17 29	2
17 30	39
17 31	42
17 32	22
17 34	3
17 35	13
17 36	27
17 37	43
17 39	12
17 42	29
17 45	28
17 46	4
17 48	46
18 0	33
18 2	48
18 3	45
18 5	31
18 6	37
18 7	18
18 8	1
18 9	38
18 12	21
18 13	12
18 14	43
18 15	44
18 16	30
18 20	47
18 21	10
18 24	39
18 25	29
18 26	34
18 27	27
18 29	17
18 32	32
18 36	23
18 38	7
18 39	36
18 41	8
18 42	20
18 46	5
18 47	13
18 48	2
19 1	8
19 2	10
19 3	13
19 6	7
19 7	0
19 8	18
19 10	24
19 11	47
19 12	46
19 13	21
19 18	20
19 20	9
19 22	28
19 25	15
19 27	26
19 28	33
19 30	32
19 31	41
19 32	2
19 34	42
19 37	17
19 38	39
19 39	25
19 42	27
19 44	38
19 45	48
19 46	29
19 47	30
19 48	43
20 0	39
20 1	0
20 3	21
20 5	1
20 7	45
20 10	29
20 11	23
20 12	33
20 15	22
20 16	18
20 18	4
20 19	5
20 21	36
20 22	49
20 23	17
20 24	34
20 25	31
20 26	38
20 27	8
20 29	44
20 30	41
20 31	14
20 32	9
20 33	16
20 34	13
20 35	24
20 37	11
20 39	6
20 40	47
20 42	28
20 43	42
20 44	20
20 46	15
20 47	27
20 49	37
21 0	15
21 1	38
21 2	49
21 3	5
21 4	6
21 8	13
21 9	22
21 10	17
21 12	16
21 13	42
21 15	11
21 18	10
21 21	4
21 22	12
21 23	34
21 25	20
21 27	23
21 31	26
21 32	37
21 36	31
21 39	18
21 40	32
21 41	47
21 43	3
21 45	14
21 47	46
21 48	19
21 49	41
22 1	16
22 2	25
22 3	49
22 4	15
22 5	21
22 6	41
22 7	20
22 11	36
22 13	8
22 14	18
22 16	2
22 17	23
22 18	28
22 19	31
22 21	38
22 25	42
22 27	33
22 29	4
22 30	48
22 33	9
22 35	37
22 38	13
22 39	46
22 40	22
22 42	10
22 43	45
22 45	47
22 47	1
22 48	6
22 49	44
23 0	43
23 1	17
23 2	22
23 3	36
23 4	32
23 5	20
23 7	13
23 8	41
23 10	26
23 11	25
23 12	42
23 13	33
23 19	21
23 21	44
23 25	5
23 28	47
23 31	30
23 32	48
23 33	1
23 36	35
23 39	40
23 41	16
23 42	49
23 43	11
23 45	7
23 46	38
23 49	28
24 1	14
24 3	23
24 4	38
24 7	17
24 8	5
24 10	25
24 11	33
24 12	36
24 13	7
24 16	0
24 17	42
24 18	26
24 19	41
24 20	12
24 21	45
24 22	40
24 24	2
24 25	4
24 28	28
24 29	24
24 31	34
24 33	6
24 35	49
24 36	11
24 37	46
24 38	3
24 41	35
24 42	13
24 43	10
24 46	27
24 47	8
24 48	32
24 49	22
25 0	13
25 2	31
25 3	27
25 4	22
25 6	32
25 7	25
25 9	33
25 11	18
25 12	7
25 15	26
25 16	16
25 17	40
25 19	34
25 21	39
25 22	37
25 26	2
25 28	44
25 29	48
25 30	42
25 32	41
25 34	47
25 37	49
25 38	15
25 40	43
25 41	6
25 42	24
25 43	38
25 44	23
25 45	46
25 46	11
25 48	30
25 49	4
26 1	46
26 2	0
26 3	11
26 4	28
26 5	4
26 6	21
26 9	35
26 10	36
26 12	20
26 13	39
26 14	47
26 15	38
26 16	33
26 17	17
26 19	22
26 20	26
26 24	18
26 26	19
26 29	12
26 30	27
26 31	45
26 32	1
26 33	7
26 34	49
26 35	10
26 36	5
26 39	9
26 40	24
26 43	30
26 44	3
26 45	40
26 46	13
26 47	14
26 48	25
26 49	29
27 0	47
27 1	28
27 2	36
27 4	24
27 5	5
27 6	34
27 7	38
27 9	39
27 12	0
27 13	6
27 15	41
27 16	46
27 17	49
27 20	25
27 21	27
27 22	14
27 24	13
27 26	45
27 27	31
27 28	21
27 29	29
27 30	3
27 31	43
27 34	1
27 36	48
27 37	18
27 42	11
27 45	10
27 46	23
27 48	7
28 0	6
28 1	47
28 2	19
28 7	30
28 10	31
28 15	34
28 16	38
28 19	16
28 21	13
28 26	14
28 35	20
28 36	49
28 37	1
28 39	10
28 40	21
28 41	5
28 42	35
28 43	33
28 44	40
28 45	36
28 47	37
28 48	11
29 0	8
29 3	17
29 7	37
29 10	10
29 11	29
29 12	26
29 13	35
29 14	0
29 18	1
29 19	20
29 21	21
29 22	2
29 23	11
29 24	30
29 26	42
29 27	24
29 28	4
29 29	39
29 32	49
29 33	47
29 36	12
29 37	13
29 40	5
29 41	36
29 43	9
29 45	33
29 46	40
29 47	43
29 49	6
30 1	11
30 2	29
30 4	45
30 5	48
30 6	23
30 8	44
30 10	20
30 11	22
30 13	34
30 14	36
30 15	33
30 16	10
30 17	14
30 22	7
30 23	18
30 24	0
30 25	21
30 27	6
30 28	1
30 29	3
30 30	35
30 34	38
30 37	12
30 39	16
30 40	25
30 41	4
30 43	46
30 44	24
30 45	32
30 46	39
30 47	42
30 48	47
30 49	13
31 0	21
31 1	24
31 2	43
31 3	12
31 8	29
31 10	3
31 12	34
31 15	9
31 19	32
31 20	41
31 22	11
31 24	49
31 25	27
31 26	33
31 28	38
31 29	47
31 31	44
31 34	8
31 36	1
31 37	14
31 38	10
31 43	17
31 48	5
31 49	42
32 0	28
32 1	7
32 7	16
32 9	24
32 10	48
32 11	5
32 13	29
32 14	30
32 15	32
32 19	35
32 20	42
32 21	49
32 24	11
32 25	40
32 30	43
32 31	23
32 33	4
32 34	25
32 35	47
32 37	0
32 38	17
32 41	19
32 42	21
32 43	39
32 44	37
32 46	31
32 49	26
33 1	34
33 4	49
33 5	47
33 6	14
33 8	11
33 10	39
33 11	35
33 12	25
33 13	27
33 14	28
33 16	20
33 17	5
33 18	36
33 22	17
33 24	41
33 26	44
33 27	40
33 29	26
33 31	24
33 32	3
33 33	22
33 34	45
33 38	30
33 40	0
33 41	12
33 42	9
33 45	21
33 46	6
34 3	41
34 6	28
34 7	15
34 8	42
34 9	25
34 12	38
34 14	20
34 15	45
34 17	37
34 18	40
34 19	30
34 20	4
34 23	29
34 24	22
34 26	7
34 28	0
34 30	31
34 31	10
34 32	43
34 33	35
34 34	34
34 35	18
34 36	21
34 38	6
34 40	26
34 41	44
34 44	27
34 47	47
34 49	32
35 0	7
35 1	29
35 2	11
35 3	2
35 4	42
35 6	22
35 7	28
35 9	26
35 10	18
35 12	10
35 14	44
35 15	4
35 16	17
35 20	36
35 21	3
35 22	19
35 23	6
35 24	24
35 25	47
35 27	46
35 32	12
35 34	23
35 35	8
35 36	14
35 37	9
35 39	32
35 42	48
35 46	20
35 47	41
35 49	25
36 4	37
36 7	12
36 10	35
36 13	15
36 15	49
36 16	26
36 17	7
36 18	44
36 21	41
36 22	30
36 23	3
36 25	45
36 26	13
36 27	21
36 28	27
36 29	9
36 31	8
36 38	20
36 40	4
36 42	22
36 44	28
37 0	44
37 1	39
37 2	12
37 3	8
37 4	11
37 5	28
37 7	35
37 8	45
37 9	14
37 10	40
37 11	4
37 13	41
37 14	46
37 17	25
37 19	3
37 20	20
37 22	32
37 23	22
37 26	26
37 28	48
37 29	21
37 31	17
37 32	13
37 33	29
37 34	18
37 35	1
37 36	47
37 37	24
37 39	49
37 40	34
37 41	7
37 42	31
37 44	0
37 45	27
37 48	33
38 2	45
38 6	29
38 8	21
38 9	10
38 12	6
38 16	4
38 18	16
38 19	0
38 20	8
38 25	35
38 26	39
38 28	36
38 29	31
38 30	25
38 32	14
38 33	41
38 34	27
38 36	2
38 42	3
38 43	26
38 45	34
38 46	12
38 47	23
38 49	40
39 0	12
39 1	45
39 4	39
39 5	42
39 9	16
39 10	34
39 11	44
39 13	11
39 14	9
39 15	18
39 16	43
39 18	5
39 19	38
39 20	37
39 21	1
39 22	8
39 23	13
39 25	3
39 27	41
39 28	30
39 30	10
39 31	29
39 32	47
39 33	17
39 34	36
39 35	6
39 36	24
39 38	48
39 39	27
39 41	32
39 42	0
39 46	7
39 48	22
40 2	9
40 6	12
40 7	46
40 8	15
40 9	4
40 10	47
40 11	6
40 13	30
40 14	37
40 15	1
40 16	34
40 18	31
40 20	23
40 21	0
40 24	27
40 26	40
40 27	49
40 28	7
40 29	19
40 30	20
40 32	26
40 33	11
40 34	29
40 35	44
40 37	25
40 38	16
40 41	10
40 43	35
40 45	13
40 46	45
40 48	38
41 0	32
41 2	46
41 4	41
41 5	27
41 7	10
41 9	3
41 10	7
41 11	31
41 12	45
41 13	17
41 15	29
41 17	36
41 18	43
41 21	20
41 24	12
41 27	37
41 28	34
41 29	16
41 30	2
41 31	5
41 33	13
41 36	22
41 37	15
41 38	28
41 39	42
41 41	33
41 44	44
41 45	30
41 47	6
42 0	19
42 1	13
42 3	34
42 4	16
42 6	4
42 8	26
42 9	43
42 10	33
42 15	14
42 16	15
42 17	6
42 20	30
42 22	10
42 23	25
42 24	9
42 25	0
42 28	46
42 29	5
42 31	27
42 33	23
42 34	20
42 36	3
42 38	38
42 39	39
42 40	7
42 42	41
42 43	24
42 46	35
42 47	48
42 48	1
42 49	31
43 0	31
43 2	6
43 5	9
43 9	30
43 10	27
43 11	2
43 12	18
43 13	32
43 14	29
43 15	5
43 17	35
43 20	38
43 21	17
43 24	40
43 25	43
43 27	42
43 28	12
43 29	22
43 30	44
43 31	36
43 33	49
43 34	41
43 36	33
43 37	4
43 39	45
43 41	25
43 42	47
43 43	13
43 44	7
43 46	19
43 47	34
43 49	16
44 0	29
44 1	41
44 2	30
44 4	47
44 5	25
44 7	40
44 8	20
44 9	18
44 10	0
44 11	38
44 12	9
44 13	13
44 14	49
44 18	15
44 20	16
44 22	24
44 23	28
44 26	1
44 28	31
44 30	45
44 33	27
44 35	48
44 37	35
44 38	22
44 39	23
44 40	11
44 41	26
44 43	8
44 44	36
44 45	42
44 47	7
44 48	3
45 1	1
45 2	16
45 4	30
45 5	15
45 7	26
45 11	0
45 12	28
45 13	31
45 14	41
45 22	13
45 23	36
45 24	23
45 25	39
45 26	20
45 27	12
45 31	33
45 34	22
45 35	4
45 37	34
45 38	42
45 39	3
45 41	21
45 42	17
45 43	7
45 45	9
45 46	44
45 47	5
45 48	49
45 49	48
46 0	14
46 1	25
46 4	7
46 6	0
46 7	33
46 8	9
46 9	44
46 11	49
46 12	43
46 13	20
46 14	5
46 15	6
46 16	42
46 17	29
46 18	41
46 20	22
46 23	21
46 24	4
46 26	10
46 27	34
46 28	13
46 29	18
46 30	17
46 31	12
46 32	23
46 35	19
46 36	15
46 38	27
46 40	38
46 41	31
46 42	45
46 43	37
46 44	2
47 0	22
47 1	20
47 4	14
47 5	38
47 6	24
47 7	6
47 8	33
47 10	16
47 12	35
47 15	37
47 16	23
47 17	1
47 19	49
47 20	31
47 21	47
47 22	29
47 23	45
47 24	5
47 26	28
47 27	7
47 30	26
47 32	40
47 35	30
47 36	41
47 37	10
47 39	11
47 40	39
47 41	3
47 43	15
47 46	18
47 47	44
47 48	9
47 49	27
48 0	10
48 1	42
48 2	17
48 6	27
48 7	34
48 10	9
48 12	1
48 15	35
48 17	22
48 19	48
48 23	2
48 24	15
48 25	19
48 27	43
48 28	26
48 30	14
48 32	39
48 33	24
48 35	33
48 37	32
48 38	18
48 39	5
48 41	0
48 42	6
48 44	47
48 47	45
48 49	20
49 0	0
49 3	39
49 4	1
49 5	3
49 6	43
49 7	9
49 9	34
49 10	11
49 11	20
49 14	14
49 15	21
49 16	32
49 21	42
49 22	48
49 23	31
49 24	46
49 25	10
49 26	47
49 27	13
49 28	37
49 29	7
49 30	12
49 31	40
49 32	6
49 33	38
49 34	16
49 35	27
49 36	36
49 38	23
49 40	33
49 42	44
49 44	8
49 45	25
49 47	22
49 48	4
