50
0 0	16
0 1	30
0 2	44
0 3	21
0 5	4
0 7	42
0 8	41
0 10	48
0 12	15
0 13	35
0 14	43
0 15	5
0 16	45
0 18	18
0 21	17
0 22	39
0 23	34
0 24	27
0 25	0
0 27	28
0 28	20
0 29	12
0 30	6
0 31	36
0 33	38
0 34	26
0 36	49
0 38	37
0 40	33
0 41	25
0 42	3
0 43	10
0 45	1
0 47	13
0 48	40
0 49	7
1 0	39
1 1	42
1 2	26
1 3	10
1 4	35
1 7	37
1 8	29
1 10	28
1 11	17
1 12	11
1 14	27
1 16	20
1 18	40
1 19	38
1 21	18
1 23	49
1 24	13
1 26	46
1 27	8
1 28	7
1 30	9
1 31	21
1 33	23
1 35	4
1 37	33
1 38	0
1 40	2
1 41	6
1 43	25
1 45	14
1 46	16
1 47	5
1 48	34
1 49	32
2 0	10
2 2	25
2 3	17
2 4	32
2 5	40
2 6	2
2 7	14
2 8	46
2 9	31
2 10	38
2 13	30
2 14	21
2 16	24
2 17	43
2 18	49
2 19	6
2 21	5
2 23	7
2 24	0
2 26	1
2 27	36
2 30	41
2 31	34
2 32	22
2 33	47
2 34	29
2 36	4
2 37	23
2 38	48
2 39	44
2 40	27
2 41	16
2 46	3
2 47	19
2 48	26
2 49	42
3 0	40
3 3	31
3 4	17
3 6	37
3 9	39
3 10	0
3 11	48
3 12	33
3 13	38
3 14	42
3 15	13
3 16	12
3 17	16
3 19	15
3 22	24
3 23	27
3 25	41
3 28	6
3 29	47
3 31	35
3 32	23
3 34	3
3 35	32
3 36	26
3 37	49
3 38	36
3 40	11
3 41	30
3 42	18
3 43	45
3 44	2
3 45	8
3 46	9
3 47	20
3 48	44
3 49	28
4 0	46
4 1	47
4 2	17
4 3	13
4 6	25
4 8	30
4 9	36
4 10	6
4 11	8
4 12	32
4 13	43
4 15	20
4 17	39
4 20	0
4 21	49
4 23	12
4 25	16
4 26	29
4 27	35
4 28	27
4 30	44
4 31	18
4 33	21
4 34	15
4 35	1
4 36	40
4 37	48
4 40	5
4 41	41
4 42	2
4 44	19
4 45	3
4 46	33
4 47	24
5 1	21
5 2	12
5 3	46
5 4	41
5 5	19
5 6	1
5 7	13
5 9	49
5 10	17
5 11	34
5 12	5
5 13	14
5 14	32
5 15	43
5 16	3
5 17	22
5 18	26
5 20	48
5 21	23
5 22	29
5 25	33
5 27	15
5 28	35
5 29	24
5 34	39
5 35	37
5 36	38
5 37	16
5 38	7
5 39	30
5 40	18
5 41	44
5 42	28
5 43	40
5 44	6
5 46	2
5 47	47
5 48	9
5 49	31
6 0	36
6 1	4
6 4	47
6 5	43
6 8	14
6 12	28
6 13	33
6 14	19
6 15	11
6 16	41
6 20	40
6 21	12
6 24	16
6 25	39
6 26	34
6 27	2
6 28	24
6 29	27
6 30	25
6 33	9
6 34	10
6 35	7
6 36	18
6 38	30
6 40	3
6 41	42
6 42	46
6 45	38
6 48	49
6 49	21
7 1	24
7 4	40
7 5	10
7 8	26
7 9	21
7 10	2
7 13	8
7 14	1
7 15	4
7 16	38
7 17	17
7 19	29
7 20	18
7 22	11
7 23	16
7 24	7
7 26	23
7 28	22
7 29	35
7 30	39
7 31	48
7 32	6
7 33	25
7 35	15
7 37	46
7 39	9
7 40	12
7 41	0
7 43	32
7 48	5
7 49	36
8 0	38
8 1	2
8 2	43
8 3	28
8 5	39
8 6	7
8 10	13
8 11	24
8 13	31
8 14	18
8 15	14
8 17	5
8 19	46
8 20	6
8 21	20
8 22	9
8 23	37
8 24	25
8 25	40
8 27	47
8 28	34
8 29	33
8 30	35
8 35	23
8 36	0
8 37	30
8 39	11
8 40	10
8 41	21
8 42	32
8 43	12
8 45	16
8 47	48
8 48	41
8 49	8
9 0	3
9 1	41
9 2	15
9 3	9
9 7	0
9 8	10
9 9	19
9 11	36
9 13	2
9 14	5
9 15	8
9 16	16
9 18	27
9 20	39
9 21	34
9 22	30
9 23	46
9 25	31
9 26	49
9 27	14
9 28	1
9 29	42
9 30	43
9 31	22
9 32	21
9 35	18
9 38	25
9 39	13
9 40	44
9 41	20
9 42	35
9 43	48
9 44	33
9 45	23
9 47	32
9 48	45
9 49	47
10 2	16
10 4	22
10 7	48
10 8	44
10 9	11
10 10	36
10 12	37
10 13	6
10 14	17
10 16	35
10 17	31
10 18	32
10 19	45
10 22	21
10 23	24
10 26	41
10 27	26
10 29	38
10 30	2
10 31	46
10 33	13
10 35	0
10 37	20
10 38	3
10 40	42
10 42	43
10 43	28
10 44	34
10 46	30
10 48	12
11 0	1
11 1	43
11 2	9
11 3	48
11 4	21
11 5	8
11 6	39
11 7	31
11 8	7
11 9	33
11 10	3
11 11	41
11 13	22
11 14	15
11 15	42
11 20	16
11 21	35
11 22	19
11 23	38
11 24	23
11 26	36
11 28	45
11 30	20
11 31	4
11 32	2
11 33	17
11 34	5
11 37	14
11 38	49
11 39	10
11 40	28
11 42	26
11 44	40
11 45	18
11 46	32
11 47	6
11 48	27
11 49	44
12 1	28
12 2	11
12 5	24
12 6	34
12 7	3
12 8	25
12 9	42
12 10	32
12 11	44
12 12	43
12 14	8
12 15	23
12 16	4
12 17	40
12 18	29
12 19	14
12 21	39
12 22	2
12 23	41
12 24	10
12 26	33
12 27	16
12 28	9
12 29	48
12 30	36
12 31	17
12 34	37
12 35	19
12 37	21
12 38	18
12 39	47
12 40	1
12 41	35
12 42	38
12 44	26
12 45	15
12 46	5
12 48	0
12 49	49
13 0	32
13 2	28
13 4	11
13 8	43
13 10	9
13 12	40
13 13	15
13 14	24
13 16	0
13 17	26
13 18	34
13 20	37
13 22	13
13 23	22
13 24	6
13 25	49
13 26	10
13 27	3
13 28	39
13 29	4
13 30	48
13 31	1
13 32	27
13 33	12
13 36	41
13 37	5
13 38	23
13 41	18
13 44	7
13 45	31
13 46	25
13 47	29
13 49	14
14 0	35
14 1	13
14 2	39
14 3	33
14 5	15
14 6	49
14 7	40
14 9	18
14 10	21
14 11	29
14 12	36
14 13	0
14 14	12
14 15	3
14 16	10
14 17	46
14 18	9
14 19	8
14 20	38
14 21	26
14 22	17
14 25	24
14 26	16
14 27	43
14 28	23
14 29	2
14 30	28
14 31	42
14 32	20
14 35	5
14 37	1
14 38	6
14 39	19
14 40	31
14 41	37
14 42	22
14 43	34
14 44	41
14 46	47
14 48	48
14 49	45
15 0	12
15 1	36
15 2	7
15 3	29
15 4	5
15 8	9
15 9	32
15 10	40
15 11	37
15 12	13
15 13	16
15 16	30
15 18	21
15 20	20
15 21	28
15 22	44
15 23	42
15 24	15
15 25	1
15 26	19
15 28	25
15 29	6
15 31	49
15 32	33
15 35	43
15 36	45
15 38	22
15 42	27
15 43	26
15 45	2
15 46	0
15 47	34
15 49	17
16 0	19
16 2	14
16 3	25
16 5	5
16 6	20
16 7	15
16 8	2
16 9	22
16 10	37
16 11	3
16 13	17
16 14	0
16 16	48
16 18	39
16 20	30
16 21	36
16 22	43
16 23	26
16 24	35
16 25	18
16 27	38
16 28	12
16 29	29
16 30	47
16 31	6
16 32	28
16 33	24
16 34	49
16 35	11
16 39	33
16 41	9
16 43	21
16 44	46
16 45	44
16 46	1
16 47	41
16 48	42
17 1	0
17 2	24
17 3	4
17 6	35
17 8	37
17 9	34
17 10	22
17 11	42
17 12	45
17 13	10
17 15	39
17 16	23
17 17	18
17 18	8
17 19	1
17 22	31
17 23	13
17 25	11
17 26	14
17 27	30
17 28	32
17 30	12
17 32	9
17 33	28
17 35	3
17 36	44
17 37	2
17 40	38
17 41	48
17 44	5
17 45	40
17 46	27
17 49	46
18 1	5
18 2	37
18 4	46
18 5	27
18 6	48
18 10	41
18 11	47
18 12	16
18 14	34
18 15	12
18 16	44
18 18	22
18 20	32
18 21	9
18 24	26
18 25	20
18 26	2
18 27	45
18 28	30
18 29	17
18 30	11
18 31	31
18 33	19
18 35	49
18 36	42
18 37	28
18 38	38
18 41	39
18 42	36
18 43	24
18 44	25
18 45	10
18 48	1
18 49	33
19 0	27
19 1	8
19 2	18
19 3	36
19 4	23
19 5	22
19 6	43
19 7	49
19 8	3
19 9	5
19 11	15
19 13	47
19 15	44
19 17	1
19 18	48
19 21	7
19 22	46
19 23	10
19 24	11
19 25	32
19 26	42
19 27	34
19 28	31
19 30	29
19 31	39
19 32	24
19 33	35
19 34	0
19 36	17
19 37	37
19 38	2
19 40	9
19 41	13
19 42	4
19 43	6
19 44	16
19 46	45
19 49	30
20 3	42
20 4	48
20 6	5
20 8	22
20 9	35
20 11	30
20 13	9
20 14	20
20 15	29
20 17	37
20 19	12
20 20	28
20 22	16
20 23	3
20 24	39
20 26	26
20 28	46
20 29	44
20 30	32
20 31	0
20 32	41
20 33	4
20 34	36
20 35	45
20 36	21
20 37	24
20 38	40
20 39	18
20 40	25
20 43	15
20 44	1
20 46	23
20 47	17
20 48	13
21 0	45
21 1	38
21 2	41
21 3	7
21 4	36
21 5	33
21 6	28
21 7	9
21 9	2
21 12	17
21 14	46
21 15	40
21 17	0
21 18	37
21 19	5
21 21	21
21 22	4
21 23	23
21 25	42
21 26	27
21 27	18
21 30	30
21 32	25
21 33	29
21 34	24
21 35	12
21 36	14
21 37	10
21 38	34
21 39	3
21 41	49
21 42	19
21 44	48
21 45	35
21 46	20
21 47	31
21 49	6
22 0	22
22 1	29
22 4	4
22 5	49
22 6	17
22 7	38
22 10	44
22 11	7
22 13	28
22 15	27
22 16	34
22 17	3
22 18	43
22 19	48
22 20	33
22 23	25
22 24	5
22 25	45
22 27	6
22 28	41
22 31	10
22 33	2
22 34	31
22 35	26
22 36	47
22 37	0
22 39	42
22 40	14
22 43	13
22 44	15
22 45	21
22 48	35
22 49	23
23 1	49
23 2	35
23 3	11
23 4	12
23 6	9
23 7	2
23 9	15
23 11	40
23 12	19
23 13	36
23 14	44
23 15	30
23 16	8
23 17	6
23 18	13
23 20	3
23 21	27
23 22	32
23 24	31
23 25	38
23 26	17
23 27	22
23 28	10
23 29	45
23 32	46
23 35	33
23 37	41
23 38	14
23 39	26
23 40	20
23 41	28
23 42	34
23 45	24
23 47	42
23 48	47
23 49	43
24 0	21
24 2	23
24 5	16
24 7	43
24 8	45
24 12	47
24 13	37
24 14	30
24 15	31
24 18	17
24 19	3
24 20	26
24 21	40
24 23	6
24 24	24
24 25	28
24 28	18
24 29	49
24 30	38
24 31	5
24 33	27
24 34	2
24 35	41
24 36	10
24 37	7
24 38	39
24 40	48
24 41	34
24 42	25
24 43	20
24 44	8
24 46	29
24 47	35
24 48	46
24 49	0
25 0	47
25 1	7
25 2	36
25 3	49
25 4	24
25 5	35
25 6	30
25 7	21
25 8	31
25 9	4
25 10	10
25 11	6
25 12	20
25 13	42
25 14	9
25 15	46
25 16	5
25 17	13
25 18	16
25 19	22
25 20	2
25 21	11
25 23	39
25 32	38
25 34	27
25 35	44
25 39	17
25 40	41
25 42	33
25 43	0
25 44	43
25 47	23
25 48	32
25 49	19
26 0	42
26 1	33
26 2	46
26 5	34
26 6	21
26 7	41
26 8	20
26 9	30
26 10	23
26 14	22
26 15	6
26 16	13
26 17	10
26 19	27
26 20	31
26 21	43
26 22	5
26 23	11
26 25	47
26 27	12
26 28	4
26 29	32
26 30	26
26 31	15
26 33	0
26 34	40
26 35	14
26 38	35
26 40	19
26 44	44
26 45	9
26 46	8
26 47	38
26 48	17
26 49	1
27 0	44
27 1	20
27 2	19
27 3	16
27 4	31
27 6	0
27 7	17
27 8	5
27 12	23
27 14	48
27 18	15
27 21	41
27 22	8
27 23	36
27 24	9
27 26	6
27 28	43
27 29	28
27 30	27
27 31	26
27 32	34
27 33	49
27 36	12
27 40	21
27 41	46
27 42	7
27 45	11
27 46	10
27 47	45
27 48	25
27 49	22
28 0	33
28 2	38
28 3	41
28 5	45
28 7	26
28 11	32
28 13	20
28 14	28
28 18	11
28 19	35
28 21	25
28 22	42
28 23	0
28 25	29
28 26	37
28 27	27
28 29	10
28 30	23
28 31	14
28 33	5
28 35	17
28 36	22
28 37	19
28 38	21
28 39	2
28 40	34
28 42	30
28 43	43
28 45	49
28 46	15
28 47	1
28 49	16
29 0	9
29 2	0
29 3	34
29 4	39
29 7	25
29 8	17
29 10	15
29 11	16
29 12	7
29 13	26
29 14	31
29 16	14
29 17	33
29 18	41
29 20	36
29 21	37
29 22	12
29 23	18
29 24	46
29 25	21
29 28	49
29 29	8
29 30	19
29 31	3
29 32	1
29 33	32
29 34	23
29 35	30
29 36	13
29 38	5
29 39	4
29 41	45
29 42	48
29 44	42
29 45	43
29 47	10
29 48	29
29 49	11
30 0	15
30 1	23
30 2	47
30 3	12
30 4	27
30 5	44
30 6	29
30 7	6
30 8	40
30 9	28
30 10	31
30 11	5
30 13	34
30 16	11
30 17	2
30 18	0
30 24	49
30 25	3
30 26	21
30 27	13
30 29	39
30 31	20
30 32	43
30 33	8
30 34	33
30 35	9
30 37	18
30 40	17
30 41	26
30 42	1
30 43	19
30 44	36
30 45	42
30 48	16
30 49	41
31 1	3
31 2	21
31 3	23
31 4	38
31 6	8
31 7	16
31 8	6
31 9	14
31 11	10
31 12	46
31 13	27
31 15	33
31 16	19
31 17	24
31 19	44
31 21	0
31 22	18
31 23	47
31 25	12
31 26	48
31 27	41
31 30	49
31 32	40
31 35	25
31 36	30
31 37	32
31 38	20
31 41	4
31 42	29
31 43	1
31 44	9
31 45	28
31 46	17
31 47	22
32 0	24
32 1	14
32 2	34
32 3	26
32 4	18
32 5	9
32 6	36
32 7	22
32 8	11
32 11	33
32 12	48
32 13	13
32 14	49
32 15	16
32 16	29
32 17	23
32 18	19
32 19	39
32 20	1
32 21	32
32 22	45
32 23	17
32 25	44
32 27	10
32 28	21
32 29	7
32 30	4
32 31	28
32 32	42
32 33	15
32 34	30
32 36	2
32 37	3
32 39	0
32 41	38
32 42	6
32 43	27
32 44	31
32 45	5
32 46	43
32 47	25
32 49	20
33 1	16
33 2	42
33 3	18
33 5	23
33 6	44
33 8	28
33 10	39
33 12	14
33 13	40
33 14	6
33 15	1
33 16	25
33 17	21
33 18	3
33 19	10
33 21	45
33 23	9
33 24	30
33 25	48
33 27	20
33 29	15
33 31	38
33 32	37
33 33	46
33 34	34
33 35	31
33 37	26
33 40	4
33 41	33
33 42	41
33 44	35
33 46	49
33 47	2
33 49	13
34 0	29
34 1	15
34 4	0
34 5	46
34 6	38
34 7	24
34 8	49
34 9	25
34 10	43
34 11	28
34 14	3
34 15	10
34 17	12
34 18	35
34 19	16
34 20	17
34 22	41
34 23	8
34 27	44
34 28	42
34 31	33
34 32	7
34 34	11
34 35	36
34 36	9
34 37	31
34 41	19
34 42	40
34 43	14
34 44	20
34 45	26
34 48	23
34 49	37
35 1	1
35 2	29
35 3	38
35 4	14
35 9	10
35 10	49
35 12	41
35 13	11
35 15	7
35 17	19
35 18	47
35 19	4
35 20	42
35 21	8
35 22	37
35 23	35
35 24	3
35 28	26
35 29	21
35 30	15
35 31	43
35 32	12
35 33	40
35 34	17
35 35	48
35 36	20
35 41	22
35 44	27
35 47	16
35 49	39
36 0	48
36 1	26
36 2	45
36 6	32
36 7	46
36 10	7
36 11	35
36 13	19
36 15	25
36 17	28
36 18	4
36 20	47
36 21	33
36 22	10
36 25	6
36 27	39
36 28	17
36 29	11
36 30	3
36 32	0
36 33	30
36 34	8
36 35	21
36 37	38
36 38	43
36 39	1
36 40	37
36 41	27
36 42	13
36 43	42
36 45	34
36 46	18
36 47	49
36 49	24
37 0	41
37 4	8
37 5	28
37 6	15
37 7	27
37 8	21
37 9	24
37 10	29
37 11	25
37 13	44
37 14	35
37 15	17
37 16	42
37 17	45
37 20	19
37 21	31
37 22	40
37 27	4
37 28	13
37 29	20
37 30	0
37 31	7
37 32	26
37 33	43
37 34	18
37 35	34
37 36	36
37 37	22
37 38	9
37 39	16
37 40	49
37 43	11
37 44	23
37 47	46
37 48	30
38 0	5
38 1	11
38 3	19
38 4	30
38 5	21
38 6	45
38 7	47
38 9	46
38 10	27
38 12	29
38 13	41
38 14	2
38 16	6
38 17	7
38 20	14
38 21	3
38 22	23
38 25	17
38 27	32
38 28	40
38 29	26
38 31	37
38 34	20
38 35	22
38 36	28
38 41	10
38 42	31
38 43	4
38 44	39
38 45	48
38 46	13
38 49	18
39 0	34
39 2	40
39 3	43
39 4	29
39 5	31
39 7	20
39 8	18
39 9	9
39 10	24
39 13	7
39 14	4
39 15	15
39 16	32
39 17	14
39 19	30
39 22	47
39 23	19
39 24	28
39 25	36
39 26	25
39 27	42
39 28	37
39 31	44
39 33	48
39 34	38
39 35	27
39 36	1
39 37	13
39 38	12
39 39	5
39 40	6
39 41	3
39 42	45
39 43	23
39 45	22
39 46	39
39 48	2
39 49	35
40 0	13
40 1	39
40 3	35
40 4	6
40 5	7
40 7	34
40 8	4
40 9	45
40 11	38
40 12	30
40 14	41
40 15	21
40 16	46
40 17	49
40 18	31
40 19	47
40 21	2
40 22	20
40 23	15
40 24	14
40 25	8
40 26	11
40 27	17
40 28	19
40 29	3
40 30	33
40 31	24
40 32	18
40 33	26
40 34	1
40 36	27
40 38	10
40 39	40
40 40	23
40 43	44
40 45	36
40 46	12
40 47	37
40 48	28
40 49	25
41 0	6
41 3	24
41 4	20
41 5	36
41 6	3
41 7	5
41 8	19
41 9	27
41 10	18
41 11	49
41 12	25
41 13	29
41 15	26
41 16	22
41 18	30
41 19	41
41 21	48
41 22	38
41 24	1
41 25	35
41 27	9
41 28	28
41 29	0
41 32	39
41 33	44
41 36	33
41 37	34
41 38	32
41 39	46
41 40	15
41 41	23
41 42	37
41 43	16
41 45	47
41 46	31
41 47	7
41 48	14
41 49	12
42 0	0
42 1	22
42 3	45
42 5	13
42 6	42
42 9	44
42 10	46
42 11	2
42 12	39
42 13	21
42 14	36
42 15	9
42 16	18
42 17	20
42 18	25
42 19	49
42 20	4
42 21	29
42 23	28
42 25	30
42 27	19
42 29	43
42 31	23
42 32	8
42 34	14
42 35	35
42 36	5
42 37	6
42 38	1
42 39	34
42 40	26
42 41	7
42 44	3
42 45	17
42 46	24
42 47	11
42 49	48
43 2	33
43 3	0
43 6	6
43 7	36
43 9	1
43 10	25
43 11	20
43 12	22
43 13	39
43 16	49
43 17	4
43 18	38
43 19	40
43 20	41
43 21	10
43 22	3
43 23	29
43 25	9
43 26	31
43 29	19
43 30	45
43 33	16
43 34	43
43 35	47
43 36	46
43 37	27
43 38	15
43 39	23
43 40	24
43 42	5
43 45	13
43 47	28
43 48	7
43 49	2
44 0	28
44 2	13
44 3	20
44 4	45
44 7	19
44 11	43
44 12	42
44 13	49
44 15	0
44 16	2
44 18	24
44 19	17
44 20	7
44 21	30
44 22	25
44 23	40
44 24	34
44 25	46
44 26	4
44 27	21
44 28	3
44 29	23
44 30	22
44 31	12
44 33	6
44 35	39
44 36	35
44 39	15
44 40	29
44 41	1
44 42	47
44 45	33
44 48	10
44 49	38
45 0	17
45 1	35
45 2	30
45 3	32
45 4	25
45 5	26
45 6	24
45 9	0
45 10	14
45 11	19
45 13	48
45 15	49
45 17	44
45 18	2
45 20	23
45 21	6
45 23	20
45 25	37
45 26	8
45 27	46
45 28	5
45 29	31
45 30	34
45 31	11
45 33	1
45 34	22
45 35	10
45 36	3
45 37	42
45 38	13
45 40	16
45 41	29
45 42	15
45 45	41
45 46	4
45 47	43
45 48	38
45 49	40
46 1	6
46 2	10
46 3	27
46 4	49
46 5	32
46 6	18
46 7	33
46 8	38
46 9	48
46 10	35
46 11	1
46 12	26
46 16	17
46 17	9
46 19	43
46 21	44
46 22	34
46 23	4
46 24	42
46 25	22
46 27	0
46 28	16
46 29	5
46 34	41
46 35	46
46 36	37
46 37	15
46 38	11
46 39	7
46 40	30
46 41	36
46 42	14
46 45	45
46 46	28
46 48	24
46 49	29
47 0	31
47 1	27
47 2	8
47 4	33
47 7	18
47 8	39
47 9	40
47 10	34
47 11	4
47 12	1
47 13	45
47 15	48
47 16	36
47 17	35
47 18	6
47 19	9
47 20	10
47 21	42
47 25	5
47 27	23
47 28	29
47 29	37
47 32	49
47 33	14
47 34	19
47 36	32
47 37	12
47 38	16
47 39	43
47 40	13
47 43	46
47 47	15
47 48	3
48 0	37
48 1	19
48 2	22
48 3	3
48 4	34
48 5	11
48 6	26
48 7	12
48 8	23
48 12	18
48 15	28
48 16	40
48 17	41
48 18	45
48 19	21
48 21	13
48 22	0
48 23	33
48 24	20
48 26	9
48 27	31
48 28	2
48 29	30
48 31	47
48 36	43
48 37	39
48 38	44
48 39	32
48 40	35
48 43	7
48 44	17
48 45	46
48 46	42
48 47	27
48 48	8
48 49	5
49 0	2
49 1	12
49 8	13
49 9	3
49 10	30
49 11	21
49 12	35
49 14	16
49 15	22
49 20	46
49 25	34
49 26	44
49 27	25
49 30	42
49 31	29
49 32	47
49 33	45
49 34	7
49 35	6
49 36	31
49 38	33
49 39	28
49 40	0
49 43	5
49 44	38
49 46	19
49 48	39
49 49	9
