50
0 4	26
0 5	10
0 14	1
0 15	4
0 19	16
0 23	9
0 25	37
0 27	41
0 30	14
0 31	22
0 33	28
0 35	13
0 39	7
0 41	8
0 42	31
0 46	47
0 48	17
1 4	31
1 5	45
1 6	13
1 8	0
1 9	22
1 11	39
1 12	38
1 14	30
1 15	10
1 16	49
1 20	5
1 21	14
1 24	1
1 27	19
1 28	29
1 29	33
1 33	7
1 35	37
1 40	9
1 42	28
1 43	18
1 46	2
1 47	21
2 0	20
2 1	33
2 2	45
2 4	32
2 6	34
2 8	19
2 13	4
2 14	24
2 15	44
2 16	13
2 17	21
2 18	35
2 23	30
2 25	15
2 26	22
2 29	37
2 32	11
2 33	1
2 36	3
2 40	5
2 42	2
3 1	12
3 4	21
3 7	7
3 11	32
3 13	47
3 16	3
3 20	18
3 21	28
3 28	41
3 29	26
3 34	19
3 37	22
3 39	43
3 42	8
3 44	5
3 45	17
4 0	7
4 1	35
4 2	33
4 3	21
4 7	17
4 12	19
4 17	25
4 18	8
4 19	18
4 21	13
4 23	29
4 26	16
4 32	46
4 34	20
4 35	32
4 38	36
4 39	11
4 47	12
5 0	10
5 1	13
5 2	4
5 6	41
5 7	31
5 15	16
5 17	18
5 19	25
5 22	47
5 27	9
5 28	48
5 31	44
5 39	5
5 40	12
5 44	39
5 46	45
5 47	1
6 0	45
6 2	20
6 3	40
6 4	2
6 6	10
6 7	36
6 8	17
6 12	37
6 17	4
6 24	7
6 25	11
6 26	24
6 27	47
6 31	8
6 32	1
6 33	9
6 34	5
6 40	32
6 41	21
6 43	15
6 45	26
7 3	25
7 4	39
7 9	42
7 14	28
7 16	17
7 21	10
7 26	11
7 27	21
7 28	1
7 32	27
7 33	6
7 35	18
7 36	48
7 39	47
7 40	8
7 42	19
7 43	32
7 45	4
7 46	31
8 0	35
8 1	37
8 5	13
8 8	27
8 12	4
8 15	12
8 20	34
8 21	43
8 23	28
8 26	48
8 29	24
8 31	29
8 34	44
8 35	33
8 37	36
8 38	32
8 39	1
8 40	40
8 42	25
8 44	21
8 45	47
8 46	8
9 0	24
9 1	47
9 6	37
9 13	25
9 15	19
9 18	46
9 19	44
9 23	32
9 27	3
9 32	29
9 36	18
9 38	33
9 44	2
9 48	48
9 49	38
10 0	41
10 6	3
10 9	40
10 15	38
10 18	21
10 19	10
10 20	7
10 34	26
10 35	4
10 36	32
10 41	5
10 43	19
10 44	22
10 49	37
11 0	30
11 3	8
11 4	14
11 7	39
11 11	24
11 17	11
11 18	25
11 19	13
11 21	44
11 22	6
11 23	19
11 27	29
11 28	2
11 31	37
11 32	17
11 33	46
11 36	0
11 37	45
11 44	47
11 47	38
11 49	21
12 0	9
12 2	0
12 4	42
12 8	7
12 9	3
12 15	32
12 18	13
12 21	37
12 22	38
12 27	6
12 28	49
12 31	45
12 33	14
12 34	43
12 38	40
12 39	33
12 40	19
12 41	24
12 43	8
12 45	41
12 46	26
12 49	4
13 3	3
13 6	5
13 8	48
13 13	43
13 19	34
13 21	12
13 26	2
13 28	14
13 32	10
13 34	17
13 36	46
13 40	11
13 42	49
13 44	42
13 47	30
14 2	16
14 5	11
14 6	0
14 13	46
14 14	4
14 19	15
14 22	44
14 24	34
14 27	8
14 31	25
14 32	9
14 33	18
14 35	2
14 38	45
14 40	37
14 41	32
14 42	48
14 45	42
14 47	47
14 48	13
15 0	1
15 4	35
15 5	34
15 8	13
15 10	18
15 11	27
15 13	3
15 14	40
15 18	14
15 20	26
15 26	33
15 27	37
15 29	29
15 32	31
15 34	38
15 36	7
15 37	23
15 39	42
15 40	30
15 43	11
15 47	22
15 49	0
16 2	32
16 7	40
16 11	34
16 12	10
16 13	0
16 15	26
16 17	2
16 19	11
16 21	46
16 25	13
16 26	31
16 29	48
16 30	39
16 35	45
16 37	49
16 40	38
16 43	9
16 46	37
16 47	8
16 48	30
16 49	12
17 4	46
17 5	41
17 9	38
17 10	7
17 11	9
17 13	26
17 15	5
17 17	35
17 18	12
17 19	22
17 21	16
17 22	23
17 24	47
17 25	8
17 26	14
17 31	49
17 33	0
17 37	10
17 45	37
17 46	27
17 49	13
18 2	11
18 3	1
18 6	45
18 7	3
18 9	9
18 10	0
18 12	34
18 15	47
18 17	20
18 18	39
18 30	44
18 32	18
18 35	35
18 36	43
18 39	19
18 43	21
18 46	22
18 47	31
18 49	36
19 0	48
19 7	43
19 9	45
19 10	37
19 11	36
19 12	2
19 13	12
19 14	38
19 15	18
19 16	14
19 22	11
19 23	3
19 28	20
19 34	33
19 38	28
19 40	4
19 43	6
19 44	8
19 45	7
19 46	19
19 47	0
20 0	29
20 7	38
20 10	28
20 14	25
20 15	49
20 16	39
20 18	44
20 20	46
20 22	15
20 24	40
20 25	5
20 26	6
20 28	26
20 31	13
20 32	22
20 33	48
20 34	16
20 38	7
20 40	1
20 42	18
20 43	23
20 48	20
20 49	8
21 6	22
21 9	18
21 10	2
21 12	17
21 13	15
21 19	49
21 20	3
21 22	42
21 28	43
21 31	5
21 32	7
21 37	41
21 38	23
21 46	25
21 47	11
22 0	28
22 1	7
22 3	13
22 4	20
22 5	37
22 7	4
22 10	45
22 12	32
22 13	18
22 18	31
22 19	23
22 21	15
22 22	10
22 26	34
22 27	43
22 28	33
22 31	35
22 32	21
22 33	40
22 37	17
22 43	49
22 44	9
22 49	19
23 0	8
23 1	15
23 2	44
23 3	26
23 4	43
23 5	46
23 7	35
23 9	31
23 16	23
23 18	2
23 19	24
23 22	16
23 23	10
23 24	29
23 25	38
23 32	20
23 33	11
23 34	4
23 36	5
23 38	0
23 40	18
23 44	14
23 45	12
24 2	5
24 3	32
24 6	47
24 7	21
24 8	28
24 15	24
24 20	4
24 21	0
24 23	11
24 25	36
24 26	40
24 27	18
24 28	45
24 30	20
24 34	39
24 35	48
24 38	26
24 40	33
24 41	7
24 44	35
24 45	31
24 47	19
24 49	6
25 5	3
25 8	8
25 12	9
25 14	29
25 15	1
25 23	27
25 25	30
25 29	14
25 31	10
25 36	45
25 37	32
25 38	34
25 39	37
25 41	43
25 45	18
25 48	40
25 49	25
26 0	12
26 3	14
26 4	25
26 5	40
26 6	18
26 7	1
26 9	17
26 11	4
26 15	3
26 16	10
26 17	23
26 21	29
26 29	15
26 30	26
26 33	27
26 34	13
26 37	37
26 38	19
26 39	30
26 40	35
26 41	31
26 43	43
26 46	7
27 0	23
27 3	12
27 11	43
27 15	22
27 19	35
27 20	8
27 21	24
27 28	46
27 32	3
27 34	1
27 35	25
27 40	42
27 42	21
27 44	11
27 46	13
28 1	14
28 4	29
28 8	44
28 9	36
28 14	5
28 17	41
28 20	20
28 22	28
28 23	13
28 25	24
28 26	10
28 31	4
28 35	12
28 36	2
28 37	0
28 41	37
28 42	45
28 43	42
28 44	17
28 45	35
28 48	33
29 1	2
29 2	15
29 6	14
29 8	21
29 9	37
29 11	47
29 13	20
29 14	27
29 16	16
29 17	19
29 23	38
29 25	9
29 28	6
29 30	23
29 35	39
29 36	4
29 38	30
29 39	41
29 41	0
29 42	32
29 43	17
29 44	43
29 46	35
29 48	3
30 4	7
30 6	17
30 9	6
30 14	0
30 16	40
30 22	27
30 23	15
30 24	21
30 25	34
30 28	24
30 30	25
30 31	31
30 39	49
30 42	4
30 43	38
30 44	36
30 46	28
30 48	12
31 2	38
31 5	29
31 6	27
31 11	45
31 16	31
31 19	46
31 20	6
31 22	41
31 23	42
31 24	19
31 28	30
31 30	28
31 31	17
31 35	49
31 39	44
31 41	18
31 43	3
31 44	12
31 46	43
31 48	9
32 0	2
32 1	8
32 2	30
32 3	22
32 5	36
32 8	29
32 12	7
32 13	35
32 16	43
32 17	28
32 20	27
32 22	19
32 24	16
32 25	42
32 28	9
32 31	24
32 38	5
32 41	33
32 43	13
32 44	4
32 46	46
32 47	25
32 48	6
33 3	33
33 6	8
33 9	28
33 15	35
33 17	47
33 18	7
33 23	24
33 24	42
33 26	12
33 28	23
33 29	21
33 30	11
33 32	49
33 34	0
33 35	36
33 40	20
33 41	27
33 42	3
34 3	9
34 8	15
34 9	25
34 12	18
34 13	42
34 15	2
34 16	21
34 18	36
34 20	32
34 23	43
34 30	27
34 31	16
34 37	30
34 38	35
34 39	34
34 41	29
34 45	3
34 48	11
35 1	36
35 5	31
35 7	42
35 8	37
35 11	5
35 12	24
35 18	17
35 22	39
35 25	22
35 28	19
35 32	2
35 33	23
35 34	11
35 35	46
35 37	25
35 39	40
35 40	28
35 41	45
35 42	10
35 46	44
35 47	15
35 49	47
36 0	31
36 2	25
36 5	43
36 8	46
36 10	41
36 17	33
36 18	10
36 22	8
36 26	47
36 28	17
36 29	20
36 36	23
36 37	4
36 38	21
36 39	18
36 43	7
36 44	29
36 47	14
36 49	16
37 0	18
37 1	30
37 2	31
37 3	17
37 4	40
37 6	25
37 12	5
37 13	38
37 14	42
37 17	45
37 18	9
37 19	8
37 20	13
37 21	34
37 23	12
37 26	4
37 28	36
37 29	28
37 32	37
37 35	23
37 36	6
37 38	44
37 40	22
37 44	7
37 47	2
37 48	46
38 0	25
38 1	5
38 4	45
38 10	46
38 11	13
38 12	35
38 13	34
38 14	41
38 15	28
38 16	24
38 23	39
38 27	36
38 31	2
38 32	26
38 33	19
38 40	29
38 41	6
38 42	33
38 43	40
38 44	15
38 45	30
38 48	10
38 49	11
39 1	38
39 4	12
39 6	42
39 11	8
39 13	21
39 15	25
39 18	47
39 19	27
39 22	29
39 25	32
39 26	19
39 35	28
39 36	15
39 38	2
39 40	31
39 42	1
39 43	26
39 45	5
39 46	40
39 47	16
39 48	18
40 1	17
40 3	6
40 6	36
40 8	39
40 9	11
40 12	13
40 13	16
40 21	18
40 27	46
40 28	10
40 35	14
40 36	31
40 38	22
40 39	20
40 40	0
40 42	37
40 43	12
40 44	26
40 46	23
40 48	15
41 3	45
41 6	15
41 7	9
41 8	18
41 12	28
41 13	1
41 23	2
41 24	25
41 27	20
41 31	48
41 34	24
41 39	26
41 44	19
41 49	43
42 5	22
42 10	15
42 12	45
42 19	12
42 20	37
42 21	30
42 22	35
42 23	1
42 25	47
42 26	49
42 28	13
42 30	33
42 32	0
42 33	21
42 36	20
42 42	38
42 45	40
42 46	29
43 4	41
43 5	14
43 19	9
43 20	49
43 25	3
43 26	44
43 30	2
43 32	25
43 33	16
43 34	46
43 35	7
43 42	20
43 47	10
44 0	49
44 2	37
44 5	24
44 6	4
44 9	33
44 10	14
44 12	25
44 14	47
44 17	40
44 20	45
44 22	1
44 23	17
44 26	30
44 30	34
44 32	23
44 36	12
44 39	16
44 41	19
44 42	44
45 2	35
45 4	10
45 5	17
45 6	43
45 7	0
45 9	26
45 10	36
45 11	38
45 14	20
45 15	42
45 22	33
45 23	44
45 29	25
45 30	6
45 32	34
45 34	18
45 36	30
45 37	31
45 41	2
45 43	22
45 44	23
45 45	16
45 47	28
45 48	5
45 49	45
46 0	15
46 1	4
46 2	3
46 4	24
46 8	33
46 9	7
46 11	18
46 15	17
46 17	5
46 19	14
46 20	39
46 21	2
46 22	32
46 24	28
46 27	0
46 31	6
46 32	19
46 33	44
46 38	8
46 39	10
46 43	16
46 45	43
46 46	12
47 3	43
47 5	12
47 6	26
47 7	23
47 8	31
47 9	24
47 12	36
47 14	7
47 16	46
47 19	41
47 22	40
47 24	44
47 26	3
47 28	25
47 32	33
47 33	34
47 34	2
47 35	5
47 36	14
47 41	17
47 42	22
47 43	39
47 46	42
47 48	4
48 0	37
48 4	13
48 9	2
48 10	9
48 11	11
48 12	8
48 15	45
48 17	17
48 18	1
48 19	42
48 20	10
48 21	25
48 24	22
48 26	7
48 29	31
48 33	26
48 35	3
48 40	41
48 41	44
48 43	24
48 45	48
48 46	36
48 49	35
49 0	32
49 1	26
49 2	12
49 3	2
49 4	15
49 11	28
49 12	6
49 13	49
49 15	40
49 16	4
49 19	5
49 25	29
49 26	23
49 29	45
49 31	19
49 32	30
49 39	25
49 44	18
49 45	39
49 48	37
49 49	22
