50
0 0	11
0 2	41
0 4	24
0 5	31
0 9	27
0 10	37
0 11	3
0 13	21
0 18	28
0 19	23
0 20	4
0 21	15
0 22	18
0 23	5
0 24	38
0 26	17
0 27	20
0 30	6
0 31	39
0 32	19
0 33	25
0 34	12
0 37	14
0 39	29
0 40	2
0 41	7
0 42	36
0 43	1
0 44	10
0 45	45
0 49	13
1 0	42
1 1	31
1 4	25
1 7	34
1 8	26
1 9	40
1 11	14
1 14	28
1 15	10
1 16	23
1 18	19
1 19	3
1 20	2
1 21	17
1 22	39
1 23	24
1 24	0
1 25	5
1 28	37
1 29	32
1 30	9
1 31	1
1 32	13
1 34	22
1 35	7
1 36	36
1 37	8
1 38	18
1 39	16
1 40	12
1 41	27
1 42	49
1 44	44
1 45	46
1 47	48
1 48	4
1 49	11
2 1	40
2 2	3
2 4	14
2 7	0
2 10	16
2 14	25
2 15	48
2 17	46
2 19	31
2 20	11
2 22	15
2 23	4
2 24	33
2 25	32
2 26	34
2 28	18
2 29	23
2 32	5
2 33	35
2 35	21
2 36	44
2 38	39
2 40	24
2 41	17
2 42	26
2 43	29
2 44	30
2 45	41
2 46	38
2 47	43
2 48	47
2 49	12
3 0	49
3 2	0
3 3	17
3 4	27
3 6	41
3 7	22
3 8	23
3 9	42
3 12	32
3 14	33
3 16	44
3 17	14
3 19	19
3 20	40
3 21	43
3 22	25
3 24	4
3 25	3
3 28	10
3 29	45
3 33	5
3 34	8
3 36	15
3 37	21
3 38	11
3 39	30
3 41	46
3 42	20
3 43	48
3 44	26
3 46	6
3 47	36
3 48	29
3 49	39
4 0	9
4 1	16
4 4	44
4 5	17
4 6	48
4 7	37
4 8	13
4 9	1
4 11	15
4 13	12
4 14	14
4 15	45
4 16	8
4 17	38
4 18	10
4 19	30
4 22	22
4 23	26
4 24	34
4 28	20
4 29	6
4 31	47
4 32	46
4 33	28
4 34	2
4 35	4
4 38	0
4 40	7
4 41	23
4 42	41
4 43	18
4 45	25
4 46	24
4 48	11
5 1	4
5 2	43
5 5	39
5 6	14
5 7	9
5 8	44
5 9	0
5 10	45
5 11	13
5 12	41
5 13	35
5 14	7
5 15	8
5 17	18
5 18	37
5 19	36
5 23	23
5 26	21
5 27	17
5 29	27
5 32	49
5 33	47
5 34	30
5 35	5
5 36	31
5 37	16
5 38	25
5 39	12
5 41	6
5 42	48
5 43	15
5 45	20
5 46	2
6 1	35
6 2	18
6 3	36
6 4	30
6 5	45
6 7	31
6 8	42
6 9	34
6 10	4
6 12	15
6 13	14
6 14	5
6 15	0
6 16	19
6 18	20
6 19	2
6 20	48
6 22	29
6 23	47
6 24	16
6 25	25
6 26	43
6 27	12
6 28	13
6 29	8
6 31	6
6 32	32
6 36	24
6 37	11
6 38	49
6 39	27
6 40	9
6 41	33
6 42	37
6 44	38
6 47	10
7 2	15
7 3	5
7 4	7
7 5	24
7 6	3
7 7	23
7 8	16
7 9	39
7 10	35
7 14	45
7 15	33
7 16	32
7 18	9
7 19	49
7 20	42
7 21	18
7 22	13
7 23	41
7 24	6
7 26	29
7 27	34
7 28	0
7 29	19
7 30	2
7 31	46
7 33	12
7 34	25
7 35	10
7 37	44
7 38	1
7 39	36
7 40	17
7 41	21
7 42	28
7 44	31
7 45	47
7 46	48
7 48	20
7 49	4
8 0	4
8 3	47
8 4	40
8 5	32
8 6	22
8 7	20
8 8	34
8 9	17
8 10	43
8 12	42
8 13	26
8 15	18
8 16	13
8 17	7
8 18	12
8 20	44
8 22	33
8 23	29
8 24	49
8 26	5
8 27	2
8 28	6
8 29	15
8 30	36
8 31	28
8 32	16
8 34	24
8 35	31
8 36	39
8 37	35
8 38	38
8 39	45
8 40	23
8 41	10
8 42	27
8 43	19
8 44	21
8 45	1
8 46	8
8 47	14
8 48	37
9 1	37
9 2	29
9 3	38
9 4	47
9 9	5
9 10	33
9 11	39
9 12	0
9 14	15
9 16	46
9 17	30
9 18	6
9 19	28
9 20	10
9 21	34
9 22	2
9 23	20
9 24	21
9 26	7
9 27	26
9 28	17
9 31	13
9 32	42
9 35	35
9 36	48
9 37	22
9 38	12
9 39	40
9 40	4
9 41	9
9 42	19
9 44	27
9 46	1
9 47	25
9 48	41
9 49	45
10 0	31
10 1	6
10 3	20
10 6	40
10 7	18
10 8	27
10 9	29
10 12	4
10 13	25
10 14	0
10 15	34
10 16	30
10 17	33
10 19	13
10 20	23
10 22	37
10 23	10
10 25	11
10 26	2
10 27	21
10 29	48
10 31	16
10 32	22
10 33	24
10 34	9
10 35	3
10 37	5
10 38	41
10 39	19
10 40	39
10 43	36
10 44	43
10 45	15
10 46	14
10 47	42
10 48	49
10 49	35
11 0	6
11 1	26
11 2	2
11 3	22
11 5	29
11 6	21
11 8	39
11 9	24
11 10	23
11 12	34
11 13	42
11 14	12
11 15	28
11 17	20
11 18	25
11 19	16
11 21	33
11 22	44
11 23	13
11 25	19
11 27	27
11 28	4
11 30	47
11 31	17
11 33	45
11 34	40
11 35	36
11 37	9
11 38	14
11 40	15
11 41	8
11 42	46
11 43	7
11 46	11
11 48	38
12 2	16
12 3	49
12 4	36
12 5	10
12 7	25
12 8	22
12 11	30
12 12	38
12 13	34
12 14	6
12 16	1
12 19	9
12 20	18
12 21	31
12 23	40
12 24	2
12 25	46
12 26	11
12 27	37
12 28	26
12 31	43
12 32	12
12 33	4
12 34	17
12 35	27
12 38	5
12 40	48
12 41	19
12 43	28
12 44	24
12 45	21
12 46	23
12 48	44
12 49	7
13 0	24
13 1	23
13 2	39
13 3	13
13 4	16
13 5	1
13 6	38
13 8	32
13 9	22
13 10	8
13 11	47
13 12	9
13 15	37
13 16	6
13 17	36
13 18	11
13 19	44
13 21	4
13 22	12
13 23	15
13 25	31
13 26	46
13 27	30
13 28	45
13 29	42
13 30	33
13 32	7
13 33	17
13 34	34
13 38	40
13 41	41
13 42	18
13 43	27
13 44	35
13 45	19
13 46	21
13 47	0
13 49	49
14 0	26
14 3	27
14 4	11
14 5	18
14 6	4
14 7	3
14 10	9
14 11	0
14 12	24
14 15	31
14 16	42
14 17	12
14 18	1
14 22	21
14 24	48
14 25	22
14 26	10
14 27	15
14 28	29
14 29	49
14 31	14
14 32	6
14 34	32
14 37	7
14 38	23
14 39	37
14 40	25
14 41	2
14 42	30
14 43	16
14 44	5
14 45	44
14 46	41
14 47	17
14 49	20
15 0	25
15 1	7
15 3	18
15 4	39
15 5	22
15 7	38
15 8	20
15 9	16
15 12	13
15 13	23
15 14	41
15 15	42
15 16	17
15 17	21
15 18	0
15 19	8
15 20	36
15 21	6
15 23	14
15 24	19
15 25	24
15 26	48
15 27	32
15 28	9
15 30	12
15 31	31
15 32	33
15 34	45
15 35	43
15 36	2
15 40	28
15 41	11
15 43	34
15 44	40
15 46	37
15 47	35
15 48	1
16 0	45
16 1	15
16 2	6
16 3	44
16 4	1
16 5	3
16 6	11
16 7	4
16 8	35
16 11	49
16 12	12
16 14	42
16 16	40
16 18	17
16 19	47
16 20	27
16 22	41
16 23	9
16 24	20
16 25	39
16 27	25
16 28	36
16 29	33
16 31	38
16 34	5
16 35	8
16 36	19
16 38	43
16 39	7
16 41	22
16 43	23
16 44	37
16 45	32
16 46	16
16 48	10
16 49	34
17 0	32
17 1	9
17 2	19
17 3	25
17 4	41
17 6	1
17 7	28
17 8	12
17 9	15
17 11	44
17 12	27
17 13	20
17 14	18
17 15	5
17 17	10
17 18	31
17 20	13
17 23	46
17 24	47
17 25	36
17 28	8
17 29	17
17 30	11
17 31	21
17 33	37
17 34	48
17 36	6
17 37	23
17 38	4
17 39	14
17 40	45
17 41	39
17 44	29
17 46	7
17 48	16
17 49	30
18 0	8
18 1	33
18 2	28
18 3	7
18 4	22
18 6	24
18 7	30
18 8	40
18 9	20
18 10	21
18 11	10
18 12	17
18 13	36
18 14	35
18 15	43
18 16	2
18 17	45
18 18	29
18 19	26
18 20	34
18 22	49
18 23	39
18 26	37
18 27	44
18 29	9
18 31	27
18 32	23
18 33	16
18 34	46
18 36	5
18 37	12
18 38	19
18 39	0
18 41	3
18 42	6
18 44	11
18 45	38
18 49	42
19 1	30
19 3	33
19 4	3
19 6	46
19 7	35
19 8	49
19 10	15
19 12	16
19 15	7
19 17	24
19 18	32
19 19	41
19 21	37
19 22	43
19 23	48
19 24	45
19 26	27
19 27	8
19 28	40
19 29	28
19 30	38
19 31	11
19 32	25
19 34	10
19 36	9
19 39	20
19 40	22
19 44	13
19 45	23
19 46	47
19 47	31
19 48	5
19 49	21
20 0	19
20 1	11
20 3	0
20 7	21
20 8	10
20 9	3
20 10	27
20 11	5
20 12	37
20 14	38
20 15	35
20 16	48
20 20	14
20 23	36
20 25	7
20 26	31
20 27	28
20 28	49
20 30	30
20 32	29
20 33	41
20 34	33
20 35	17
20 36	42
20 37	40
20 38	47
20 39	25
20 41	43
20 42	24
20 45	4
20 46	46
20 47	1
20 48	26
20 49	23
21 0	2
21 2	22
21 3	26
21 6	34
21 9	38
21 10	30
21 11	25
21 12	6
21 13	16
21 15	29
21 17	0
21 18	23
21 19	1
21 20	49
21 21	28
21 24	32
21 25	43
21 26	40
21 27	33
21 28	35
21 29	18
21 30	42
21 31	8
21 33	39
21 34	27
21 35	9
21 36	11
21 40	20
21 41	15
21 44	4
21 47	5
21 48	21
21 49	41
22 0	15
22 1	39
22 2	49
22 3	2
22 5	0
22 6	43
22 7	5
22 9	6
22 10	48
22 11	34
22 13	33
22 14	46
22 15	41
22 16	25
22 18	44
22 19	40
22 20	30
22 21	12
22 22	23
22 23	21
22 25	9
22 27	13
22 28	16
22 29	36
22 30	4
22 32	20
22 34	37
22 36	14
22 37	3
22 38	31
22 39	28
22 40	8
22 41	1
22 42	7
22 43	42
22 45	11
22 46	27
22 47	24
22 48	32
22 49	19
23 0	48
23 1	8
23 2	17
23 3	39
23 4	26
23 5	12
23 6	35
23 7	1
23 9	21
23 11	18
23 12	30
23 13	44
23 14	49
23 15	23
23 16	15
23 17	6
23 18	27
23 20	0
23 22	34
23 23	3
23 30	22
23 32	24
23 34	20
23 35	11
23 36	43
23 37	36
23 38	7
23 40	37
23 43	32
23 46	13
23 49	2
24 2	14
24 3	46
24 4	15
24 7	6
24 8	9
24 9	26
24 10	1
24 11	8
24 12	25
24 13	24
24 14	3
24 15	13
24 16	5
24 17	31
24 18	30
24 19	11
24 20	43
24 21	0
24 22	48
24 23	35
24 25	12
24 27	47
24 30	45
24 31	34
24 33	2
24 34	38
24 35	16
24 36	41
24 37	17
24 38	27
24 39	23
24 40	42
24 41	40
24 43	21
24 44	32
24 45	33
24 46	36
24 47	39
24 48	18
24 49	28
25 0	34
25 1	38
25 2	1
25 3	14
25 4	28
25 5	40
25 6	0
25 8	24
25 11	45
25 12	49
25 15	20
25 16	36
25 17	4
25 18	22
25 19	7
25 20	21
25 21	16
25 22	11
25 23	42
25 25	37
25 27	5
25 28	2
25 30	31
25 31	44
25 33	43
25 34	26
25 35	29
25 36	35
25 38	3
25 39	41
25 40	33
25 43	13
25 44	12
25 45	30
25 46	15
25 47	19
26 0	44
26 3	42
26 4	33
26 5	8
26 6	17
26 7	39
26 11	37
26 13	11
26 14	43
26 15	19
26 17	13
26 19	22
26 20	15
26 21	48
26 22	9
26 24	24
26 25	34
26 26	36
26 27	16
26 28	14
26 29	31
26 31	20
26 32	41
26 34	7
26 38	21
26 39	38
26 40	18
26 41	30
26 42	5
26 44	25
26 45	40
26 46	35
26 49	10
27 4	43
27 5	2
27 6	39
27 7	27
27 8	8
27 10	12
27 11	42
27 12	11
27 13	30
27 15	9
27 17	16
27 18	7
27 22	47
27 23	19
27 24	14
27 27	31
27 28	38
27 29	37
27 30	26
27 31	40
27 32	28
27 36	21
27 37	4
27 38	33
27 39	22
27 40	0
27 42	10
27 43	35
27 44	15
27 45	13
27 46	5
27 47	45
27 48	6
27 49	17
28 1	22
28 4	20
28 5	43
28 8	19
28 9	35
28 10	47
28 11	36
28 12	40
28 13	38
28 16	27
28 17	25
28 18	13
28 21	3
28 22	14
28 23	32
28 24	5
28 25	44
28 30	23
28 31	30
28 36	4
28 37	41
28 39	26
28 41	29
28 44	45
28 45	42
28 46	10
28 47	49
28 49	15
29 0	41
29 1	48
29 2	20
29 3	10
29 4	29
29 5	26
29 7	17
29 10	14
29 11	22
29 12	33
29 14	27
29 16	11
29 18	46
29 20	6
29 21	13
29 22	35
29 23	49
29 25	28
29 26	12
29 28	24
29 31	23
29 32	4
29 35	15
29 38	37
29 39	9
29 40	31
29 41	38
29 45	8
29 46	19
29 47	44
29 49	16
30 1	14
30 3	21
30 5	47
30 6	31
30 7	7
30 8	11
30 11	19
30 12	3
30 13	29
30 14	2
30 15	27
30 16	37
30 17	32
30 18	43
30 20	8
30 23	16
30 24	39
30 27	45
30 29	10
30 30	35
30 31	5
30 32	0
30 34	13
30 35	33
30 37	18
30 38	20
30 39	44
30 40	38
30 41	4
30 42	42
30 43	6
30 44	49
30 45	26
30 48	34
30 49	22
31 0	27
31 3	32
31 4	2
31 5	7
31 7	44
31 8	41
31 9	8
31 10	26
31 12	39
31 14	31
31 15	46
31 16	47
31 17	17
31 18	40
31 19	20
31 20	28
31 22	19
31 23	45
31 24	3
31 25	1
31 26	0
31 27	48
31 29	24
31 31	42
31 32	35
31 33	6
31 34	4
31 37	38
31 42	25
31 44	16
31 45	12
31 46	33
31 49	9
32 1	12
32 2	38
32 4	21
32 5	11
32 6	45
32 7	41
32 8	48
32 9	10
32 10	2
32 11	6
32 12	7
32 14	39
32 15	4
32 16	33
32 17	49
32 18	47
32 19	42
32 20	37
32 21	5
32 23	18
32 24	46
32 25	0
32 26	44
32 27	14
32 28	34
32 29	43
32 35	24
32 39	32
32 40	3
32 41	25
32 42	23
32 43	26
32 44	19
32 45	9
32 46	28
32 47	20
32 48	17
33 0	29
33 1	32
33 3	43
33 4	6
33 5	36
33 7	33
33 10	42
33 12	26
33 13	4
33 14	30
33 15	21
33 17	11
33 18	14
33 20	16
33 21	2
33 22	17
33 23	37
33 24	27
33 25	40
33 26	8
33 27	3
33 28	23
33 30	49
33 31	12
33 33	13
33 35	34
33 36	47
33 37	0
33 41	31
33 42	44
33 44	20
33 45	35
33 46	22
33 47	15
33 49	1
34 0	38
34 1	49
34 2	5
34 4	45
34 5	41
34 7	13
34 9	43
34 10	11
34 11	16
34 12	23
34 13	9
34 15	36
34 16	20
34 18	15
34 19	27
34 21	19
34 22	0
34 23	1
34 25	10
34 26	32
34 27	42
34 28	28
34 30	8
34 31	7
34 32	40
34 35	37
34 39	17
34 40	29
34 41	18
34 43	25
34 44	2
34 45	22
34 46	44
34 47	4
34 48	14
35 0	36
35 1	46
35 3	12
35 4	34
35 5	23
35 6	25
35 7	42
35 8	37
35 12	22
35 13	15
35 14	19
35 16	31
35 17	48
35 18	21
35 19	38
35 20	5
35 21	30
35 22	24
35 25	35
35 26	1
35 27	39
35 29	13
35 31	18
35 32	43
35 34	14
35 35	40
35 37	33
35 39	4
35 42	45
35 43	11
35 44	6
35 46	20
35 47	8
35 48	0
35 49	26
36 1	41
36 2	27
36 5	34
36 6	23
36 9	33
36 10	10
36 11	4
36 12	45
36 13	6
36 15	47
36 16	39
36 17	5
36 19	14
36 21	44
36 22	36
36 23	12
36 28	31
36 30	24
36 32	9
36 33	40
36 37	2
36 38	29
36 39	15
36 42	13
36 43	22
36 46	32
36 47	16
36 49	38
37 0	0
37 1	42
37 2	48
37 3	11
37 4	19
37 5	49
37 7	47
37 8	7
37 10	20
37 12	46
37 13	13
37 14	37
37 15	16
37 16	21
37 17	2
37 18	35
37 19	32
37 20	17
37 21	40
37 22	4
37 24	29
37 25	8
37 26	41
37 28	43
37 29	26
37 31	3
37 32	31
37 33	15
37 34	28
37 35	1
37 37	6
37 38	45
37 39	24
37 40	34
37 41	44
37 42	22
37 43	10
37 46	9
37 47	23
37 49	36
38 0	18
38 1	34
38 2	30
38 3	6
38 4	0
38 5	16
38 6	42
38 7	40
38 8	14
38 9	11
38 10	46
38 11	1
38 13	17
38 14	10
38 15	2
38 16	35
38 18	39
38 20	45
38 21	26
38 25	4
38 28	41
38 29	25
38 34	47
38 35	44
38 36	38
38 37	15
38 38	36
38 39	33
38 40	5
38 41	12
38 43	20
38 44	3
38 45	48
38 47	7
38 48	22
39 0	21
39 2	8
39 3	41
39 4	10
39 6	2
39 7	29
39 8	1
39 9	30
39 10	34
39 11	28
39 12	18
39 13	46
39 14	40
39 16	26
39 17	19
39 18	16
39 21	35
39 22	7
39 23	33
39 25	15
39 27	23
39 28	12
39 29	4
39 31	45
39 32	38
39 33	27
39 36	13
39 37	32
39 39	5
39 41	37
39 42	17
39 43	47
39 46	0
39 49	43
40 1	21
40 2	40
40 3	9
40 4	4
40 5	46
40 7	45
40 8	6
40 9	32
40 10	7
40 11	35
40 12	48
40 15	30
40 16	10
40 18	41
40 19	17
40 20	26
40 23	0
40 25	38
40 27	11
40 28	5
40 29	44
40 30	39
40 31	15
40 33	20
40 39	2
40 40	14
40 41	42
40 42	16
40 43	49
40 44	22
40 46	31
40 47	13
40 49	29
41 0	17
41 1	29
41 2	37
41 3	1
41 4	23
41 6	12
41 8	2
41 9	4
41 10	19
41 11	43
41 14	32
41 16	38
41 17	28
41 18	5
41 19	6
41 21	27
41 22	10
41 23	31
41 24	44
41 26	9
41 27	40
41 28	30
41 29	21
41 30	25
41 31	22
41 33	7
41 35	48
41 36	16
41 37	42
41 38	13
41 39	49
41 40	26
41 41	24
41 42	3
41 43	0
41 44	46
41 45	36
41 46	34
41 47	41
41 49	8
42 3	15
42 4	9
42 5	27
42 6	37
42 9	44
42 10	32
42 13	28
42 14	36
42 16	12
42 17	23
42 18	48
42 19	21
42 23	38
42 24	13
42 26	25
42 27	22
42 28	11
42 29	29
42 30	41
42 31	26
42 32	10
42 33	18
42 34	3
42 35	20
42 38	8
42 39	31
42 40	43
42 41	0
42 42	33
42 43	4
42 44	39
42 47	46
42 48	24
43 0	47
43 3	4
43 5	21
43 9	19
43 10	5
43 11	31
43 12	14
43 14	26
43 15	1
43 17	42
43 19	10
43 20	33
43 21	49
43 24	22
43 25	20
43 27	35
43 28	15
43 30	40
43 31	29
43 32	17
43 33	23
43 34	44
43 35	6
43 36	18
43 37	46
43 38	2
43 39	43
43 40	41
43 41	16
43 42	9
43 43	8
43 45	34
43 47	11
43 48	45
43 49	37
44 1	43
44 2	45
44 3	23
44 4	8
44 7	11
44 8	15
44 9	37
44 10	13
44 11	26
44 12	31
44 16	16
44 17	41
44 18	18
44 20	24
44 21	47
44 22	5
44 23	22
44 24	17
44 26	33
44 27	6
44 28	27
44 29	40
44 31	32
44 34	1
44 37	34
44 38	28
44 43	38
44 44	36
44 45	10
44 46	3
44 47	9
44 48	35
45 0	12
45 2	31
45 5	5
45 7	36
45 8	21
45 9	13
45 10	49
45 11	20
45 13	48
45 15	15
45 16	43
45 17	44
45 18	45
45 20	22
45 21	29
45 22	46
45 23	30
45 24	25
45 26	3
45 27	4
45 28	7
45 30	16
45 32	14
45 33	33
45 35	41
45 36	28
45 38	32
45 40	6
45 42	11
45 43	40
45 44	1
45 45	27
45 47	26
45 49	24
46 0	43
46 1	28
46 2	26
46 3	31
46 4	35
46 5	6
46 6	19
46 7	14
46 8	0
46 10	36
46 11	38
46 12	2
46 14	8
46 15	22
46 16	9
46 17	40
46 19	18
46 21	45
46 23	44
46 24	41
46 27	46
46 28	39
46 29	5
46 30	29
46 32	34
46 33	10
46 34	16
46 35	23
46 36	20
46 37	48
46 38	15
46 40	27
46 43	30
46 44	47
46 46	12
46 47	21
46 48	13
47 2	42
47 3	30
47 4	38
47 5	37
47 6	27
47 7	12
47 8	31
47 10	22
47 11	32
47 12	20
47 13	49
47 14	34
47 16	45
47 20	19
47 22	26
47 23	43
47 24	36
47 25	47
47 26	23
47 27	0
47 28	25
47 33	11
47 34	35
47 35	28
47 37	1
47 38	48
47 41	13
47 43	17
47 44	41
47 48	2
47 49	44
48 0	35
48 1	44
48 2	46
48 4	49
48 5	33
48 6	7
48 7	10
48 8	5
48 9	47
48 10	25
48 11	21
48 12	43
48 15	17
48 17	9
48 18	34
48 19	39
48 21	22
48 22	30
48 23	11
48 24	1
48 25	45
48 26	4
48 27	36
48 28	3
48 30	15
48 32	27
48 33	31
48 34	29
48 35	32
48 36	37
48 37	13
48 38	42
48 39	6
48 40	19
48 41	20
48 42	8
48 43	14
48 44	23
48 47	12
48 49	40
49 0	5
49 1	36
49 2	23
49 4	37
49 6	13
49 7	26
49 9	46
49 10	6
49 11	11
49 12	28
49 13	7
49 14	17
49 18	3
49 19	15
49 22	20
49 23	2
49 24	8
49 25	27
49 26	42
49 27	24
49 28	1
49 29	22
49 30	14
49 31	33
49 34	49
49 35	30
49 36	0
49 39	18
49 40	40
49 42	21
49 43	9
49 44	34
49 45	31
49 47	29
49 48	12
49 49	48
