50
0 0	1
0 1	44
0 3	35
0 4	26
0 5	40
0 8	42
0 9	14
0 10	45
0 11	32
0 16	25
0 17	20
0 18	9
0 19	13
0 20	10
0 22	28
0 24	49
0 25	33
0 26	7
0 27	15
0 29	38
0 30	18
0 33	22
0 34	4
0 35	12
0 36	30
0 37	27
0 38	8
0 39	34
0 40	47
0 42	41
0 43	37
0 44	11
0 45	2
0 46	0
0 47	16
0 48	6
1 2	22
1 3	14
1 4	9
1 5	43
1 7	23
1 8	4
1 9	29
1 12	8
1 13	11
1 15	18
1 17	49
1 18	30
1 20	0
1 22	34
1 24	39
1 25	21
1 26	31
1 27	37
1 28	10
1 30	1
1 31	40
1 32	20
1 33	47
1 36	35
1 38	42
1 39	6
1 40	46
1 41	15
1 43	3
1 44	41
1 45	27
1 47	5
1 48	45
1 49	25
2 0	40
2 1	21
2 2	9
2 3	20
2 4	3
2 6	29
2 11	4
2 12	25
2 13	32
2 15	42
2 16	24
2 17	14
2 18	18
2 19	5
2 20	11
2 21	43
2 22	2
2 23	49
2 24	35
2 26	47
2 29	17
2 30	8
2 31	36
2 33	38
2 34	7
2 35	13
2 36	31
2 37	15
2 38	26
2 39	1
2 42	12
2 43	19
2 44	10
2 45	6
2 47	23
2 48	0
2 49	41
3 0	5
3 1	7
3 3	33
3 6	35
3 7	29
3 8	13
3 10	17
3 11	26
3 13	18
3 16	3
3 17	45
3 18	6
3 19	14
3 20	49
3 21	21
3 22	38
3 23	22
3 24	44
3 25	37
3 26	16
3 28	1
3 29	11
3 30	20
3 33	43
3 34	8
3 36	28
3 37	4
3 38	40
3 39	25
3 40	15
3 43	42
3 45	48
3 46	34
3 49	2
4 0	28
4 1	41
4 2	12
4 5	23
4 6	16
4 7	19
4 8	38
4 9	1
4 10	25
4 11	37
4 13	30
4 14	6
4 15	2
4 16	27
4 18	5
4 19	7
4 20	34
4 21	42
4 22	10
4 23	14
4 24	17
4 25	44
4 27	0
4 28	21
4 29	35
4 31	49
4 32	9
4 33	24
4 34	32
4 36	33
4 37	8
4 38	31
4 39	45
4 40	11
4 42	46
4 44	36
4 46	4
4 47	3
4 48	48
5 0	7
5 2	36
5 4	20
5 5	15
5 6	5
5 8	17
5 10	33
5 13	21
5 14	1
5 17	6
5 19	10
5 21	16
5 22	48
5 23	23
5 24	26
5 25	32
5 29	25
5 30	22
5 31	2
5 32	38
5 33	34
5 35	29
5 36	12
5 37	35
5 38	27
5 40	43
5 41	9
5 42	31
5 46	8
5 47	24
5 48	11
6 0	44
6 3	7
6 6	15
6 10	28
6 11	6
6 13	40
6 14	4
6 16	22
6 17	12
6 19	42
6 21	23
6 22	9
6 23	32
6 24	25
6 25	1
6 27	41
6 28	29
6 30	39
6 31	30
6 32	10
6 33	16
6 34	47
6 35	49
6 36	36
6 37	43
6 38	3
6 39	17
6 41	19
6 42	2
6 43	48
6 44	35
6 45	31
6 46	27
6 47	34
6 48	5
7 0	33
7 2	44
7 3	4
7 5	47
7 6	40
7 8	34
7 9	36
7 11	43
7 12	35
7 13	29
7 14	30
7 15	37
7 16	46
7 19	24
7 20	26
7 21	5
7 23	39
7 24	38
7 25	7
7 28	31
7 30	42
7 31	17
7 32	11
7 34	20
7 37	21
7 38	14
7 39	49
7 40	23
7 42	10
7 43	18
7 44	13
7 45	16
7 48	15
7 49	19
8 2	2
8 3	27
8 4	16
8 5	14
8 6	3
8 8	32
8 9	13
8 11	49
8 12	22
8 13	1
8 14	43
8 16	42
8 17	0
8 18	19
8 21	39
8 22	24
8 23	20
8 27	8
8 28	15
8 29	45
8 30	38
8 31	35
8 32	21
8 35	44
8 37	10
8 38	48
8 40	41
8 42	40
8 43	25
8 44	5
8 47	29
8 48	18
9 0	37
9 3	29
9 4	24
9 5	3
9 6	32
9 7	25
9 8	19
9 9	22
9 10	2
9 12	34
9 13	44
9 14	8
9 15	13
9 17	9
9 19	35
9 21	20
9 22	4
9 23	12
9 24	43
9 25	46
9 26	30
9 27	14
9 28	26
9 29	49
9 30	10
9 31	38
9 32	42
9 33	28
9 35	5
9 38	6
9 39	15
9 41	18
9 43	21
9 44	1
9 47	27
10 0	20
10 1	49
10 2	28
10 3	23
10 4	13
10 6	19
10 7	26
10 8	47
10 11	36
10 14	14
10 15	43
10 17	46
10 19	44
10 21	27
10 23	42
10 26	25
10 27	24
10 32	6
10 33	32
10 34	15
10 35	38
10 36	48
10 38	21
10 39	18
10 40	29
10 41	2
10 42	8
10 43	17
10 44	12
10 45	1
10 46	5
10 47	35
10 48	3
11 0	48
11 1	42
11 2	39
11 3	32
11 4	11
11 5	35
11 6	17
11 8	8
11 9	25
11 10	19
11 11	47
11 12	23
11 13	34
11 14	26
11 15	27
11 16	21
11 17	31
11 18	7
11 19	20
11 21	1
11 23	45
11 24	24
11 25	41
11 27	4
11 28	5
11 29	18
11 30	16
11 31	6
11 32	44
11 34	36
11 35	30
11 36	14
11 37	9
11 38	49
11 39	29
11 40	2
11 42	38
11 43	0
11 44	40
11 45	3
11 46	13
11 47	37
11 48	22
11 49	46
12 0	38
12 3	13
12 4	22
12 5	1
12 6	49
12 8	46
12 9	21
12 11	11
12 12	39
12 13	42
12 16	16
12 17	40
12 19	28
12 21	26
12 22	35
12 24	32
12 25	14
12 27	18
12 29	9
12 31	0
12 32	31
12 33	12
12 35	37
12 36	4
12 37	29
12 38	45
12 39	19
12 40	8
12 41	41
12 42	5
12 43	44
12 44	24
12 45	10
12 46	2
12 48	7
12 49	20
13 2	21
13 4	4
13 5	13
13 6	39
13 7	17
13 8	3
13 9	12
13 10	18
13 11	25
13 13	27
13 14	38
13 15	36
13 17	5
13 19	31
13 21	34
13 23	35
13 24	42
13 25	11
13 27	16
13 29	6
13 30	44
13 31	47
13 34	40
13 35	7
13 36	20
13 38	22
13 39	0
13 40	49
13 42	26
13 43	10
13 44	37
13 45	43
13 47	8
13 48	28
13 49	33
14 0	19
14 1	4
14 3	37
14 5	48
14 6	34
14 7	3
14 8	24
14 10	22
14 11	5
14 13	9
14 14	17
14 15	49
14 16	38
14 18	47
14 20	46
14 22	42
14 24	23
14 25	20
14 26	10
14 28	12
14 29	8
14 30	36
14 33	15
14 36	21
14 37	44
14 38	2
14 40	32
14 41	11
14 42	7
14 43	43
14 44	0
14 45	28
14 46	18
14 47	25
15 0	21
15 1	27
15 2	20
15 3	5
15 4	42
15 5	29
15 6	18
15 7	13
15 9	40
15 10	1
15 12	44
15 13	46
15 14	32
15 15	38
15 17	15
15 20	2
15 22	6
15 23	43
15 24	47
15 25	17
15 26	22
15 27	3
15 28	33
15 29	4
15 30	28
15 31	19
15 32	12
15 34	9
15 36	45
15 37	30
15 38	16
15 39	8
15 41	36
15 43	14
15 44	34
15 45	11
15 48	25
15 49	26
16 1	31
16 3	47
16 4	17
16 5	7
16 7	20
16 8	12
16 9	49
16 10	36
16 11	22
16 12	5
16 13	33
16 14	37
16 15	4
16 19	34
16 22	26
16 23	6
16 24	2
16 25	43
16 26	29
16 28	0
16 30	21
16 31	45
16 32	19
16 37	28
16 39	13
16 42	14
16 46	38
16 47	41
17 0	8
17 1	33
17 2	16
17 3	49
17 4	7
17 5	36
17 6	37
17 7	31
17 8	15
17 9	11
17 10	32
17 11	2
17 12	4
17 13	10
17 15	44
17 16	28
17 17	19
17 18	34
17 19	45
17 20	29
17 21	9
17 23	41
17 24	22
17 25	18
17 26	48
17 28	27
17 32	47
17 33	30
17 34	24
17 36	46
17 37	3
17 38	39
17 39	43
17 40	17
17 41	20
17 42	21
17 43	12
17 44	14
17 45	25
17 46	23
17 47	38
17 49	6
18 0	41
18 1	35
18 2	24
18 3	8
18 4	44
18 5	39
18 6	25
18 7	46
18 9	42
18 10	9
18 11	34
18 12	36
18 13	3
18 16	26
18 19	19
18 20	17
18 22	30
18 23	0
18 24	28
18 25	40
18 26	1
18 27	33
18 28	37
18 29	12
18 30	13
18 31	43
18 32	22
18 33	31
18 34	5
18 35	11
18 36	38
18 41	7
18 42	48
18 44	23
18 45	49
18 47	20
18 48	27
18 49	45
19 1	34
19 2	4
19 4	21
19 5	38
19 6	47
19 7	28
19 9	46
19 11	7
19 12	31
19 13	25
19 16	30
19 17	27
19 19	43
19 21	3
19 25	12
19 26	19
19 28	24
19 29	26
19 30	14
19 31	32
19 32	16
19 33	9
19 35	0
19 37	17
19 38	37
19 39	40
19 41	8
19 42	39
19 43	15
19 44	2
19 45	42
19 46	45
19 47	22
19 49	49
20 0	24
20 1	48
20 3	26
20 5	45
20 6	1
20 8	5
20 9	15
20 10	44
20 11	20
20 13	28
20 14	40
20 15	8
20 16	34
20 17	25
20 18	27
20 19	23
20 20	18
20 21	7
20 22	32
20 25	42
20 26	38
20 28	4
20 29	10
20 30	0
20 32	33
20 33	2
20 34	31
20 37	36
20 38	46
20 40	39
20 41	14
20 42	49
20 43	6
20 45	30
20 46	16
20 49	11
21 1	24
21 3	9
21 4	31
21 5	44
21 6	27
21 7	41
21 8	48
21 10	37
21 11	29
21 13	20
21 15	32
21 16	7
21 17	10
21 18	39
21 20	40
21 21	35
21 22	16
21 23	17
21 28	42
21 29	46
21 30	15
21 31	28
21 32	8
21 33	11
21 34	30
21 35	18
21 36	19
21 37	23
21 38	34
21 39	22
21 40	14
21 41	33
21 43	38
21 45	21
21 46	43
21 47	2
21 48	4
22 1	32
22 3	11
22 4	49
22 5	6
22 7	2
22 8	45
22 9	17
22 10	7
22 11	28
22 13	36
22 15	22
22 16	48
22 17	42
22 19	4
22 20	9
22 21	25
22 22	37
22 23	40
22 24	31
22 25	3
22 26	5
22 28	34
22 29	39
22 30	33
22 32	18
22 33	44
22 36	0
22 37	20
22 38	19
22 39	46
22 41	29
22 42	1
22 43	27
22 45	38
22 47	21
22 48	13
23 0	6
23 2	49
23 3	21
23 4	32
23 5	17
23 7	22
23 8	25
23 9	16
23 12	1
23 14	3
23 15	10
23 18	11
23 19	36
23 20	8
23 21	38
23 22	41
23 23	13
23 24	18
23 26	14
23 29	37
23 30	40
23 32	7
23 33	48
23 36	26
23 38	20
23 39	23
23 40	31
23 41	39
23 42	47
23 45	9
23 47	15
23 48	43
23 49	24
24 0	27
24 3	34
24 5	9
24 6	21
24 8	29
24 11	8
24 13	16
24 14	31
24 15	5
24 16	45
24 19	12
24 20	25
24 21	30
24 22	13
24 24	19
24 25	15
24 26	42
24 27	49
24 28	3
24 29	7
24 30	43
24 31	33
24 33	10
24 34	44
24 36	2
24 37	47
24 40	18
24 41	23
24 44	32
24 45	20
24 48	38
25 0	2
25 1	28
25 3	39
25 4	1
25 7	11
25 9	38
25 13	17
25 14	16
25 15	34
25 16	47
25 17	4
25 18	10
25 19	0
25 20	30
25 21	8
25 22	44
25 23	15
25 24	6
25 25	27
25 27	31
25 29	29
25 31	24
25 32	45
25 34	35
25 35	40
25 36	43
25 37	22
25 38	36
25 39	41
25 40	19
25 41	13
25 42	37
25 43	33
25 44	21
25 47	26
25 49	5
26 0	26
26 2	23
26 3	42
26 4	15
26 5	49
26 6	41
26 8	0
26 10	43
26 12	40
26 13	12
26 14	11
26 15	25
26 16	4
26 17	47
26 19	18
26 22	7
26 23	30
26 24	10
26 26	37
26 28	8
26 29	28
26 30	35
26 32	27
26 33	19
26 34	29
26 36	44
26 37	31
26 39	24
26 40	1
26 41	22
26 42	36
26 43	5
26 44	45
26 45	32
26 48	2
27 0	36
27 1	39
27 2	17
27 3	38
27 7	6
27 10	11
27 11	27
27 12	18
27 14	12
27 15	0
27 16	5
27 19	32
27 21	4
27 22	47
27 26	46
27 27	2
27 28	20
27 29	48
27 30	41
27 31	25
27 32	3
27 33	8
27 34	23
27 37	14
27 38	15
27 39	44
27 40	30
27 42	42
27 43	29
27 44	26
27 45	33
27 47	10
27 48	34
27 49	28
28 0	39
28 3	44
28 4	35
28 5	37
28 7	34
28 8	1
28 10	26
28 11	13
28 12	7
28 13	6
28 15	45
28 17	33
28 20	20
28 21	48
28 22	21
28 23	4
28 24	30
28 25	5
28 27	11
28 28	22
28 29	47
28 30	12
28 32	15
28 33	36
28 34	38
28 35	27
28 37	46
28 38	23
28 40	3
28 41	42
28 43	9
28 46	10
28 47	28
28 48	19
29 0	42
29 1	45
29 3	30
29 4	29
29 5	5
29 6	8
29 8	31
29 10	0
29 11	44
29 12	26
29 15	12
29 16	36
29 18	13
29 19	17
29 20	3
29 21	11
29 22	23
29 23	18
29 24	14
29 25	10
29 26	41
29 27	32
29 29	27
29 31	20
29 32	1
29 33	4
29 34	22
29 35	25
29 36	40
29 37	33
29 38	9
29 39	28
29 40	6
29 43	24
29 44	38
29 45	47
29 46	49
29 48	21
30 0	29
30 4	25
30 5	8
30 6	31
30 7	0
30 8	2
30 10	27
30 12	17
30 13	41
30 14	5
30 16	15
30 17	39
30 20	38
30 21	36
30 22	18
30 24	20
30 25	49
30 27	46
30 29	23
30 30	48
30 32	30
30 33	45
30 35	22
30 37	37
30 40	33
30 41	44
30 42	28
30 43	40
30 44	42
30 45	13
30 47	11
30 48	32
30 49	9
31 0	4
31 2	6
31 3	1
31 4	14
31 5	26
31 7	38
31 9	30
31 10	40
31 12	0
31 13	8
31 14	47
31 15	21
31 17	28
31 18	36
31 19	37
31 21	18
31 22	22
31 23	33
31 24	12
31 26	3
31 27	43
31 28	45
31 29	41
31 30	46
31 32	2
31 33	27
31 34	42
31 35	9
31 36	5
31 37	39
31 40	16
31 42	20
31 43	49
31 44	29
31 45	19
31 49	7
32 1	5
32 2	19
32 3	17
32 4	33
32 6	22
32 8	27
32 9	10
32 10	30
32 12	9
32 13	14
32 14	28
32 15	29
32 16	32
32 17	44
32 18	43
32 19	26
32 22	8
32 23	2
32 25	23
32 27	1
32 30	34
32 33	13
32 36	25
32 38	41
32 39	48
32 40	35
32 41	0
32 42	6
32 45	36
32 46	37
32 47	40
32 48	20
33 0	46
33 2	5
33 3	15
33 4	36
33 6	9
33 7	10
33 8	37
33 15	33
33 18	42
33 21	24
33 22	40
33 24	34
33 25	45
33 26	26
33 28	49
33 29	31
33 30	11
33 32	29
33 33	17
33 34	16
33 36	27
33 37	41
33 39	7
33 40	25
33 41	6
33 44	44
33 45	0
33 46	35
33 47	48
33 48	39
34 0	30
34 1	14
34 2	45
34 3	12
34 4	28
34 5	4
34 6	26
34 7	16
34 8	18
34 10	49
34 11	35
34 12	38
34 14	7
34 15	17
34 17	21
34 18	37
34 20	43
34 22	15
34 23	8
34 24	5
34 25	22
34 26	11
34 27	6
34 28	2
34 29	3
34 30	27
34 31	44
34 32	46
34 34	41
34 35	24
34 36	9
34 38	10
34 39	42
34 40	40
34 41	48
34 42	32
34 43	23
34 44	33
34 45	34
34 46	29
34 47	13
34 48	36
35 0	34
35 2	46
35 5	27
35 6	43
35 7	49
35 8	28
35 9	39
35 10	5
35 11	15
35 12	2
35 13	35
35 14	22
35 15	19
35 16	18
35 17	37
35 18	29
35 19	8
35 20	41
35 21	32
35 22	14
35 24	40
35 25	31
35 27	26
35 30	47
35 31	11
35 32	48
35 34	21
35 35	33
35 37	0
35 38	30
35 39	3
35 40	44
35 41	24
35 42	25
35 43	45
35 45	23
35 46	42
35 48	12
36 0	22
36 1	37
36 2	7
36 3	36
36 5	11
36 7	8
36 8	40
36 9	47
36 11	24
36 12	20
36 13	13
36 15	23
36 16	12
36 17	43
36 19	41
36 21	49
36 22	17
36 24	46
36 25	0
36 31	4
36 32	32
36 33	3
36 35	21
36 36	42
36 37	48
36 39	16
36 40	5
36 41	31
36 43	30
36 44	27
36 46	26
36 47	39
37 0	43
37 2	26
37 6	44
37 7	33
37 13	5
37 14	23
37 15	15
37 17	48
37 18	22
37 19	29
37 21	10
37 22	3
37 23	27
37 27	40
37 29	14
37 33	21
37 37	2
37 38	35
37 41	4
37 42	24
37 43	39
37 44	30
37 46	36
37 48	31
37 49	12
38 2	38
38 3	3
38 4	5
38 5	33
38 7	32
38 8	23
38 9	35
38 11	41
38 12	24
38 14	2
38 16	44
38 18	40
38 19	6
38 20	36
38 21	37
38 24	16
38 25	47
38 26	20
38 27	12
38 29	1
38 30	31
38 31	9
38 32	34
38 33	29
38 37	13
38 38	43
38 40	22
38 41	25
38 42	18
38 43	46
38 44	15
38 45	45
38 47	0
38 48	8
39 1	9
39 3	45
39 4	48
39 5	46
39 7	36
39 8	11
39 9	28
39 10	8
39 11	39
39 12	19
39 13	2
39 14	49
39 15	7
39 16	20
39 17	3
39 18	14
39 20	5
39 21	40
39 22	33
39 23	21
39 25	38
39 27	47
39 28	43
39 29	16
39 30	30
39 32	41
39 33	18
39 34	17
39 35	6
39 36	10
39 37	24
39 38	13
39 39	35
39 41	37
39 42	34
39 43	32
39 44	31
39 46	1
39 47	12
39 49	29
40 0	47
40 1	29
40 2	40
40 3	0
40 4	8
40 5	10
40 6	38
40 7	18
40 8	41
40 9	33
40 10	48
40 12	49
40 13	24
40 14	35
40 15	1
40 17	17
40 18	4
40 19	30
40 20	13
40 22	27
40 24	3
40 25	39
40 26	15
40 29	44
40 30	45
40 31	21
40 32	25
40 33	5
40 34	2
40 35	23
40 36	32
40 38	7
40 39	20
40 40	9
40 41	43
40 44	22
40 45	37
40 46	46
40 49	34
41 0	18
41 2	3
41 3	43
41 6	10
41 7	40
41 8	6
41 9	27
41 10	20
41 11	31
41 12	15
41 14	25
41 15	26
41 16	23
41 17	41
41 18	8
41 19	33
41 20	44
41 21	12
41 22	45
41 23	1
41 24	0
41 27	22
41 29	5
41 31	39
41 32	4
41 33	46
41 34	37
41 35	32
41 37	16
41 42	9
41 45	35
41 47	14
41 48	42
41 49	36
42 3	40
42 4	37
42 5	41
42 6	46
42 7	9
42 8	30
42 11	18
42 12	21
42 13	31
42 15	24
42 16	49
42 17	2
42 19	15
42 21	22
42 22	25
42 23	5
42 24	8
42 29	43
42 30	6
42 31	34
42 32	0
42 33	42
42 34	1
42 35	10
42 36	23
42 40	45
42 42	3
42 44	48
42 46	17
42 48	44
42 49	14
43 1	6
43 3	2
43 4	23
43 6	45
43 9	8
43 10	10
43 12	3
43 13	43
43 15	46
43 18	26
43 19	9
43 20	16
43 22	11
43 23	47
43 24	33
43 27	36
43 28	18
43 29	21
43 30	5
43 32	40
43 33	20
43 34	12
43 35	41
43 36	34
43 37	19
43 38	29
43 39	37
43 41	38
43 42	27
43 43	1
43 44	39
43 45	44
43 46	48
43 49	32
44 0	11
44 2	1
44 6	30
44 7	44
44 10	21
44 12	6
44 14	10
44 17	38
44 18	0
44 22	31
44 25	13
44 27	19
44 28	9
44 30	17
44 31	16
44 38	33
44 39	5
44 40	4
44 41	3
44 43	36
44 45	14
44 46	32
44 47	49
45 1	8
45 3	6
45 4	18
45 5	19
45 6	28
45 7	1
45 8	35
45 9	44
45 11	30
45 12	10
45 13	22
45 14	9
45 16	43
45 17	16
45 18	24
45 20	48
45 22	12
45 24	21
45 25	25
45 26	36
45 27	17
45 28	41
45 29	42
45 31	5
45 33	7
45 34	13
45 35	34
45 36	15
45 37	38
45 38	32
45 41	27
45 42	0
45 43	11
45 44	20
45 46	39
45 47	45
45 49	3
46 6	48
46 7	42
46 9	9
46 10	15
46 11	21
46 12	28
46 13	4
46 14	13
46 15	39
46 16	29
46 17	24
46 18	3
46 20	14
46 21	44
46 22	19
46 24	27
46 27	20
46 28	32
46 29	34
46 30	23
46 31	41
46 32	43
46 34	0
46 36	11
46 37	49
46 38	12
46 39	33
46 41	5
46 42	17
46 43	22
46 44	16
46 46	30
46 47	31
46 48	1
46 49	37
47 5	32
47 7	7
47 9	43
47 10	31
47 11	9
47 12	16
47 13	38
47 14	21
47 16	39
47 17	23
47 18	44
47 20	1
47 21	14
47 23	34
47 24	11
47 25	4
47 27	30
47 28	40
47 29	19
47 30	49
47 31	29
47 34	10
47 35	8
47 36	41
47 37	6
47 40	27
47 41	35
47 42	15
47 43	26
47 44	46
47 45	12
47 46	28
47 47	17
47 48	24
47 49	0
48 0	17
48 1	47
48 2	34
48 3	24
48 4	39
48 5	18
48 6	6
48 7	5
48 8	21
48 10	35
48 12	33
48 13	37
48 14	27
48 17	11
48 19	22
48 20	12
48 21	45
48 23	25
48 24	15
48 27	7
48 28	13
48 29	32
48 30	9
48 31	26
48 33	40
48 34	3
48 35	36
48 36	16
48 37	42
48 38	38
48 39	4
48 40	28
48 41	49
48 42	19
48 43	41
48 44	8
48 46	31
48 47	43
48 48	29
48 49	44
49 0	23
49 1	10
49 2	8
49 3	31
49 4	30
49 5	25
49 6	42
49 8	26
49 9	32
49 10	16
49 11	12
49 12	41
49 13	48
49 15	35
49 16	6
49 17	29
49 18	2
49 19	1
49 20	19
49 21	15
49 23	24
49 24	36
49 25	9
49 27	13
49 28	11
49 29	33
49 30	4
49 31	37
49 33	39
49 35	14
49 36	22
49 37	7
49 38	0
49 41	21
49 42	44
49 43	34
49 44	28
49 45	5
49 46	3
49 47	18
49 49	38
