50
0 2	20
0 4	5
0 7	29
0 10	4
0 11	14
0 13	22
0 15	28
0 16	21
0 17	24
0 18	25
0 22	45
0 25	38
0 33	32
0 34	6
0 35	0
0 38	8
0 39	44
0 45	31
0 46	42
1 7	48
1 8	36
1 9	8
1 10	43
1 15	7
1 16	35
1 18	39
1 21	34
1 23	10
1 28	16
1 34	37
1 36	13
1 45	5
2 2	42
2 5	13
2 12	11
2 13	10
2 14	39
2 15	3
2 18	14
2 24	48
2 25	8
2 31	22
2 34	44
2 37	5
2 40	16
2 42	30
2 44	29
2 45	38
2 46	32
2 48	34
2 49	33
3 4	13
3 7	19
3 8	17
3 10	49
3 19	2
3 20	15
3 21	8
3 22	44
3 27	3
3 29	6
3 34	21
3 36	16
3 38	36
3 40	48
3 47	4
3 49	34
4 1	44
4 10	37
4 12	22
4 15	24
4 26	4
4 28	20
4 29	23
4 32	8
4 33	36
4 35	14
4 40	29
4 45	16
4 48	26
5 0	18
5 7	36
5 12	47
5 16	25
5 20	33
5 26	6
5 29	1
5 31	3
5 36	46
5 37	20
5 39	2
5 43	49
5 49	38
6 1	43
6 2	18
6 5	36
6 6	40
6 7	3
6 14	10
6 15	16
6 18	0
6 20	13
6 23	23
6 24	20
6 27	32
6 28	24
6 29	14
6 31	31
6 41	29
6 42	42
6 44	35
6 47	39
7 3	15
7 9	13
7 14	6
7 20	5
7 23	26
7 24	31
7 26	27
7 29	25
7 32	16
7 34	28
7 35	43
7 38	44
7 44	18
7 45	45
7 46	14
7 48	24
7 49	17
8 1	4
8 5	29
8 13	40
8 14	23
8 15	20
8 16	48
8 17	41
8 21	31
8 26	9
8 27	0
8 31	46
8 33	42
8 35	34
8 36	8
8 38	11
8 41	18
8 42	37
9 0	16
9 1	19
9 3	46
9 9	6
9 13	28
9 14	48
9 15	27
9 18	11
9 19	13
9 20	39
9 23	32
9 29	40
9 33	15
9 35	2
9 38	47
9 47	3
10 1	2
10 11	7
10 13	24
10 14	45
10 15	39
10 16	11
10 19	46
10 28	8
10 31	47
10 33	19
10 35	38
10 37	37
10 43	32
10 46	22
10 48	20
11 0	11
11 1	5
11 10	45
11 14	19
11 15	12
11 16	40
11 18	29
11 24	7
11 26	24
11 27	35
11 34	30
11 35	36
11 41	13
11 42	33
11 45	22
11 49	2
12 0	37
12 2	39
12 5	41
12 8	35
12 11	30
12 16	49
12 17	0
12 18	2
12 26	17
12 29	38
12 31	48
12 32	33
12 37	36
12 40	18
12 44	4
12 46	34
13 1	33
13 2	13
13 5	45
13 11	19
13 12	5
13 13	4
13 16	41
13 21	9
13 28	11
13 41	27
13 44	39
13 45	2
13 48	14
14 0	38
14 3	40
14 4	46
14 5	6
14 8	10
14 9	49
14 10	2
14 11	45
14 12	14
14 13	44
14 16	29
14 17	21
14 18	18
14 21	28
14 26	37
14 29	27
14 33	3
14 42	7
15 0	23
15 2	37
15 5	16
15 6	31
15 9	27
15 22	6
15 26	48
15 31	0
15 32	42
15 35	26
15 44	25
16 0	40
16 1	27
16 3	6
16 8	16
16 14	3
16 23	4
16 25	23
16 28	49
16 29	35
16 33	45
16 37	2
16 38	41
16 40	30
16 42	26
17 5	37
17 6	11
17 18	47
17 24	32
17 25	48
17 26	8
17 27	17
17 29	2
17 32	22
17 34	3
17 35	13
17 45	28
17 46	4
18 0	33
18 2	48
18 3	45
18 6	37
18 8	1
18 9	38
18 14	43
18 15	44
18 20	47
18 24	39
18 32	32
18 38	7
18 39	36
18 41	8
18 47	13
19 2	10
19 8	18
19 10	24
19 12	46
19 22	28
19 27	26
19 31	41
19 37	17
19 42	27
19 44	38
19 45	48
19 46	29
19 47	30
19 48	43
20 0	39
20 1	0
20 3	21
20 7	45
20 10	29
20 11	23
20 15	22
20 18	4
20 21	36
20 24	34
20 25	31
20 27	8
20 29	44
20 31	14
20 32	9
20 33	16
20 34	13
20 37	11
20 39	6
20 42	28
20 43	42
20 44	20
20 46	15
20 47	27
21 4	6
21 9	22
21 10	17
21 12	16
21 18	10
21 21	4
21 23	34
21 27	23
21 39	18
21 41	47
21 43	3
21 47	46
21 49	41
22 1	16
22 3	49
22 5	21
22 6	41
22 7	20
22 11	36
22 13	8
22 16	2
22 17	23
22 18	28
22 27	33
22 40	22
22 48	6
23 1	17
23 2	22
23 3	36
23 4	32
23 5	20
23 12	42
23 19	21
23 21	44
23 28	47
23 31	30
23 42	49
23 45	7
23 46	38
23 49	28
24 1	14
24 3	23
24 8	5
24 11	33
24 16	0
24 17	42
24 19	41
24 21	45
24 22	40
24 25	4
24 28	28
24 31	34
24 36	11
24 37	46
24 38	3
24 41	35
24 42	13
24 48	32
25 0	13
25 2	31
25 4	22
25 7	25
25 11	18
25 15	26
25 17	40
25 21	39
25 22	37
25 26	2
25 28	44
25 29	48
25 34	47
25 40	43
25 41	6
25 43	38
25 44	23
25 45	46
25 46	11
26 1	46
26 2	0
26 5	4
26 6	21
26 13	39
26 14	47
26 15	38
26 17	17
26 20	26
26 24	18
26 26	19
26 29	12
26 30	27
26 33	7
26 34	49
26 35	10
26 39	9
26 47	14
26 48	25
27 0	47
27 5	5
27 7	38
27 9	39
27 12	0
27 15	41
27 17	49
27 22	14
27 24	13
27 26	45
27 27	31
27 31	43
27 36	48
27 45	10
27 46	23
28 7	30
28 15	34
28 16	38
28 21	13
28 26	14
28 35	20
28 39	10
28 40	21
28 41	5
28 42	35
28 43	33
28 45	36
28 47	37
29 0	8
29 3	17
29 10	10
29 14	0
29 19	20
29 21	21
29 22	2
29 23	11
29 24	30
29 26	42
29 29	39
29 33	47
29 43	9
29 46	40
29 49	6
30 4	45
30 6	23
30 11	22
30 13	34
30 14	36
30 15	33
30 16	10
30 17	14
30 22	7
30 25	21
30 27	6
30 28	1
30 30	35
30 37	12
30 40	25
30 43	46
30 44	24
30 45	32
30 49	13
31 1	24
31 2	43
31 3	12
31 10	3
31 12	34
31 19	32
31 20	41
31 24	49
31 26	33
31 29	47
31 36	1
31 43	17
31 49	42
32 1	7
32 7	16
32 9	24
32 10	48
32 11	5
32 13	29
32 19	35
32 21	49
32 25	40
32 30	43
32 34	25
32 37	0
32 49	26
33 5	47
33 6	14
33 8	11
33 10	39
33 12	25
33 16	20
33 17	5
33 22	17
33 24	41
33 27	40
33 31	24
33 33	22
33 40	0
34 7	15
34 8	42
34 12	38
34 14	20
34 23	29
34 26	7
34 28	0
34 31	10
34 34	34
34 40	26
34 44	27
35 0	7
35 1	29
35 3	2
35 6	22
35 14	44
35 25	47
35 35	8
35 36	14
35 42	48
35 46	20
35 47	41
35 49	25
36 4	37
36 13	15
36 15	49
36 16	26
36 22	30
36 26	13
36 28	27
36 29	9
37 3	8
37 5	28
37 7	35
37 10	40
37 20	20
37 26	26
37 28	48
37 29	21
37 32	13
37 33	29
37 34	18
37 35	1
37 36	47
37 40	34
37 41	7
37 48	33
38 6	29
38 8	21
38 19	0
38 28	36
38 29	31
38 32	14
38 33	41
38 36	2
38 42	3
38 49	40
39 5	42
39 10	34
39 14	9
39 18	5
39 20	37
39 22	8
39 23	13
39 28	30
39 32	47
39 42	0
39 46	7
39 48	22
40 6	12
40 7	46
40 8	15
40 9	4
40 13	30
40 16	34
40 20	23
40 24	27
40 26	40
40 30	20
40 33	11
40 35	44
40 41	10
40 43	35
40 45	13
40 46	45
41 2	46
41 5	27
41 11	31
41 13	17
41 15	29
41 18	43
41 24	12
41 27	37
41 29	16
41 31	5
41 36	22
41 37	15
41 38	28
41 45	30
41 47	6
42 0	19
42 1	13
42 3	34
42 4	16
42 10	33
42 15	14
42 16	15
42 23	25
42 24	9
42 29	5
42 31	27
42 33	23
42 34	20
42 39	39
42 42	41
42 46	35
42 48	1
42 49	31
43 5	9
43 10	27
43 11	2
43 13	32
43 14	29
43 24	40
43 27	42
43 28	12
43 29	22
43 30	44
43 37	4
44 0	29
44 1	41
44 4	47
44 7	40
44 8	20
44 9	18
44 10	0
44 11	38
44 12	9
44 20	16
44 22	24
44 23	28
44 30	45
44 33	27
44 47	7
45 4	30
45 11	0
45 12	28
45 13	31
45 35	4
45 37	34
45 39	3
45 41	21
45 46	44
46 0	14
46 1	25
46 4	7
46 7	33
46 11	49
46 12	43
46 13	20
46 14	5
46 15	6
46 16	42
46 17	29
46 18	41
46 20	22
46 23	21
46 26	10
46 27	34
46 40	38
46 43	37
47 0	22
47 4	14
47 6	24
47 7	6
47 8	33
47 10	16
47 20	31
47 21	47
47 23	45
47 24	5
47 26	28
47 27	7
47 32	40
47 35	30
47 36	41
47 41	3
47 46	18
47 48	9
47 49	27
48 0	10
48 2	17
48 10	9
48 15	35
48 17	22
48 30	14
48 32	39
48 33	24
48 42	6
48 47	45
48 49	20
49 3	39
49 5	3
49 6	43
49 7	9
49 10	11
49 11	20
49 14	14
49 15	21
49 16	32
49 21	42
49 22	48
49 24	46
49 28	37
49 29	7
49 31	40
49 35	27
49 36	36
49 38	23
49 40	33
49 44	8
49 45	25
