50
0 0	29
0 2	30
0 3	47
0 4	23
0 5	0
0 6	43
0 8	48
0 9	38
0 10	49
0 11	45
0 12	16
0 13	21
0 14	28
0 15	14
0 16	32
0 17	18
0 18	9
0 19	27
0 20	7
0 22	15
0 23	5
0 24	10
0 25	35
0 26	8
0 27	13
0 28	41
0 29	33
0 30	11
0 32	17
0 34	20
0 35	44
0 36	46
0 37	24
0 39	22
0 41	39
0 42	19
0 43	42
0 44	3
0 45	2
0 46	6
0 47	34
0 48	4
0 49	1
1 0	28
1 1	4
1 2	22
1 3	14
1 4	46
1 6	24
1 7	23
1 8	16
1 9	18
1 11	48
1 12	10
1 13	45
1 14	11
1 15	20
1 16	7
1 18	5
1 19	29
1 20	2
1 21	1
1 22	33
1 23	43
1 24	25
1 25	39
1 26	6
1 27	38
1 29	19
1 30	41
1 31	44
1 34	26
1 35	0
1 36	30
1 37	42
1 38	34
1 40	13
1 41	21
1 43	35
1 44	8
1 45	47
1 46	3
1 47	12
1 48	31
2 0	10
2 1	43
2 2	17
2 3	22
2 4	27
2 5	44
2 6	32
2 7	29
2 8	45
2 9	39
2 10	30
2 11	26
2 13	36
2 14	1
2 15	4
2 17	35
2 18	33
2 20	3
2 22	21
2 23	2
2 24	34
2 25	38
2 26	7
2 27	48
2 28	28
2 29	6
2 30	15
2 31	37
2 32	41
2 33	13
2 34	19
2 35	24
2 36	14
2 38	31
2 39	16
2 41	47
2 42	12
2 43	49
2 44	5
2 45	20
2 46	9
2 49	25
3 0	48
3 1	44
3 3	18
3 4	33
3 5	39
3 6	19
3 7	41
3 8	5
3 9	14
3 11	11
3 14	38
3 15	29
3 16	2
3 17	49
3 18	7
3 19	16
3 20	46
3 21	32
3 23	35
3 24	26
3 25	23
3 27	27
3 28	45
3 29	25
3 30	20
3 31	36
3 32	21
3 34	47
3 36	9
3 38	42
3 39	37
3 40	12
3 41	28
3 43	10
3 45	6
3 46	40
3 47	4
3 48	22
3 49	31
4 0	39
4 2	9
4 3	24
4 4	28
4 5	31
4 7	3
4 9	7
4 10	0
4 11	41
4 12	5
4 14	4
4 16	44
4 17	32
4 19	34
4 20	26
4 21	27
4 23	30
4 24	1
4 25	29
4 26	45
4 27	14
4 28	33
4 29	47
4 30	13
4 31	17
4 32	49
4 33	38
4 34	8
4 35	12
4 36	25
4 38	40
4 39	6
4 40	21
4 42	15
4 43	37
4 44	46
4 45	19
4 47	11
4 48	10
4 49	22
5 0	0
5 1	31
5 2	37
5 3	49
5 4	16
5 5	13
5 6	15
5 7	32
5 8	2
5 9	33
5 10	35
5 11	19
5 12	1
5 13	44
5 14	8
5 15	17
5 16	40
5 17	21
5 18	25
5 19	4
5 20	10
5 21	43
5 22	22
5 23	12
5 24	24
5 25	45
5 26	20
5 27	3
5 28	23
5 29	7
5 30	9
5 31	30
5 32	34
5 33	29
5 34	36
5 36	27
5 37	48
5 38	47
5 39	5
5 40	38
5 42	28
5 43	11
5 44	39
5 45	46
5 46	26
5 47	42
5 48	41
5 49	6
6 0	24
6 1	34
6 2	2
6 3	21
6 4	31
6 5	20
6 6	41
6 8	40
6 9	25
6 10	38
6 11	27
6 12	4
6 13	47
6 15	19
6 18	32
6 19	6
6 20	29
6 24	5
6 25	17
6 26	35
6 27	46
6 28	14
6 30	0
6 31	26
6 32	22
6 35	42
6 36	3
6 37	36
6 38	9
6 39	43
6 40	11
6 42	10
6 43	16
6 44	44
6 45	18
6 46	12
6 47	7
6 48	28
6 49	45
7 0	7
7 2	34
7 4	41
7 5	46
7 6	44
7 8	32
7 9	36
7 10	18
7 11	40
7 12	6
7 13	35
7 16	20
7 18	22
7 19	30
7 20	14
7 22	28
7 23	27
7 24	8
7 25	12
7 26	9
7 28	13
7 29	23
7 30	37
7 31	47
7 32	29
7 33	21
7 34	2
7 35	4
7 36	10
7 37	16
7 38	25
7 39	31
7 40	45
7 41	11
7 42	48
7 43	24
7 45	38
7 46	39
7 47	49
7 48	3
7 49	0
8 1	24
8 2	38
8 4	6
8 5	34
8 6	4
8 8	9
8 9	29
8 10	37
8 11	32
8 12	18
8 13	5
8 14	45
8 15	3
8 16	46
8 18	1
8 19	23
8 21	15
8 22	41
8 23	8
8 24	17
8 26	36
8 27	30
8 28	35
8 29	40
8 30	14
8 31	43
8 32	12
8 33	28
8 34	49
8 35	21
8 36	2
8 37	33
8 39	42
8 40	19
8 41	20
8 42	47
8 43	27
8 44	25
8 45	0
8 46	22
8 48	13
8 49	39
9 0	19
9 1	10
9 2	44
9 3	11
9 5	49
9 6	47
9 8	25
9 9	8
9 10	2
9 11	4
9 12	0
9 13	9
9 17	46
9 19	41
9 20	17
9 21	18
9 23	29
9 24	32
9 25	36
9 26	43
9 27	16
9 28	30
9 29	21
9 31	13
9 32	48
9 34	24
9 37	26
9 38	23
9 39	33
9 40	28
9 41	22
9 42	45
9 43	39
9 44	6
9 45	12
9 46	14
9 47	15
9 48	42
10 1	8
10 2	32
10 3	45
10 4	14
10 5	29
10 6	34
10 7	48
10 10	33
10 11	23
10 12	26
10 13	4
10 14	40
10 15	18
10 16	11
10 17	24
10 18	12
10 19	46
10 20	39
10 21	21
10 22	5
10 23	1
10 24	42
10 28	27
10 29	17
10 30	35
10 31	9
10 32	0
10 33	43
10 34	6
10 35	31
10 36	22
10 38	13
10 39	36
10 40	3
10 41	25
10 42	20
10 43	28
10 44	30
10 45	7
10 46	38
10 47	19
10 49	44
11 0	1
11 1	37
11 2	12
11 3	3
11 4	48
11 5	42
11 6	38
11 7	25
11 8	39
11 10	27
11 11	13
11 12	31
11 13	24
11 14	15
11 15	40
11 16	14
11 17	34
11 19	18
11 20	36
11 22	17
11 23	0
11 24	47
11 25	7
11 26	4
11 27	5
11 28	8
11 29	9
11 30	19
11 31	22
11 32	16
11 33	2
11 34	21
11 35	32
11 36	20
11 37	10
11 39	30
11 40	26
11 43	45
11 44	35
11 45	28
11 46	46
11 47	41
11 48	43
11 49	29
12 0	36
12 1	47
12 2	14
12 3	23
12 4	8
12 5	26
12 6	27
12 7	10
12 10	39
12 11	46
12 12	30
12 13	17
12 15	9
12 16	0
12 18	41
12 19	5
12 20	31
12 21	49
12 22	48
12 23	20
12 26	2
12 27	42
12 28	44
12 30	12
12 31	7
12 32	3
12 33	25
12 34	37
12 35	1
12 36	45
12 37	38
12 38	15
12 39	40
12 40	4
12 41	16
12 42	35
12 43	21
12 44	33
12 45	24
12 46	28
12 47	32
12 49	19
13 1	45
13 2	18
13 3	7
13 4	17
13 5	36
13 6	16
13 7	12
13 8	0
13 9	48
13 10	1
13 11	33
13 12	41
13 13	3
13 14	43
13 15	13
13 16	30
13 17	10
13 18	20
13 19	26
13 20	27
13 21	35
13 22	19
13 23	44
13 24	39
13 25	9
13 26	40
13 27	22
13 28	21
13 29	15
13 30	42
13 31	24
13 32	31
13 34	38
13 35	23
13 36	4
13 37	11
13 38	29
13 39	32
13 40	14
13 42	2
13 43	5
13 44	47
13 47	28
13 48	25
13 49	46
14 1	33
14 2	26
14 3	12
14 4	22
14 5	10
14 6	14
14 7	30
14 8	36
14 9	28
14 10	48
14 11	44
14 13	23
14 14	25
14 15	37
14 16	29
14 17	4
14 18	39
14 19	47
14 20	21
14 21	6
14 22	13
14 23	19
14 24	35
14 25	43
14 26	18
14 27	2
14 28	5
14 29	16
14 30	8
14 31	41
14 32	20
14 35	38
14 36	0
14 37	32
14 39	45
14 40	24
14 42	31
14 43	34
14 44	9
14 45	42
14 46	27
14 47	17
14 48	1
14 49	11
15 0	27
15 1	17
15 2	23
15 3	20
15 4	1
15 5	35
15 7	21
15 9	40
15 10	41
15 13	25
15 14	10
15 16	26
15 18	37
15 21	16
15 22	31
15 25	47
15 27	12
15 28	2
15 29	5
15 30	24
15 32	44
15 33	19
15 34	9
15 35	3
15 36	6
15 37	15
15 39	4
15 41	13
15 42	34
15 43	14
15 44	36
15 45	49
15 46	42
15 47	46
15 48	38
15 49	43
16 0	6
16 1	30
16 2	15
16 4	44
16 5	38
16 6	2
16 7	45
16 8	11
16 10	19
16 11	35
16 13	14
16 14	46
16 15	49
16 16	3
16 17	25
16 18	23
16 20	9
16 22	34
16 23	40
16 24	48
16 25	33
16 26	39
16 27	37
16 29	31
16 30	5
16 31	27
16 32	32
16 33	8
16 35	10
16 36	26
16 37	47
16 39	20
16 40	16
16 41	24
16 42	36
16 43	18
16 44	1
16 46	0
16 47	43
16 48	21
16 49	41
17 0	11
17 1	26
17 2	35
17 3	42
17 4	47
17 5	43
17 7	5
17 8	17
17 9	6
17 10	44
17 11	0
17 13	10
17 14	30
17 16	1
17 17	31
17 18	21
17 19	9
17 21	39
17 22	7
17 23	22
17 24	23
17 26	48
17 27	33
17 28	46
17 29	18
17 30	25
17 31	29
17 33	14
17 34	15
17 35	37
17 36	41
17 37	28
17 38	4
17 40	27
17 41	8
17 42	3
17 43	20
17 44	12
17 45	16
17 46	45
17 47	40
17 48	24
17 49	49
18 0	13
18 2	29
18 3	46
18 4	26
18 5	27
18 6	9
18 7	35
18 8	24
18 10	10
18 11	2
18 12	20
18 13	28
18 14	6
18 15	15
18 17	39
18 19	22
18 20	0
18 23	31
18 24	11
18 26	14
18 27	25
18 28	49
18 29	3
18 31	21
18 32	36
18 33	1
18 34	44
18 36	5
18 37	8
18 38	19
18 39	12
18 40	37
18 42	30
18 43	7
18 45	33
18 46	4
18 47	18
18 49	16
19 1	38
19 3	44
19 5	18
19 6	31
19 7	37
19 8	14
19 11	42
19 13	6
19 16	21
19 17	9
19 18	46
19 19	36
19 20	13
19 21	25
19 22	10
19 23	7
19 24	30
19 25	2
19 26	33
19 27	4
19 28	1
19 29	22
19 30	28
19 31	32
19 33	5
19 34	29
19 35	19
19 36	48
19 37	17
19 38	43
19 39	26
19 42	23
19 43	8
19 44	15
19 45	34
19 46	20
19 48	0
19 49	27
20 0	43
20 1	23
20 2	28
20 3	17
20 6	21
20 7	22
20 8	46
20 9	1
20 10	14
20 11	3
20 12	49
20 13	34
20 14	36
20 15	27
20 16	41
20 17	19
20 18	35
20 19	37
20 20	24
20 21	7
20 22	39
20 23	42
20 24	29
20 25	8
20 26	0
20 27	32
20 29	12
20 30	40
20 32	33
20 33	20
20 34	10
20 35	6
20 37	4
20 38	45
20 39	15
20 40	2
20 41	26
20 42	25
20 43	38
20 44	13
20 46	16
20 47	30
20 48	48
21 1	18
21 2	20
21 5	33
21 7	19
21 8	6
21 10	45
21 11	34
21 12	21
21 13	15
21 14	3
21 15	26
21 16	49
21 17	29
21 18	30
21 19	32
21 20	22
21 23	23
21 25	31
21 26	24
21 27	36
21 28	9
21 30	43
21 31	10
21 32	11
21 33	17
21 35	5
21 37	37
21 38	7
21 39	46
21 40	1
21 41	41
21 43	44
21 44	2
21 46	8
21 47	0
21 49	42
22 0	46
22 2	43
22 3	34
22 5	8
22 6	26
22 7	6
22 8	13
22 9	30
22 10	32
22 11	16
22 12	23
22 13	29
22 15	36
22 16	15
22 17	2
22 18	27
22 19	19
22 20	28
22 22	37
22 23	14
22 24	45
22 25	49
22 26	21
22 27	11
22 28	39
22 29	42
22 30	18
22 31	20
22 32	4
22 33	48
22 34	22
22 37	12
22 39	3
22 42	44
22 43	0
22 45	35
22 46	24
22 47	47
22 48	33
22 49	5
23 1	19
23 2	13
23 4	10
23 5	2
23 6	6
23 9	20
23 10	26
23 11	24
23 12	34
23 13	39
23 14	49
23 15	22
23 16	12
23 18	29
23 19	28
23 20	42
23 21	48
23 22	45
23 24	40
23 27	21
23 29	35
23 30	46
23 31	0
23 32	5
23 33	15
23 34	11
23 35	36
23 36	7
23 37	14
23 38	38
23 39	47
23 40	32
23 41	18
23 43	33
23 44	17
23 45	31
23 46	43
23 47	3
23 48	23
23 49	30
24 0	16
24 1	36
24 4	29
24 5	4
24 6	42
24 7	38
24 8	12
24 10	28
24 11	1
24 12	19
24 13	0
24 16	5
24 17	26
24 18	3
24 19	40
24 21	45
24 22	35
24 23	21
24 24	31
24 25	37
24 26	32
24 28	34
24 29	49
24 30	22
24 31	39
24 32	46
24 33	11
24 35	47
24 36	15
24 37	27
24 39	23
24 40	10
24 42	8
24 43	9
24 44	14
24 45	25
24 46	17
24 47	6
24 48	20
24 49	13
25 0	3
25 1	20
25 3	2
25 4	15
25 5	16
25 6	7
25 7	17
25 8	26
25 9	13
25 10	36
25 12	28
25 14	27
25 18	4
25 19	24
25 20	5
25 22	38
25 23	32
25 25	48
25 26	49
25 27	34
25 28	47
25 29	0
25 30	23
25 31	33
25 33	45
25 34	40
25 35	22
25 36	43
25 37	19
25 40	39
25 41	35
25 43	30
25 44	31
25 46	29
25 47	44
25 48	14
25 49	9
26 0	40
26 1	27
26 2	46
26 3	31
26 5	7
26 6	22
26 7	13
26 8	33
26 9	21
26 10	47
26 11	10
26 13	16
26 14	42
26 15	2
26 16	45
26 19	14
26 20	44
26 21	37
26 22	36
26 23	6
26 25	19
26 27	8
26 28	18
26 30	30
26 31	5
26 32	38
26 33	12
26 34	39
26 35	28
26 36	17
26 37	0
26 38	32
26 39	29
26 40	41
26 41	3
26 43	1
26 44	43
26 45	15
26 46	23
26 47	9
26 48	34
26 49	20
27 0	32
27 1	35
27 2	47
27 4	38
27 5	37
27 6	20
27 7	24
27 11	8
27 12	15
27 13	30
27 14	0
27 15	21
27 16	19
27 17	7
27 18	48
27 20	40
27 21	31
27 24	46
27 25	5
27 26	22
27 27	44
27 28	6
27 29	28
27 30	34
27 32	14
27 33	4
27 35	11
27 36	33
27 37	13
27 38	36
27 39	39
27 40	23
27 41	9
27 43	41
27 44	26
27 47	16
27 49	3
28 1	5
28 2	25
28 3	39
28 4	36
28 5	48
28 6	1
28 7	44
28 8	19
28 9	47
28 11	17
28 12	7
28 13	40
28 14	23
28 15	24
28 17	30
28 18	42
28 20	35
28 21	28
28 22	6
28 23	45
28 24	41
28 26	10
28 27	49
28 28	43
28 29	38
28 30	26
28 32	37
28 34	16
28 35	8
28 36	31
28 37	21
28 38	46
28 39	13
28 40	33
28 41	0
28 44	27
28 46	15
28 47	22
28 48	12
28 49	18
29 0	25
29 1	39
29 3	0
29 4	12
29 5	23
29 7	42
29 8	35
29 9	24
29 11	5
29 12	27
29 13	8
29 14	26
29 15	47
29 16	36
29 18	34
29 20	45
29 21	4
29 23	41
29 24	3
29 25	18
29 27	9
29 28	16
29 29	11
29 30	6
29 31	49
29 32	30
29 33	10
29 34	28
29 35	46
29 37	31
29 40	20
29 41	37
29 42	22
29 43	32
29 44	29
29 45	40
29 46	44
29 47	14
29 48	7
29 49	33
30 0	33
30 1	32
30 3	4
30 5	12
30 7	1
30 8	34
30 9	35
30 11	28
30 12	2
30 13	20
30 14	22
30 15	48
30 16	13
30 17	17
30 19	8
30 22	27
30 23	46
30 24	9
30 25	0
30 26	37
30 27	29
30 28	26
30 30	49
30 31	42
30 34	5
30 36	19
30 37	25
30 38	11
30 40	40
30 41	38
30 42	41
30 43	6
30 44	23
30 45	21
30 46	47
30 48	30
30 49	24
31 0	42
31 2	45
31 3	36
31 4	20
31 6	8
31 8	27
31 9	4
31 11	6
31 12	39
31 14	12
31 15	1
31 16	22
31 17	13
31 18	17
31 19	11
31 20	25
31 21	26
31 22	32
31 24	44
31 25	21
31 26	28
31 27	24
31 28	10
31 29	14
31 32	47
31 33	41
31 34	43
31 35	7
31 36	35
31 38	18
31 39	38
31 40	48
31 41	30
31 43	31
31 44	16
31 45	37
31 46	5
31 48	9
31 49	15
32 0	5
32 1	7
32 2	27
32 3	10
32 4	24
32 5	25
32 6	23
32 7	33
32 8	3
32 10	13
32 12	11
32 13	22
32 14	32
32 16	6
32 17	42
32 18	0
32 19	31
32 20	47
32 21	14
32 22	18
32 23	4
32 24	19
32 25	40
32 26	26
32 27	39
32 28	29
32 29	30
32 30	45
32 31	12
32 33	35
32 34	41
32 35	9
32 36	21
32 38	2
32 42	1
32 43	43
32 44	38
32 45	36
32 46	48
32 47	20
32 48	16
32 49	34
33 0	26
33 2	42
33 3	41
33 4	7
33 5	40
33 7	11
33 8	49
33 10	15
33 11	38
33 14	9
33 15	32
33 17	5
33 18	13
33 20	6
33 21	36
33 22	46
33 23	16
33 24	28
33 25	3
33 26	47
33 27	20
33 28	19
33 30	21
33 31	8
33 32	25
33 35	33
33 36	23
33 38	27
33 39	48
33 40	43
33 41	29
33 43	12
33 44	10
33 45	17
33 47	31
33 48	18
33 49	4
34 0	18
34 1	25
34 3	8
34 4	4
34 5	14
34 6	30
34 8	21
34 11	9
34 13	19
34 14	5
34 15	10
34 16	38
34 17	40
34 18	11
34 21	20
34 24	13
34 26	3
34 27	47
34 28	12
34 29	45
34 30	16
34 31	46
34 32	27
34 33	33
34 34	32
34 35	49
34 37	34
34 40	22
34 42	0
34 43	36
34 44	37
34 45	29
34 47	26
34 49	48
35 0	9
35 1	11
35 2	7
35 3	6
35 4	21
35 5	30
35 6	28
35 7	46
35 10	22
35 11	47
35 13	38
35 14	33
35 15	16
35 16	23
35 17	14
35 18	44
35 19	12
35 20	49
35 21	13
35 22	4
35 24	36
35 25	25
35 27	18
35 28	20
35 29	48
35 30	39
35 31	35
35 32	10
35 33	26
35 34	34
35 35	2
35 36	8
35 37	40
35 39	1
35 40	42
35 42	43
35 43	29
35 44	0
35 45	27
35 46	41
35 47	45
35 48	19
36 0	20
36 1	14
36 2	31
36 3	30
36 4	37
36 5	22
36 6	18
36 7	16
36 8	29
36 10	9
36 12	44
36 13	27
36 14	17
36 16	25
36 17	45
36 18	47
36 19	42
36 20	8
36 21	5
36 22	0
36 23	38
36 24	7
36 25	4
36 26	12
36 27	28
36 28	15
36 29	1
36 30	3
36 31	23
36 32	35
36 34	13
36 37	39
36 39	10
36 41	34
36 42	26
36 43	19
36 45	41
36 46	49
36 47	2
36 49	40
37 0	4
37 1	49
37 2	36
37 3	38
37 5	1
37 6	10
37 7	47
37 8	44
37 9	9
37 10	34
37 11	43
37 13	33
37 14	14
37 15	23
37 16	31
37 17	12
37 18	24
37 19	25
37 21	8
37 22	20
37 23	11
37 24	16
37 25	30
37 27	15
37 29	41
37 30	27
37 31	45
37 32	26
37 34	0
37 36	13
37 38	22
37 39	21
37 40	46
37 42	32
37 44	28
37 45	3
37 46	7
37 47	5
37 48	6
37 49	35
38 0	47
38 1	21
38 4	49
38 5	9
38 6	29
38 9	0
38 10	20
38 11	22
38 13	12
38 14	18
38 15	7
38 16	43
38 17	3
38 18	10
38 19	38
38 20	19
38 21	24
38 22	30
38 23	39
38 25	32
38 26	44
38 28	25
38 29	26
38 30	36
38 31	1
38 33	42
38 34	31
38 35	17
38 36	16
38 37	41
38 38	35
38 39	8
38 40	34
38 41	33
38 42	5
38 45	45
38 46	2
38 47	13
38 48	15
38 49	28
39 0	2
39 1	22
39 2	10
39 3	27
39 4	32
39 5	24
39 6	49
39 7	14
39 8	23
39 12	40
39 13	37
39 14	20
39 16	9
39 17	47
39 19	33
39 20	30
39 22	42
39 24	15
39 25	28
39 26	46
39 27	31
39 28	38
39 29	43
39 30	17
39 31	4
39 32	19
39 33	16
39 34	48
39 35	35
39 38	12
39 39	0
39 40	25
39 41	5
39 42	6
39 43	3
39 44	41
39 45	11
39 46	13
39 47	21
39 48	36
39 49	7
40 0	35
40 1	6
40 2	40
40 4	43
40 5	21
40 7	9
40 8	28
40 10	5
40 13	41
40 14	31
40 16	27
40 17	37
40 18	45
40 20	4
40 21	11
40 22	12
40 25	22
40 28	0
40 30	32
40 31	16
40 32	1
40 33	7
40 34	25
40 35	48
40 36	34
40 37	49
40 38	24
40 41	46
40 42	38
40 44	20
40 45	44
40 48	47
40 49	2
41 0	49
41 1	12
41 2	4
41 3	19
41 4	13
41 5	47
41 6	5
41 7	18
41 9	31
41 10	42
41 12	9
41 13	11
41 14	21
41 15	35
41 16	37
41 17	22
41 18	43
41 19	2
41 20	16
41 21	29
41 22	40
41 23	48
41 24	20
41 26	34
41 27	17
41 28	32
41 29	24
41 30	33
41 31	38
41 32	15
41 33	3
41 34	7
41 35	41
41 36	28
41 39	44
41 40	6
41 41	36
41 42	27
41 43	25
41 44	45
41 45	39
41 48	8
41 49	14
42 1	13
42 2	8
42 3	16
42 6	40
42 8	41
42 9	27
42 11	25
42 12	33
42 13	32
42 14	29
42 15	6
42 16	18
42 17	36
42 18	38
42 19	48
42 20	15
42 22	23
42 23	37
42 25	46
42 26	42
42 27	35
42 28	3
42 29	2
42 30	44
42 31	34
42 32	28
42 34	1
42 35	26
42 36	24
42 37	20
42 38	14
42 39	9
42 40	0
42 44	19
42 47	10
42 48	5
43 0	23
43 2	3
43 3	9
43 4	30
43 5	5
43 6	11
43 7	8
43 8	4
43 10	6
43 12	25
43 13	26
43 14	47
43 16	39
43 17	28
43 19	49
43 20	41
43 21	46
43 23	33
43 24	2
43 26	38
43 27	40
43 28	42
43 29	29
43 31	31
43 32	24
43 33	0
43 34	12
43 35	13
43 37	22
43 38	10
43 39	34
43 40	35
43 43	48
43 44	18
43 45	43
43 46	32
43 48	44
43 49	21
44 0	21
44 1	3
44 2	5
44 3	37
44 5	41
44 6	46
44 7	2
44 9	44
44 10	4
44 12	12
44 13	31
44 14	24
44 15	0
44 16	34
44 18	28
44 19	17
44 20	20
44 21	19
44 22	14
44 25	16
44 26	1
44 28	11
44 30	10
44 31	6
44 33	49
44 35	30
44 36	18
44 38	48
44 39	25
44 40	47
44 41	27
44 42	29
44 43	40
44 44	22
44 45	23
44 46	33
44 48	35
44 49	26
45 0	45
45 3	35
45 4	19
45 5	3
45 6	0
45 7	15
45 8	1
45 9	26
45 11	29
45 12	38
45 13	13
45 14	39
45 15	8
45 16	16
45 17	20
45 18	36
45 19	21
45 20	12
45 21	2
45 22	11
45 23	47
45 24	18
45 27	6
45 29	46
45 33	9
45 34	17
45 35	34
45 37	7
45 38	41
45 39	27
45 40	44
45 41	40
45 42	4
45 43	23
45 44	49
45 45	5
45 46	31
45 47	25
45 48	37
45 49	10
46 0	38
46 1	41
46 2	21
46 3	33
46 4	18
46 5	32
46 6	37
46 7	43
46 8	31
46 9	49
46 10	40
46 13	7
46 14	44
46 15	34
46 16	17
46 17	0
46 18	8
46 21	3
46 22	9
46 24	6
46 26	27
46 28	48
46 29	36
46 30	47
46 31	28
46 32	39
46 33	46
46 34	30
46 35	16
46 36	12
46 37	45
46 38	5
46 39	2
46 41	10
46 42	42
46 44	4
46 45	14
46 47	35
46 49	23
47 0	22
47 1	2
47 2	11
47 3	32
47 4	45
47 5	6
47 6	25
47 8	38
47 9	43
47 10	46
47 11	14
47 13	48
47 14	13
47 15	31
47 16	33
47 17	15
47 18	16
47 19	10
47 20	18
47 21	0
47 22	44
47 23	49
47 25	34
47 26	5
47 28	7
47 29	20
47 30	29
47 31	19
47 32	23
47 34	3
47 35	27
47 36	40
47 38	8
47 39	24
47 40	9
47 42	17
47 43	4
47 44	21
47 45	26
47 48	39
47 49	36
48 0	30
48 1	46
48 3	15
48 5	28
48 6	3
48 7	34
48 8	43
48 9	32
48 10	21
48 11	37
48 12	29
48 13	42
48 15	39
48 17	23
48 18	19
48 19	35
48 21	9
48 22	26
48 23	36
48 24	12
48 25	1
48 29	44
48 30	31
48 31	11
48 32	18
48 34	14
48 35	40
48 37	6
48 38	20
48 40	5
48 41	2
48 42	33
48 43	47
48 44	24
48 45	4
48 46	25
48 47	38
48 48	27
48 49	8
49 0	8
49 1	1
49 3	48
49 4	9
49 5	17
49 6	12
49 7	20
49 8	30
49 9	19
49 10	25
49 12	13
49 13	18
49 14	2
49 16	28
49 18	6
49 19	44
49 20	38
49 21	42
49 22	47
49 25	14
49 26	41
49 27	0
49 29	34
49 30	4
49 31	15
49 32	45
49 33	36
49 34	23
49 35	29
49 37	5
49 38	33
49 39	35
49 40	7
49 41	43
49 42	21
49 43	26
49 44	40
49 46	10
49 47	37
49 48	46
