50
0 0	15
0 2	47
0 3	1
0 4	12
0 7	37
0 8	23
0 9	42
0 11	32
0 12	22
0 13	33
0 16	45
0 17	39
0 18	20
0 19	36
0 20	46
0 21	28
0 22	3
0 24	25
0 26	14
0 27	13
0 28	43
0 29	17
0 30	0
0 31	8
0 32	21
0 33	19
0 34	4
0 37	2
0 38	31
0 39	29
0 40	38
0 41	9
0 42	35
0 44	7
0 45	18
0 46	44
0 47	5
0 49	40
1 1	36
1 2	17
1 3	23
1 4	28
1 5	10
1 6	33
1 8	3
1 9	47
1 12	46
1 16	26
1 18	40
1 20	38
1 21	7
1 22	30
1 23	2
1 24	37
1 25	16
1 26	21
1 28	9
1 33	34
1 34	45
1 35	29
1 37	13
1 38	39
1 40	18
1 41	0
1 42	5
1 45	27
1 46	41
1 48	32
1 49	42
2 0	44
2 1	38
2 3	49
2 4	4
2 5	12
2 6	42
2 8	45
2 10	23
2 11	41
2 12	1
2 14	10
2 15	24
2 16	15
2 17	30
2 20	17
2 21	11
2 22	19
2 23	46
2 28	40
2 31	29
2 33	9
2 34	47
2 35	32
2 37	0
2 38	21
2 39	33
2 42	31
2 43	35
2 44	25
2 46	2
2 47	28
3 0	19
3 2	8
3 3	10
3 4	47
3 6	4
3 7	14
3 8	17
3 9	43
3 11	27
3 12	44
3 13	22
3 16	5
3 17	34
3 18	18
3 19	31
3 20	37
3 22	16
3 23	33
3 25	3
3 26	24
3 27	25
3 28	2
3 29	1
3 31	20
3 33	21
3 35	30
3 36	9
3 39	0
3 41	11
3 42	36
3 44	28
3 45	23
3 47	7
3 49	45
4 1	3
4 3	30
4 5	6
4 6	27
4 8	10
4 9	14
4 10	12
4 11	28
4 12	35
4 14	21
4 15	0
4 17	29
4 18	5
4 19	13
4 21	23
4 22	32
4 23	17
4 24	4
4 25	19
4 26	40
4 27	7
4 30	45
4 31	41
4 33	46
4 37	49
4 38	42
4 39	26
4 40	22
4 41	18
4 42	47
4 43	48
4 44	43
4 45	33
4 47	25
4 48	15
4 49	24
5 1	48
5 2	13
5 3	6
5 7	4
5 8	21
5 10	2
5 11	1
5 12	27
5 13	20
5 15	7
5 16	47
5 17	0
5 18	17
5 19	19
5 20	12
5 22	29
5 23	43
5 24	24
5 25	35
5 31	33
5 32	31
5 33	41
5 34	25
5 36	45
5 37	30
5 38	26
5 39	15
5 40	28
5 41	16
5 42	14
5 43	38
5 46	18
5 47	46
5 48	23
5 49	5
6 0	28
6 2	35
6 4	1
6 5	37
6 9	7
6 10	45
6 11	9
6 13	18
6 15	8
6 17	13
6 18	24
6 19	14
6 20	23
6 21	0
6 24	27
6 25	29
6 26	15
6 27	4
6 28	38
6 29	26
6 31	48
6 32	49
6 33	22
6 34	12
6 36	20
6 37	47
6 39	30
6 40	17
6 41	44
6 42	42
6 43	3
6 46	25
6 47	19
6 48	11
6 49	32
7 0	18
7 2	26
7 3	7
7 4	13
7 7	47
7 8	34
7 9	23
7 10	43
7 11	38
7 12	10
7 13	21
7 14	6
7 20	49
7 25	33
7 26	16
7 28	0
7 30	8
7 31	42
7 33	20
7 34	11
7 36	25
7 37	40
7 38	44
7 39	37
7 40	31
7 41	17
7 42	15
7 46	5
7 47	39
7 48	46
7 49	30
8 0	12
8 1	5
8 2	1
8 3	42
8 4	23
8 7	16
8 8	7
8 9	38
8 10	37
8 12	14
8 13	48
8 14	13
8 15	18
8 17	47
8 18	45
8 19	27
8 20	44
8 21	30
8 22	40
8 24	3
8 25	26
8 26	17
8 28	6
8 29	32
8 30	35
8 31	2
8 33	43
8 34	36
8 37	31
8 39	39
8 40	41
8 45	8
8 47	4
8 48	28
8 49	33
9 0	33
9 1	32
9 2	48
9 4	11
9 5	13
9 7	24
9 8	41
9 11	7
9 14	12
9 15	21
9 17	46
9 18	36
9 20	26
9 21	39
9 26	28
9 27	47
9 28	20
9 29	37
9 31	25
9 33	42
9 35	6
9 36	27
9 37	5
9 39	17
9 40	10
9 41	49
9 43	44
9 44	31
9 46	15
9 47	35
9 48	14
9 49	23
10 0	29
10 1	49
10 2	21
10 3	2
10 4	48
10 5	14
10 6	25
10 8	26
10 9	13
10 10	22
10 12	20
10 13	40
10 14	27
10 15	15
10 16	37
10 17	3
10 19	41
10 20	36
10 21	17
10 22	38
10 23	39
10 26	44
10 27	9
10 28	35
10 30	33
10 32	42
10 33	31
10 34	28
10 35	7
10 39	16
10 40	32
10 41	10
10 44	24
10 45	4
10 46	0
10 47	12
10 48	6
10 49	47
11 0	42
11 1	28
11 2	12
11 5	17
11 7	13
11 8	27
11 10	44
11 12	2
11 13	32
11 15	35
11 16	46
11 17	9
11 18	37
11 19	49
11 20	19
11 21	24
11 22	47
11 24	5
11 26	1
11 27	18
11 29	34
11 30	26
11 31	38
11 32	30
11 33	40
11 35	10
11 37	25
11 38	29
11 39	11
11 40	33
11 41	48
11 43	20
11 44	8
11 45	22
11 48	43
11 49	31
12 0	17
12 1	18
12 2	5
12 3	43
12 4	30
12 7	29
12 8	46
12 10	42
12 11	3
12 12	9
12 13	24
12 15	33
12 16	20
12 17	40
12 18	12
12 19	37
12 20	7
12 21	15
12 22	13
12 23	41
12 24	10
12 25	47
12 26	22
12 28	11
12 29	48
12 30	16
12 31	6
12 32	36
12 33	45
12 34	35
12 35	26
12 38	28
12 39	25
12 40	49
12 42	0
12 43	21
12 44	4
12 45	44
12 47	31
12 49	38
13 0	43
13 3	26
13 5	46
13 7	25
13 9	40
13 10	27
13 11	6
13 12	19
13 13	34
13 14	35
13 16	39
13 19	8
13 20	45
13 23	30
13 25	17
13 26	38
13 27	0
13 28	5
13 29	10
13 31	11
13 35	22
13 36	42
13 37	3
13 38	15
13 39	7
13 40	16
13 41	13
13 44	18
13 46	37
13 47	47
13 48	4
13 49	36
14 1	21
14 2	46
14 3	36
14 4	20
14 5	41
14 6	37
14 7	7
14 8	12
14 9	30
14 13	11
14 14	14
14 15	44
14 16	2
14 18	25
14 19	24
14 21	1
14 22	6
14 23	32
14 24	18
14 25	42
14 26	39
14 27	38
14 28	23
14 29	3
14 30	28
14 32	13
14 34	27
14 35	5
14 37	4
14 38	34
14 39	40
14 40	15
14 41	22
14 42	49
14 43	43
14 44	19
14 46	33
14 47	29
14 48	16
15 1	10
15 3	17
15 4	6
15 6	26
15 7	40
15 8	24
15 9	48
15 10	47
15 11	16
15 12	37
15 13	36
15 17	49
15 19	32
15 20	2
15 21	21
15 29	15
15 30	9
15 31	35
15 33	25
15 34	18
15 35	38
15 36	41
15 37	27
15 38	4
15 39	46
15 40	8
15 42	33
15 43	0
15 44	13
15 45	39
15 46	19
16 0	47
16 1	4
16 3	41
16 6	21
16 7	48
16 8	49
16 10	30
16 11	45
16 13	37
16 14	9
16 15	31
16 16	23
16 18	35
16 19	46
16 20	28
16 21	2
16 24	11
16 26	10
16 29	20
16 32	6
16 33	17
16 34	43
16 35	18
16 37	38
16 39	36
16 40	44
16 42	13
16 43	12
16 44	5
16 45	29
16 46	42
16 47	1
16 48	40
17 0	20
17 1	13
17 3	38
17 9	44
17 10	11
17 11	39
17 13	9
17 14	34
17 15	17
17 17	18
17 18	3
17 19	30
17 20	24
17 21	5
17 22	28
17 23	25
17 24	31
17 25	21
17 26	4
17 27	12
17 28	37
17 29	45
17 31	46
17 32	22
17 33	32
17 34	19
17 36	10
17 38	40
17 39	23
17 43	29
17 44	47
17 46	49
17 47	26
17 48	0
17 49	16
18 0	5
18 1	34
18 3	19
18 4	29
18 5	21
18 7	9
18 8	15
18 9	25
18 10	41
18 11	8
18 12	43
18 13	17
18 14	28
18 15	14
18 16	10
18 17	36
18 20	31
18 21	42
18 22	18
18 23	26
18 24	35
18 26	37
18 27	23
18 28	44
18 29	40
18 30	48
18 31	32
18 33	3
18 35	46
18 36	39
18 37	7
18 38	22
18 41	4
18 42	27
18 44	1
18 46	38
18 47	16
18 48	47
18 49	11
19 2	20
19 3	8
19 5	40
19 6	19
19 7	27
19 8	2
19 9	46
19 10	26
19 11	21
19 12	29
19 13	42
19 14	44
19 16	38
19 17	16
19 18	1
19 20	18
19 22	10
19 23	5
19 26	23
19 27	3
19 30	12
19 31	28
19 33	13
19 34	31
19 37	22
19 38	7
19 39	24
19 40	6
19 41	15
19 42	37
19 44	17
19 46	14
19 47	11
19 48	25
19 49	41
20 1	25
20 2	40
20 3	37
20 6	47
20 7	28
20 8	5
20 10	46
20 11	36
20 14	48
20 15	29
20 16	19
20 17	26
20 18	16
20 19	3
20 20	6
20 21	34
20 22	15
20 23	4
20 25	38
20 29	42
20 31	9
20 34	41
20 35	14
20 37	11
20 38	43
20 39	18
20 42	39
20 43	17
20 44	44
20 45	45
20 46	20
20 47	10
20 48	30
20 49	13
21 0	22
21 1	30
21 2	29
21 3	14
21 4	25
21 5	5
21 7	45
21 8	37
21 10	0
21 11	12
21 12	36
21 15	43
21 17	41
21 18	2
21 20	4
21 21	27
21 22	21
21 23	13
21 26	11
21 28	8
21 30	24
21 31	39
21 32	23
21 34	34
21 35	9
21 36	40
21 37	44
21 39	31
21 40	1
21 41	32
21 42	10
21 44	26
21 46	16
21 47	42
21 48	33
21 49	17
22 0	49
22 1	7
22 2	10
22 4	2
22 5	24
22 6	28
22 7	31
22 8	20
22 11	44
22 12	34
22 13	15
22 14	3
22 15	46
22 16	32
22 20	14
22 21	38
22 23	1
22 24	33
22 25	41
22 26	26
22 28	17
22 31	40
22 33	29
22 35	43
22 36	12
22 37	36
22 38	27
22 39	5
22 40	47
22 41	19
22 42	23
22 43	22
22 44	0
22 45	16
22 46	8
22 47	48
22 48	35
22 49	25
23 0	6
23 1	23
23 4	46
23 5	8
23 7	19
23 8	35
23 10	33
23 11	20
23 12	25
23 13	16
23 14	24
23 15	9
23 18	27
23 19	17
23 20	10
23 21	47
23 23	11
23 24	41
23 26	48
23 27	37
23 29	12
23 30	4
23 32	26
23 33	44
23 35	13
23 37	29
23 38	36
23 39	49
23 40	40
23 41	42
23 42	30
23 44	15
23 45	14
23 46	39
23 47	38
23 49	43
24 0	39
24 2	23
24 4	26
24 5	1
24 6	45
24 7	17
24 8	25
24 9	34
24 12	11
24 13	3
24 15	41
24 16	31
24 17	2
24 18	38
24 19	28
24 21	20
24 22	8
24 23	47
24 26	42
24 29	49
24 30	7
24 31	30
24 32	43
24 33	36
24 34	44
24 35	16
24 36	21
24 37	35
24 38	13
24 39	32
24 40	19
24 41	33
24 42	24
24 43	18
24 44	10
24 45	5
24 46	12
25 3	20
25 6	32
25 7	21
25 10	36
25 11	17
25 12	24
25 14	2
25 16	11
25 17	33
25 18	10
25 19	34
25 20	41
25 24	12
25 25	0
25 26	43
25 27	16
25 28	29
25 29	47
25 31	31
25 33	8
25 35	4
25 36	13
25 37	26
25 38	35
25 39	9
25 42	40
25 45	28
25 47	14
25 49	44
26 0	36
26 1	33
26 2	42
26 3	28
26 6	22
26 7	6
26 9	20
26 11	37
26 12	23
26 13	38
26 14	7
26 15	47
26 16	40
26 17	44
26 18	46
26 19	11
26 20	43
26 22	34
26 23	15
26 24	17
26 25	45
26 28	24
26 29	30
26 30	21
26 32	29
26 33	39
26 35	3
26 36	31
26 37	16
26 38	48
26 40	12
26 42	32
26 43	1
26 44	27
26 46	10
26 47	49
26 49	9
27 0	24
27 2	36
27 3	0
27 6	29
27 8	31
27 9	32
27 11	19
27 12	26
27 13	45
27 16	22
27 18	4
27 20	30
27 22	11
27 24	1
27 25	6
27 26	46
27 28	47
27 29	41
27 30	44
27 31	13
27 33	14
27 35	35
27 37	9
27 38	12
27 40	37
27 41	21
27 43	5
27 45	48
27 46	43
27 47	23
27 48	39
27 49	18
28 0	37
28 1	17
28 2	19
28 3	44
28 4	7
28 5	11
28 6	40
28 7	32
28 9	12
28 10	24
28 13	46
28 14	15
28 15	5
28 17	25
28 19	38
28 20	1
28 22	26
28 24	30
28 25	8
28 28	28
28 29	33
28 30	31
28 32	10
28 33	35
28 34	22
28 35	2
28 38	41
28 39	27
28 42	16
28 44	36
28 46	34
28 48	13
29 0	4
29 1	22
29 2	49
29 3	33
29 5	29
29 9	10
29 10	17
29 11	24
29 12	3
29 13	31
29 14	42
29 15	20
29 17	14
29 19	16
29 20	35
29 21	19
29 23	34
29 26	5
29 27	45
29 28	15
29 29	46
29 31	36
29 33	28
29 34	9
29 36	48
29 38	37
29 41	43
29 42	6
29 43	26
29 46	7
29 48	21
29 49	8
30 1	45
30 3	48
30 4	21
30 6	24
30 7	11
30 9	31
30 10	32
30 11	10
30 12	17
30 13	27
30 14	18
30 15	28
30 19	1
30 20	39
30 21	44
30 22	22
30 23	0
30 24	14
30 25	20
30 26	47
30 27	26
30 28	30
30 30	40
30 31	43
30 39	34
30 40	42
30 41	35
30 42	46
30 43	4
30 44	9
30 45	12
30 46	13
30 47	33
30 48	3
30 49	15
31 0	0
31 2	18
31 3	27
31 4	15
31 7	12
31 9	29
31 11	30
31 12	31
31 13	23
31 14	37
31 15	40
31 16	13
31 17	45
31 18	42
31 20	11
31 21	16
31 23	49
31 24	43
31 25	44
31 28	48
31 29	38
31 30	14
31 32	9
31 36	4
31 37	28
31 38	8
31 39	21
31 40	3
31 41	36
31 42	2
31 43	25
31 44	41
31 45	26
31 46	1
31 48	24
31 49	46
32 0	46
32 1	31
32 2	25
32 3	21
32 4	27
32 6	18
32 7	30
32 9	11
32 12	6
32 13	10
32 14	22
32 15	3
32 16	48
32 18	26
32 19	43
32 21	33
32 24	28
32 26	13
32 27	44
32 28	16
32 31	34
32 32	39
32 34	29
32 35	49
32 36	0
32 37	45
32 39	41
32 41	38
32 42	8
32 43	9
32 44	2
32 45	24
32 47	36
33 1	14
33 2	24
33 4	41
33 5	26
33 6	35
33 7	23
33 8	36
33 9	5
33 10	1
33 11	47
33 12	49
33 13	2
33 14	8
33 15	42
33 16	28
33 17	7
33 18	32
33 19	21
33 21	6
33 23	29
33 24	34
33 26	18
33 27	33
33 28	46
33 29	4
33 31	10
33 33	16
33 34	40
33 36	43
33 37	19
33 39	38
33 40	48
33 41	39
33 42	44
33 43	13
33 44	20
33 45	3
33 47	45
33 48	9
33 49	0
34 0	40
34 2	31
34 5	23
34 6	17
34 7	33
34 8	9
34 9	49
34 10	28
34 13	4
34 15	6
34 16	8
34 17	10
34 18	22
34 20	0
34 21	14
34 22	48
34 23	18
34 24	47
34 25	7
34 26	29
34 28	34
34 29	13
34 30	43
34 31	44
34 32	27
34 33	1
34 34	26
34 37	21
34 40	20
34 41	5
34 42	19
34 46	30
34 47	41
35 0	7
35 1	8
35 2	37
35 3	16
35 4	14
35 5	31
35 6	2
35 7	42
35 11	34
35 14	17
35 15	32
35 19	40
35 20	25
35 21	9
35 22	5
35 26	27
35 28	10
35 30	18
35 31	23
35 32	15
35 34	24
35 35	28
35 37	43
35 38	47
35 39	1
35 40	29
35 41	45
35 43	46
35 44	49
35 45	6
35 46	48
35 47	44
35 48	38
35 49	19
36 1	46
36 3	47
36 4	43
36 6	9
36 9	16
36 11	18
36 12	40
36 13	13
36 17	1
36 18	6
36 19	45
36 20	29
36 21	35
36 22	20
36 23	21
36 24	7
36 25	39
36 26	25
36 27	5
36 28	26
36 29	27
36 30	17
36 31	15
36 33	37
36 34	48
36 35	31
36 36	14
36 37	8
36 39	12
36 41	41
36 42	38
36 43	10
36 44	3
36 47	2
36 48	36
37 0	23
37 4	3
37 6	5
37 7	1
37 8	28
37 9	45
37 12	4
37 13	41
37 16	9
37 17	8
37 19	42
37 22	35
37 23	44
37 25	36
37 26	32
37 27	40
37 28	22
37 29	25
37 31	0
37 32	47
37 33	12
37 34	14
37 35	33
37 37	17
37 39	2
37 42	29
37 44	30
37 46	6
37 47	13
37 48	34
37 49	20
38 0	31
38 1	9
38 2	32
38 3	46
38 6	49
38 7	15
38 8	11
38 10	35
38 12	16
38 13	14
38 14	47
38 15	36
38 16	44
38 17	5
38 18	7
38 19	25
38 20	33
38 21	45
38 22	24
38 23	38
38 24	39
38 27	2
38 29	8
38 30	42
38 31	27
38 32	48
38 33	6
38 34	17
38 35	21
38 36	18
38 39	22
38 40	0
38 41	37
38 42	34
38 43	30
38 44	23
38 45	13
38 47	20
38 49	29
39 0	16
39 1	44
39 2	9
39 3	45
39 4	42
39 5	35
39 7	49
39 8	13
39 9	17
39 10	10
39 13	25
39 14	46
39 16	21
39 17	43
39 19	23
39 22	31
39 24	38
39 25	28
39 27	48
39 30	3
39 31	24
39 32	18
39 38	33
39 39	47
39 40	2
39 41	29
39 43	7
39 44	12
39 45	1
39 46	32
39 47	6
39 48	8
39 49	34
40 0	38
40 3	31
40 4	32
40 5	4
40 6	11
40 7	22
40 8	18
40 10	20
40 11	23
40 12	39
40 14	36
40 16	7
40 19	9
40 20	13
40 21	37
40 22	0
40 23	48
40 24	6
40 25	2
40 26	45
40 28	14
40 29	44
40 30	5
40 32	35
40 36	15
40 38	1
40 39	43
40 40	25
40 41	30
40 42	12
40 43	28
40 44	40
40 45	19
40 46	3
40 47	21
40 48	49
40 49	10
41 0	25
41 1	26
41 3	11
41 4	24
41 5	38
41 6	23
41 7	35
41 8	40
41 9	22
41 10	21
41 12	42
41 13	28
41 15	49
41 18	43
41 20	3
41 21	36
41 22	46
41 23	10
41 26	34
41 28	33
41 30	41
41 31	47
41 32	14
41 33	4
41 35	12
41 36	2
41 37	32
41 38	9
41 39	44
41 40	5
41 41	8
41 43	37
41 44	39
41 46	45
41 47	30
41 49	1
42 0	13
42 1	0
42 2	45
42 3	39
42 5	16
42 7	34
42 8	48
42 10	29
42 11	35
42 14	43
42 16	30
42 19	47
42 21	31
42 22	49
42 23	36
42 24	42
42 27	15
42 30	25
42 33	33
42 34	21
42 35	37
42 36	8
42 37	6
42 42	22
42 43	11
42 44	38
42 45	46
42 46	4
43 0	14
43 2	4
43 3	32
43 4	17
43 5	27
43 6	44
43 7	18
43 8	29
43 9	2
43 10	49
43 11	33
43 13	35
43 15	13
43 17	28
43 18	41
43 19	22
43 20	16
43 21	12
43 22	9
43 23	3
43 24	26
43 25	31
43 26	36
43 27	34
43 28	7
43 29	39
43 30	47
43 31	5
43 32	24
43 33	11
43 34	1
43 35	42
43 36	38
43 39	10
43 40	23
43 41	46
43 44	37
43 45	25
43 46	40
43 47	15
43 48	20
43 49	6
44 0	41
44 1	39
44 2	22
44 3	12
44 4	37
44 5	42
44 9	21
44 10	13
44 11	25
44 12	18
44 13	0
44 14	5
44 15	1
44 16	29
44 17	11
44 19	15
44 21	46
44 22	4
44 23	19
44 24	45
44 25	9
44 26	49
44 27	31
44 28	3
44 30	23
44 31	14
44 32	2
44 33	24
44 34	33
44 35	20
44 36	6
44 39	8
44 41	28
44 42	17
44 43	27
44 44	16
44 45	40
44 46	35
44 47	32
44 48	48
44 49	7
45 1	11
45 3	13
45 4	19
45 5	9
45 7	46
45 8	38
45 9	35
45 10	31
45 11	42
45 15	4
45 16	34
45 17	23
45 20	32
45 21	3
45 22	1
45 23	6
45 25	18
45 29	7
45 30	22
45 31	49
45 32	25
45 33	15
45 34	8
45 36	33
45 37	37
45 38	16
45 42	43
45 43	40
45 44	14
45 45	17
45 46	21
45 47	0
45 48	45
45 49	48
46 0	45
46 2	15
46 4	9
46 5	32
46 6	13
46 8	14
46 9	39
46 10	5
46 11	26
46 12	38
46 15	10
46 16	16
46 18	31
46 19	44
46 20	21
46 21	22
46 22	27
46 23	12
46 25	34
46 28	18
46 30	46
46 31	37
46 32	3
46 33	48
46 34	23
46 38	17
46 40	4
46 42	28
46 45	43
46 47	8
46 48	7
46 49	2
47 3	22
47 4	0
47 5	30
47 6	3
47 8	8
47 9	24
47 10	6
47 11	13
47 12	47
47 13	5
47 14	4
47 15	16
47 16	25
47 17	27
47 18	21
47 19	39
47 20	34
47 21	32
47 22	43
47 24	9
47 25	10
47 26	31
47 27	41
47 28	12
47 29	18
47 31	7
47 33	49
47 35	40
47 36	29
47 38	23
47 39	35
47 40	46
47 41	1
47 42	48
47 43	42
47 45	11
47 46	36
47 47	37
47 48	17
47 49	28
48 0	11
48 3	40
48 4	22
48 5	45
48 6	7
48 8	6
48 11	2
48 13	49
48 14	16
48 16	24
48 17	4
48 18	28
48 19	20
48 20	8
48 21	25
48 22	14
48 25	37
48 26	33
48 27	1
48 28	13
48 29	31
48 30	38
48 31	19
48 32	5
48 33	0
48 34	10
48 35	48
48 36	46
48 37	15
48 39	42
48 40	9
48 41	27
48 42	26
48 43	39
48 48	44
49 0	21
49 1	27
49 2	7
49 3	15
49 6	0
49 7	38
49 8	39
49 9	1
49 10	14
49 11	11
49 13	6
49 14	31
49 15	19
49 16	36
49 17	37
49 18	47
49 20	22
49 21	13
49 22	17
49 23	42
49 25	30
49 26	35
49 27	43
49 29	9
49 33	18
49 34	16
49 35	8
49 37	20
49 38	10
49 39	48
49 41	12
49 42	3
49 43	24
49 44	32
49 45	41
49 46	46
49 49	49
