50
0 2	39
0 5	29
0 6	2
0 7	33
0 10	47
0 11	8
0 17	26
0 25	27
0 31	28
0 37	12
0 42	13
0 43	36
0 47	9
0 48	34
0 49	23
1 0	47
1 3	26
1 6	8
1 7	15
1 9	30
1 10	18
1 13	3
1 14	28
1 17	36
1 28	38
1 41	48
1 42	44
1 44	9
1 46	22
1 48	4
1 49	40
2 5	12
2 6	22
2 7	1
2 12	10
2 16	47
2 17	48
2 18	5
2 21	34
2 25	35
2 29	9
2 30	27
2 43	7
2 46	23
2 48	46
3 1	23
3 6	9
3 9	1
3 10	37
3 15	10
3 17	44
3 19	11
3 20	35
3 28	26
3 32	13
3 33	21
3 35	6
3 41	19
4 2	23
4 11	17
4 12	5
4 13	29
4 15	19
4 21	18
4 23	46
4 32	27
4 37	22
4 38	8
4 42	30
4 45	33
4 46	3
5 4	32
5 10	9
5 12	44
5 13	25
5 19	26
5 21	43
5 22	31
5 23	14
5 24	29
5 28	37
5 30	30
5 45	45
6 3	3
6 5	31
6 12	46
6 16	34
6 20	7
6 23	32
6 25	44
6 26	40
6 27	38
6 29	25
6 32	28
6 33	39
6 34	20
6 39	41
6 41	8
6 42	48
6 45	22
7 1	3
7 2	37
7 4	23
7 5	36
7 6	44
7 14	34
7 23	31
7 27	22
7 29	48
7 30	5
7 31	49
7 32	38
7 35	32
7 39	19
7 44	17
7 45	41
8 0	27
8 1	19
8 2	21
8 10	41
8 11	36
8 13	38
8 15	14
8 23	2
8 24	4
8 25	0
8 27	12
8 28	34
8 31	24
8 32	9
8 36	25
8 38	7
8 39	30
8 41	18
9 1	15
9 5	45
9 6	29
9 9	36
9 12	11
9 15	6
9 25	13
9 26	41
9 27	31
9 28	47
9 30	3
9 36	37
9 41	43
9 42	42
9 43	48
9 44	32
9 45	26
10 0	42
10 1	1
10 3	8
10 10	10
10 11	25
10 18	33
10 26	22
10 30	24
10 38	48
10 42	26
10 45	36
10 46	14
10 47	16
11 8	40
11 14	8
11 16	7
11 19	14
11 28	29
11 29	15
11 33	49
11 38	26
11 41	39
12 4	30
12 6	12
12 18	7
12 20	47
12 23	45
12 24	23
12 27	1
12 28	13
12 33	9
12 39	22
12 42	8
12 48	48
13 0	20
13 2	36
13 6	32
13 9	38
13 12	1
13 13	46
13 16	45
13 24	22
13 26	23
13 28	42
13 41	31
13 45	39
14 3	2
14 8	32
14 9	44
14 14	48
14 20	45
14 22	18
14 23	37
14 24	27
14 28	15
14 30	22
14 33	30
14 38	31
14 40	23
14 42	0
14 43	46
14 46	42
15 6	17
15 12	8
15 20	26
15 21	15
15 26	45
15 29	36
15 33	35
15 35	2
15 41	1
15 42	38
15 43	6
15 46	32
16 0	38
16 1	45
16 2	27
16 3	7
16 4	13
16 10	33
16 17	2
16 26	42
16 28	22
16 34	32
16 37	4
16 44	19
16 45	37
16 49	43
17 0	44
17 2	15
17 4	11
17 5	46
17 9	4
17 10	2
17 11	1
17 13	16
17 14	13
17 15	24
17 16	48
17 17	18
17 20	30
17 22	3
17 35	17
17 36	34
17 45	42
17 48	22
18 2	28
18 8	29
18 9	49
18 11	12
18 12	3
18 22	0
18 25	5
18 28	36
18 29	8
18 36	1
18 45	7
18 49	25
19 2	44
19 6	49
19 9	15
19 10	14
19 12	37
19 16	29
19 17	7
19 21	2
19 26	11
19 27	26
19 35	27
19 37	24
19 41	6
19 42	39
19 43	1
19 46	9
20 2	29
20 5	48
20 6	39
20 13	49
20 17	43
20 19	4
20 22	36
20 23	13
20 25	26
20 26	9
20 29	16
20 30	19
20 41	21
20 42	6
20 48	15
20 49	32
21 0	32
21 3	37
21 8	3
21 11	40
21 12	20
21 16	12
21 25	28
21 26	48
21 34	8
21 37	16
21 41	4
22 3	49
22 5	14
22 8	26
22 16	24
22 19	29
22 22	23
22 26	0
22 28	7
22 29	38
22 30	46
22 31	36
22 32	20
22 38	45
22 40	25
22 42	40
22 43	3
22 45	2
22 46	34
22 49	5
23 6	33
23 13	18
23 17	42
23 20	8
23 23	12
23 27	20
23 28	35
23 35	1
23 41	23
23 44	22
23 45	16
23 48	36
24 11	32
24 12	36
24 16	4
24 29	37
24 30	10
24 38	34
24 41	30
24 46	45
24 49	28
25 6	48
25 9	45
25 12	22
25 14	21
25 16	23
25 23	10
25 26	6
25 27	29
25 28	30
25 32	40
25 34	13
25 35	18
25 41	32
25 45	35
26 1	47
26 2	40
26 5	4
26 6	19
26 10	20
26 15	29
26 16	28
26 18	8
26 22	25
26 27	46
26 28	3
26 30	41
26 31	9
26 32	37
27 2	17
27 6	13
27 7	4
27 10	3
27 11	41
27 12	7
27 15	15
27 20	49
27 21	5
27 22	1
27 26	34
27 29	0
27 30	33
27 31	32
27 34	12
27 35	9
27 36	40
27 40	47
27 42	10
27 44	2
27 48	11
28 3	41
28 4	20
28 9	39
28 17	46
28 31	23
28 33	5
28 35	49
28 38	32
28 42	47
28 47	2
28 49	1
29 9	47
29 16	21
29 17	31
29 20	16
29 24	46
29 26	37
29 28	24
29 29	14
29 35	43
29 37	26
29 39	12
29 41	34
29 43	32
29 44	25
29 47	44
30 9	10
30 13	39
30 20	42
30 21	12
30 22	22
30 24	21
30 25	25
30 28	20
30 29	3
30 32	45
30 36	23
30 37	41
30 40	28
30 43	18
30 47	5
30 48	17
31 0	13
31 3	35
31 11	46
31 16	31
31 20	11
31 23	28
31 35	0
31 40	9
31 42	3
31 49	26
32 0	36
32 1	12
32 3	43
32 5	13
32 6	42
32 7	7
32 8	4
32 10	27
32 14	11
32 16	25
32 17	20
32 18	1
32 23	33
32 27	16
32 30	35
32 31	14
32 33	44
32 34	6
32 36	5
32 37	31
32 39	18
32 40	2
32 42	9
32 44	28
33 2	38
33 3	4
33 7	46
33 8	49
33 9	18
33 10	22
33 18	24
33 23	9
33 24	3
33 26	47
33 27	36
33 28	8
33 31	25
33 37	17
33 41	29
33 43	40
33 44	15
33 47	43
33 48	33
34 1	40
34 2	20
34 4	3
34 7	35
34 8	8
34 12	9
34 15	25
34 16	6
34 20	13
34 21	17
34 24	1
34 25	24
34 26	46
34 28	27
34 29	5
34 32	22
34 33	4
34 37	47
34 38	16
34 39	37
34 40	21
34 45	23
34 47	39
35 0	30
35 2	3
35 3	31
35 9	21
35 12	43
35 13	35
35 14	46
35 17	22
35 20	1
35 23	29
35 30	47
35 31	8
35 32	19
35 40	49
35 42	16
35 47	28
35 49	4
36 5	20
36 6	6
36 7	13
36 11	33
36 13	47
36 15	18
36 16	37
36 18	14
36 19	31
36 22	32
36 23	23
36 24	48
36 27	30
36 29	35
36 33	1
36 35	11
36 42	2
36 49	21
37 0	45
37 1	26
37 3	44
37 5	43
37 9	24
37 10	7
37 11	14
37 12	31
37 17	12
37 18	18
37 25	20
37 29	49
37 30	17
37 34	38
37 37	34
37 42	29
37 43	37
37 44	35
37 45	15
37 49	27
38 14	44
38 20	18
38 21	16
38 25	19
38 30	39
38 34	17
38 36	33
38 38	22
38 39	0
38 42	5
38 46	28
39 0	3
39 5	10
39 8	38
39 9	16
39 10	23
39 11	27
39 23	6
39 25	34
39 26	15
39 28	39
39 30	13
39 32	30
39 37	1
39 39	32
39 42	35
39 43	44
39 46	18
40 2	35
40 6	34
40 13	27
40 15	20
40 16	39
40 21	46
40 24	30
40 27	45
40 30	48
40 36	9
40 41	7
40 46	40
40 47	6
41 0	7
41 1	18
41 2	1
41 7	29
41 16	46
41 18	19
41 23	4
41 24	2
41 26	24
41 28	48
41 29	10
41 34	28
41 42	25
41 43	0
42 2	48
42 4	22
42 5	1
42 6	11
42 10	42
42 12	38
42 14	6
42 15	37
42 17	21
42 30	0
42 36	14
42 38	43
42 39	2
42 41	10
42 44	5
42 46	24
43 5	41
43 6	24
43 8	0
43 9	13
43 10	25
43 11	23
43 13	45
43 14	47
43 16	19
43 21	32
43 24	15
43 25	22
43 27	18
43 30	7
43 34	3
43 35	38
43 36	27
43 42	1
43 45	43
43 47	34
44 5	32
44 12	30
44 13	19
44 21	8
44 25	38
44 29	42
44 31	16
44 33	3
44 34	7
44 39	34
44 40	18
44 41	9
45 7	21
45 10	32
45 16	42
45 17	33
45 18	22
45 21	20
45 22	38
45 32	4
45 36	41
45 38	0
46 3	39
46 8	13
46 14	36
46 16	17
46 17	45
46 18	11
46 21	47
46 23	21
46 26	25
46 27	4
46 29	22
46 39	7
47 0	10
47 3	14
47 6	0
47 9	37
47 10	48
47 12	33
47 13	5
47 20	44
47 22	41
47 30	9
47 31	1
47 32	26
47 34	15
47 35	45
47 39	29
47 40	19
47 41	36
47 45	21
47 46	43
47 47	22
47 48	42
48 6	10
48 10	15
48 20	39
48 21	36
48 22	17
48 27	48
48 29	2
48 32	12
48 33	13
48 34	30
48 36	6
48 37	19
48 39	45
48 41	37
48 42	7
48 44	8
48 49	9
49 2	45
49 5	39
49 6	27
49 16	3
49 21	26
49 26	10
49 28	25
49 29	28
49 31	38
49 34	36
49 45	18
49 48	20
49 49	6
