50
0 0	17
0 2	4
0 5	36
0 6	48
0 8	1
0 9	7
0 10	12
0 12	23
0 14	13
0 15	40
0 20	42
0 21	35
0 23	18
0 25	46
0 28	2
0 29	26
0 30	47
0 31	11
0 33	29
0 35	22
0 36	25
0 37	8
0 38	49
0 39	5
0 40	38
0 42	0
0 43	19
0 44	6
0 47	20
0 48	21
0 49	14
1 0	24
1 1	9
1 2	23
1 3	47
1 4	26
1 7	16
1 8	38
1 10	45
1 11	13
1 12	7
1 13	2
1 14	41
1 15	44
1 16	15
1 17	29
1 18	5
1 22	10
1 25	0
1 33	14
1 34	36
1 35	35
1 36	48
1 37	39
1 39	42
1 42	46
1 43	1
1 46	8
1 49	30
2 0	2
2 1	35
2 2	22
2 5	33
2 6	43
2 7	48
2 9	42
2 10	26
2 11	21
2 13	12
2 14	45
2 15	10
2 17	40
2 18	16
2 19	23
2 20	32
2 21	6
2 23	1
2 24	0
2 26	37
2 28	19
2 30	38
2 31	34
2 32	18
2 37	25
2 38	27
2 42	29
2 43	49
2 45	47
2 46	13
2 47	5
3 0	49
3 1	48
3 2	43
3 4	6
3 5	10
3 6	39
3 7	46
3 9	2
3 10	16
3 11	9
3 13	45
3 14	36
3 16	3
3 18	25
3 19	29
3 20	41
3 21	32
3 22	28
3 23	26
3 25	7
3 27	30
3 29	5
3 30	31
3 32	42
3 34	19
3 39	38
3 40	14
3 41	0
3 42	13
3 43	15
3 44	33
3 46	23
3 47	47
3 49	11
4 0	37
4 2	15
4 4	34
4 5	42
4 6	0
4 7	4
4 8	24
4 9	6
4 10	39
4 11	29
4 13	14
4 14	12
4 15	5
4 19	16
4 20	38
4 21	20
4 22	32
4 23	19
4 24	7
4 25	1
4 26	9
4 29	31
4 30	11
4 31	18
4 33	27
4 34	28
4 35	3
4 37	47
4 38	46
4 41	35
4 42	36
4 43	33
4 44	48
4 46	22
4 48	40
4 49	8
5 0	5
5 1	32
5 2	40
5 5	41
5 7	15
5 8	6
5 9	1
5 11	28
5 12	39
5 13	46
5 14	43
5 15	14
5 16	26
5 18	7
5 20	34
5 21	22
5 24	9
5 26	48
5 28	18
5 29	25
5 30	42
5 32	36
5 33	13
5 34	49
5 35	47
5 37	17
5 39	2
5 40	44
5 41	12
5 43	24
5 45	23
5 47	16
5 48	4
5 49	19
6 0	38
6 1	6
6 2	5
6 3	12
6 5	26
6 6	23
6 7	3
6 9	13
6 11	31
6 12	48
6 13	8
6 14	22
6 16	21
6 17	17
6 19	36
6 20	37
6 21	4
6 22	30
6 23	0
6 24	42
6 25	40
6 28	14
6 29	33
6 30	20
6 31	24
6 32	39
6 33	45
6 34	47
6 35	19
6 38	15
6 40	35
6 42	41
6 46	9
6 47	11
6 48	34
6 49	46
7 0	35
7 1	33
7 4	28
7 6	20
7 8	26
7 9	21
7 12	6
7 14	24
7 15	36
7 16	19
7 17	25
7 18	11
7 19	47
7 20	2
7 22	38
7 24	48
7 26	31
7 27	41
7 28	37
7 30	45
7 31	30
7 32	7
7 33	5
7 34	3
7 35	9
7 36	8
7 37	15
7 38	44
7 40	0
7 43	18
7 45	22
7 46	49
7 47	13
7 48	1
8 0	46
8 5	5
8 8	30
8 12	26
8 13	9
8 14	38
8 15	18
8 16	36
8 17	14
8 19	40
8 21	8
8 22	1
8 25	3
8 26	19
8 27	32
8 29	4
8 30	7
8 32	33
8 33	2
8 34	12
8 37	29
8 38	23
8 41	15
8 43	37
8 44	34
8 45	43
8 46	27
8 47	41
8 48	28
8 49	44
9 3	26
9 4	31
9 5	20
9 6	47
9 8	4
9 9	30
9 10	17
9 11	15
9 12	22
9 14	37
9 16	27
9 17	2
9 18	38
9 20	48
9 21	0
9 22	45
9 23	43
9 26	28
9 27	10
9 30	3
9 33	36
9 34	5
9 35	14
9 37	44
9 39	13
9 42	25
9 43	40
9 44	8
9 45	21
9 46	29
9 47	46
9 48	41
9 49	12
10 0	26
10 2	29
10 3	36
10 4	45
10 5	14
10 6	16
10 7	27
10 8	28
10 10	15
10 11	11
10 14	48
10 16	10
10 17	12
10 22	9
10 23	47
10 25	23
10 27	3
10 28	30
10 29	35
10 32	6
10 34	31
10 36	4
10 37	42
10 38	40
10 40	46
10 41	25
10 42	43
10 43	21
10 44	37
10 45	39
10 46	34
10 49	38
11 1	17
11 2	19
11 4	47
11 5	25
11 6	40
11 7	30
11 8	11
11 10	43
11 11	46
11 13	1
11 15	42
11 17	0
11 18	12
11 19	10
11 21	3
11 22	6
11 23	31
11 24	16
11 26	39
11 28	36
11 29	37
11 30	48
11 31	45
11 32	44
11 34	18
11 35	13
11 36	49
11 37	4
11 38	24
11 40	15
11 41	5
11 42	27
11 43	23
11 44	22
11 45	41
11 46	2
11 47	32
11 48	38
12 0	0
12 1	36
12 2	7
12 3	25
12 4	42
12 5	35
12 7	33
12 8	2
12 10	37
12 13	23
12 14	11
12 17	48
12 18	3
12 19	39
12 20	13
12 21	5
12 22	29
12 24	21
12 25	44
12 26	30
12 28	34
12 29	45
12 30	16
12 32	14
12 33	10
12 35	15
12 36	22
12 38	6
12 39	18
12 40	24
12 41	19
12 42	26
12 43	20
12 44	47
12 45	40
12 46	32
12 47	12
12 48	43
12 49	31
13 0	7
13 1	5
13 2	2
13 3	0
13 4	8
13 6	28
13 7	41
13 9	24
13 10	44
13 11	38
13 12	31
13 13	49
13 16	13
13 18	47
13 20	39
13 21	46
13 24	20
13 25	11
13 26	1
13 28	10
13 29	19
13 30	40
13 31	29
13 33	48
13 35	37
13 36	32
13 37	33
13 38	25
13 41	43
13 42	17
13 43	26
13 44	27
13 45	12
13 46	42
14 0	12
14 2	28
14 3	42
14 7	32
14 8	29
14 9	8
14 10	34
14 11	45
14 12	10
14 13	24
14 14	7
14 15	16
14 17	37
14 20	44
14 21	26
14 22	33
14 23	36
14 25	25
14 26	4
14 28	5
14 29	48
14 31	22
14 32	17
14 33	40
14 34	23
14 37	18
14 38	13
14 39	49
14 40	27
14 41	6
14 43	41
14 44	30
14 45	0
15 0	19
15 1	43
15 2	11
15 3	32
15 4	7
15 5	47
15 6	14
15 8	3
15 9	10
15 10	35
15 11	17
15 12	13
15 13	18
15 14	29
15 15	39
15 16	46
15 17	26
15 18	23
15 19	38
15 20	22
15 22	44
15 23	9
15 24	28
15 25	5
15 26	0
15 27	40
15 28	42
15 29	49
15 30	34
15 31	25
15 32	30
15 33	37
15 34	20
15 35	8
15 36	6
15 37	16
15 40	21
15 43	31
15 44	4
15 45	1
15 46	15
15 47	33
15 48	27
15 49	36
16 0	25
16 1	12
16 2	37
16 3	28
16 4	27
16 5	22
16 6	7
16 8	41
16 11	47
16 12	16
16 13	40
16 14	3
16 15	32
16 16	8
16 17	18
16 19	1
16 20	31
16 22	49
16 23	6
16 26	17
16 27	11
16 28	26
16 29	23
16 30	5
16 31	14
16 32	2
16 33	42
16 35	46
16 37	13
16 38	0
16 39	15
16 40	33
16 41	21
16 42	4
16 43	44
16 44	39
16 45	36
16 46	19
16 47	35
17 0	34
17 1	16
17 4	36
17 7	11
17 8	47
17 9	39
17 10	31
17 11	48
17 12	35
17 13	19
17 14	32
17 17	38
17 18	10
17 19	9
17 20	15
17 21	21
17 22	24
17 25	27
17 26	2
17 28	29
17 29	0
17 30	25
17 32	8
17 33	3
17 35	30
17 37	12
17 39	14
17 40	22
17 42	37
17 43	42
17 44	44
17 46	1
17 47	49
17 48	23
18 0	20
18 1	45
18 2	39
18 3	11
18 5	4
18 7	14
18 9	16
18 10	49
18 14	17
18 15	8
18 17	31
18 18	29
18 19	26
18 20	30
18 22	12
18 23	23
18 24	41
18 25	43
18 26	6
18 28	38
18 30	44
18 31	1
18 32	28
18 33	19
18 34	24
18 36	15
18 37	46
18 39	25
18 42	22
18 44	40
18 45	9
18 46	35
18 47	34
18 48	37
19 0	48
19 1	1
19 2	24
19 4	2
19 5	15
19 6	36
19 10	21
19 11	30
19 12	46
19 13	34
19 14	20
19 15	31
19 16	45
19 17	35
19 19	19
19 20	3
19 22	39
19 23	17
19 25	6
19 26	5
19 27	49
19 28	47
19 29	44
19 32	41
19 33	25
19 35	23
19 38	9
19 39	27
19 40	40
19 41	13
19 42	16
19 43	32
19 44	12
19 45	29
19 46	33
19 47	37
19 48	14
19 49	22
20 1	21
20 2	33
20 3	19
20 4	23
20 5	38
20 6	3
20 7	6
20 9	37
20 10	7
20 11	49
20 12	14
20 13	36
20 16	1
20 18	2
20 19	44
20 20	25
20 21	42
20 22	4
20 23	35
20 24	12
20 25	48
20 26	18
20 28	20
20 29	41
20 32	46
20 34	34
20 35	27
20 36	10
20 38	22
20 39	11
20 40	5
20 41	40
20 42	9
20 44	24
20 47	43
20 48	45
20 49	16
21 0	14
21 1	0
21 3	48
21 4	49
21 5	12
21 6	37
21 8	22
21 9	19
21 11	2
21 12	3
21 13	35
21 14	26
21 15	34
21 17	27
21 18	24
21 19	17
21 20	10
21 21	36
21 23	5
21 24	44
21 25	15
21 26	47
21 27	4
21 29	46
21 30	23
21 31	6
21 32	11
21 34	29
21 36	13
21 37	45
21 38	43
21 39	8
21 40	30
21 41	32
21 42	31
21 43	28
21 46	20
21 47	39
21 48	25
21 49	1
22 0	23
22 1	24
22 4	5
22 7	39
22 8	35
22 9	46
22 10	19
22 11	27
22 12	44
22 13	10
22 16	40
22 17	8
22 18	36
22 19	22
22 21	45
22 22	26
22 23	28
22 25	21
22 26	25
22 27	20
22 28	48
22 29	43
22 31	13
22 32	47
22 33	16
22 34	33
22 35	11
22 36	1
22 38	29
22 39	41
22 40	6
22 42	32
22 43	9
22 45	7
22 47	3
22 48	49
23 0	42
23 1	37
23 2	35
23 3	43
23 4	18
23 5	34
23 6	5
23 8	7
23 9	14
23 10	25
23 11	19
23 12	30
23 14	9
23 16	12
23 17	6
23 18	13
23 19	8
23 20	21
23 21	11
23 22	17
23 23	3
23 24	49
23 25	47
23 27	28
23 28	1
23 29	38
23 30	24
23 31	23
23 32	20
23 35	32
23 37	31
23 40	2
23 41	46
23 42	39
23 43	27
23 44	36
23 45	4
23 46	48
23 47	10
23 49	33
24 0	28
24 1	40
24 2	41
24 3	17
24 5	19
24 7	44
24 8	37
24 9	43
24 10	36
24 11	42
24 12	11
24 14	31
24 16	32
24 17	46
24 18	26
24 19	33
24 20	47
24 21	25
24 22	14
24 24	10
24 25	8
24 26	45
24 28	22
24 29	34
24 30	15
24 31	5
24 32	3
24 33	4
24 34	1
24 35	12
24 37	9
24 39	21
24 40	20
24 41	30
24 42	49
24 43	29
24 45	16
24 47	0
25 0	15
25 1	8
25 2	13
25 3	49
25 4	25
25 6	26
25 7	12
25 8	23
25 9	22
25 10	42
25 11	44
25 12	21
25 13	31
25 14	16
25 17	24
25 18	20
25 19	43
25 20	36
25 21	19
25 22	11
25 23	38
25 24	6
25 26	40
25 28	27
25 29	9
25 30	14
25 32	1
25 33	34
25 35	33
25 36	37
25 37	35
25 38	47
25 40	4
25 41	39
25 42	7
25 43	3
25 44	0
25 45	46
25 46	28
25 47	29
26 1	47
26 6	22
26 9	49
26 10	9
26 11	25
26 14	1
26 15	35
26 18	31
26 19	32
26 21	40
26 24	3
26 25	41
26 26	23
26 27	19
26 28	12
26 29	30
26 30	4
26 32	24
26 33	46
26 35	6
26 36	20
26 37	14
26 39	37
26 40	11
26 41	2
26 42	44
26 47	15
26 48	0
26 49	5
27 0	4
27 1	25
27 2	44
27 3	3
27 5	40
27 6	27
27 7	13
27 9	36
27 11	18
27 12	20
27 15	45
27 16	37
27 17	28
27 19	49
27 21	16
27 23	48
27 24	35
27 26	38
27 27	46
27 28	33
27 29	1
27 31	0
27 32	10
27 33	21
27 34	17
27 36	31
27 37	41
27 40	29
27 43	39
27 45	15
27 47	8
27 48	2
27 49	26
28 0	47
28 1	34
28 3	27
28 4	19
28 5	23
28 7	17
28 8	5
28 11	16
28 12	36
28 13	32
28 14	4
28 15	13
28 16	38
28 17	49
28 19	30
28 20	11
28 21	31
28 22	22
28 23	41
28 24	29
28 25	20
28 26	3
28 27	25
28 28	43
28 29	18
28 32	48
28 34	21
28 36	24
28 37	28
28 38	33
28 40	26
28 42	2
28 44	9
28 45	10
28 46	14
28 47	1
28 48	15
28 49	45
29 0	33
29 1	31
29 2	47
29 3	35
29 5	18
29 6	9
29 8	45
29 10	20
29 11	12
29 15	29
29 16	16
29 17	19
29 21	10
29 22	43
29 24	39
29 25	37
29 27	42
29 28	23
29 29	36
29 31	38
29 32	34
29 33	49
29 34	13
29 35	0
29 36	40
29 38	1
29 39	3
29 40	41
29 41	27
29 42	24
29 44	7
29 45	25
29 46	30
29 49	48
30 2	32
30 3	21
30 4	40
30 5	1
30 6	38
30 7	26
30 8	27
30 9	31
30 12	37
30 14	42
30 16	14
30 17	10
30 18	33
30 19	25
30 20	23
30 22	18
30 23	49
30 24	34
30 25	2
30 26	16
30 27	12
30 29	7
30 31	44
30 32	15
30 33	11
30 34	39
30 35	48
30 36	0
30 37	20
30 38	36
30 41	41
30 44	29
30 45	24
30 46	43
30 47	4
30 48	22
30 49	9
31 0	13
31 1	2
31 2	17
31 4	41
31 5	9
31 6	15
31 7	29
31 9	45
31 10	23
31 11	22
31 12	5
31 13	20
31 14	40
31 15	0
31 16	7
31 20	16
31 21	18
31 22	19
31 23	12
31 24	47
31 28	11
31 29	6
31 30	30
31 31	3
31 32	27
31 34	44
31 35	42
31 38	10
31 39	48
31 40	49
31 41	8
31 43	35
31 44	25
31 47	38
31 48	26
32 0	22
32 1	29
32 2	20
32 4	12
32 6	6
32 7	8
32 8	48
32 9	38
32 10	4
32 12	43
32 13	15
32 14	44
32 16	42
32 18	30
32 20	27
32 21	1
32 25	49
32 26	32
32 27	0
32 30	41
32 31	47
32 33	18
32 34	7
32 36	45
32 37	2
32 38	14
32 39	33
32 40	23
32 41	24
32 44	3
32 45	19
32 46	26
32 47	36
32 48	5
32 49	25
33 0	40
33 1	23
33 3	1
33 4	44
33 5	43
33 6	11
33 7	25
33 8	36
33 9	15
33 11	33
33 13	7
33 16	29
33 17	32
33 18	14
33 19	48
33 20	49
33 21	17
33 22	3
33 23	20
33 26	22
33 27	2
33 28	24
33 29	8
33 30	26
33 32	0
33 34	4
33 35	21
33 36	9
33 37	6
33 40	13
33 41	16
33 42	10
33 44	41
33 46	38
33 47	27
33 48	46
34 0	39
34 1	49
34 2	6
34 3	23
34 5	24
34 7	2
34 9	27
34 12	12
34 13	26
34 15	11
34 20	28
34 21	44
34 23	16
34 24	22
34 26	46
34 27	45
34 28	9
34 30	32
34 31	40
34 32	35
34 33	38
34 35	20
34 36	17
34 38	48
34 39	36
34 41	31
34 42	8
34 43	0
34 44	21
34 46	5
34 47	14
34 49	10
35 1	39
35 3	31
35 6	18
35 8	20
35 10	28
35 11	36
35 12	27
35 13	43
35 15	1
35 16	17
35 18	37
35 19	3
35 20	9
35 21	30
35 22	8
35 23	14
35 24	38
35 25	35
35 27	29
35 29	16
35 30	22
35 31	4
35 32	12
35 34	0
35 35	44
35 36	34
35 37	23
35 38	41
35 40	32
35 41	47
35 42	40
35 43	45
35 44	26
35 47	25
35 48	24
36 0	21
36 1	41
36 2	25
36 4	10
36 5	0
36 6	32
36 7	47
36 8	34
36 9	44
36 11	43
36 12	15
36 15	3
36 16	49
36 17	36
36 18	18
36 20	5
36 22	20
36 24	8
36 25	31
36 26	42
36 27	37
36 28	45
36 31	12
36 33	24
36 34	16
36 35	28
36 36	39
36 37	27
36 38	4
36 42	6
36 45	26
36 46	40
36 48	9
36 49	17
37 0	9
37 1	15
37 2	3
37 3	33
37 5	49
37 6	41
37 8	8
37 10	24
37 11	5
37 14	25
37 15	46
37 16	11
37 17	13
37 18	1
37 20	20
37 22	42
37 23	32
37 24	30
37 27	43
37 29	22
37 31	36
37 32	45
37 33	39
37 34	14
37 35	2
37 36	23
37 38	26
37 39	0
37 40	31
37 41	29
37 44	35
37 45	48
37 46	44
37 47	21
37 48	19
38 2	1
38 3	22
38 4	17
38 5	48
38 8	40
38 9	0
38 10	29
38 13	25
38 14	15
38 15	23
38 16	20
38 17	11
38 18	35
38 19	42
38 21	47
38 22	31
38 24	5
38 25	19
38 26	21
38 27	44
38 28	32
38 30	46
38 33	30
38 34	10
38 36	41
38 37	7
38 39	43
38 40	12
38 41	49
38 43	2
38 44	45
38 47	28
38 48	6
38 49	34
39 0	1
39 2	45
39 6	31
39 7	28
39 9	23
39 10	48
39 14	10
39 15	33
39 16	6
39 17	44
39 18	9
39 19	34
39 20	29
39 24	36
39 27	15
39 29	40
39 30	27
39 31	42
39 32	43
39 33	12
39 34	22
39 35	49
39 36	5
39 37	0
39 38	3
39 40	25
39 41	18
39 42	19
39 44	20
39 46	16
39 47	17
39 48	47
39 49	2
40 0	16
40 3	20
40 4	9
40 5	30
40 7	38
40 10	14
40 11	6
40 14	28
40 16	47
40 17	39
40 18	40
40 19	24
40 20	35
40 21	12
40 22	2
40 23	21
40 24	27
40 25	4
40 26	36
40 28	3
40 30	1
40 32	5
40 34	37
40 35	25
40 36	42
40 37	49
40 38	11
40 39	46
40 43	43
40 45	44
40 46	45
40 47	7
40 48	29
41 1	27
41 2	36
41 3	45
41 5	11
41 6	44
41 7	49
41 8	32
41 9	40
41 10	46
41 12	19
41 15	28
41 16	25
41 17	9
41 20	1
41 22	35
41 24	17
41 25	16
41 27	22
41 29	12
41 30	18
41 32	26
41 34	6
41 35	10
41 36	14
41 39	47
41 41	34
41 42	23
41 43	30
41 44	2
41 46	7
41 47	42
41 49	15
42 0	41
42 2	26
42 4	39
42 5	28
42 6	1
42 8	33
42 9	9
42 10	47
42 12	45
42 13	21
42 14	46
42 16	24
42 18	49
42 20	19
42 21	23
42 22	15
42 23	11
42 25	22
42 26	29
42 28	25
42 30	13
42 31	16
42 33	31
42 35	5
42 36	38
42 37	30
42 39	6
42 42	34
42 43	36
42 44	43
42 45	3
42 49	32
43 2	38
43 3	6
43 4	15
43 5	32
43 6	45
43 8	44
43 10	3
43 14	21
43 15	9
43 17	20
43 18	41
43 19	46
43 20	40
43 21	48
43 23	29
43 24	26
43 25	33
43 26	13
43 28	16
43 29	47
43 30	43
43 31	35
43 33	28
43 35	4
43 36	12
43 37	1
43 39	31
43 40	10
43 42	5
43 43	14
43 44	17
43 45	8
43 46	25
43 47	24
43 48	42
44 0	44
44 3	18
44 6	21
44 8	9
44 9	28
44 10	0
44 12	49
44 13	42
44 15	4
44 16	2
44 18	17
44 19	5
44 21	15
44 22	25
44 24	23
44 25	13
44 26	27
44 27	7
44 28	31
44 29	10
44 30	12
44 32	29
44 35	43
44 37	37
44 39	16
44 40	36
44 42	20
44 43	6
44 45	38
44 47	26
44 48	8
44 49	39
45 0	43
45 1	19
45 2	16
45 3	30
45 4	0
45 5	37
45 6	25
45 7	31
45 9	3
45 10	40
45 11	26
45 12	29
45 13	44
45 14	27
45 15	22
45 16	34
45 18	8
45 20	17
45 21	33
45 22	23
45 23	10
45 26	20
45 27	5
45 29	2
45 30	6
45 31	9
45 32	49
45 34	42
45 35	41
45 36	36
45 37	11
45 38	21
45 39	32
45 40	39
45 41	48
45 42	35
45 43	38
45 44	13
45 45	14
45 46	24
45 48	7
46 0	27
46 2	10
46 4	13
46 6	8
46 7	35
46 8	25
46 10	38
46 11	24
46 13	3
46 14	49
46 15	21
46 17	34
46 18	19
46 19	12
46 20	26
46 21	37
46 22	47
46 24	45
46 25	36
46 26	43
46 28	41
46 29	14
46 31	46
46 32	32
46 33	33
46 34	2
46 35	1
46 37	22
46 38	30
46 39	40
46 42	42
46 43	11
46 46	31
46 48	17
46 49	7
47 1	42
47 2	48
47 3	15
47 5	7
47 6	49
47 9	33
47 10	41
47 12	47
47 13	6
47 15	20
47 16	28
47 17	22
47 18	32
47 19	0
47 20	24
47 22	46
47 24	40
47 25	14
47 26	12
47 27	38
47 28	4
47 29	11
47 31	2
47 32	25
47 34	30
47 35	29
47 36	27
47 39	39
47 40	43
47 41	23
47 43	13
47 44	16
47 45	31
47 46	10
47 47	19
47 48	18
48 0	18
48 1	22
48 2	46
48 4	29
48 6	19
48 7	20
48 8	17
48 9	25
48 10	2
48 11	34
48 12	38
48 14	0
48 15	24
48 17	23
48 18	48
48 19	41
48 20	4
48 21	39
48 22	27
48 23	30
48 24	13
48 26	14
48 29	21
48 30	49
48 31	33
48 32	37
48 34	9
48 35	45
48 36	3
48 37	40
48 39	44
48 41	1
48 42	11
48 44	42
48 45	32
48 46	47
48 47	31
48 48	36
48 49	28
49 0	11
49 1	14
49 4	16
49 5	44
49 6	42
49 7	7
49 8	49
49 11	8
49 12	34
49 13	37
49 14	2
49 15	25
49 17	5
49 18	27
49 19	20
49 23	40
49 24	46
49 26	41
49 29	28
49 30	36
49 31	21
49 32	31
49 34	45
49 36	47
49 38	32
49 40	1
49 41	9
49 42	18
49 44	15
49 45	35
49 46	6
49 49	29
