50
0 1	5
0 2	39
0 5	27
0 6	26
0 8	38
0 9	37
0 10	35
0 12	16
0 14	18
0 15	9
0 17	49
0 19	22
0 20	20
0 21	47
0 24	0
0 25	13
0 26	10
0 28	41
0 29	32
0 30	36
0 31	15
0 32	19
0 34	33
0 36	40
0 39	44
0 40	7
0 42	25
0 43	31
0 44	11
0 45	30
0 46	12
0 47	24
0 48	2
0 49	43
1 1	2
1 2	4
1 3	12
1 4	1
1 5	47
1 7	18
1 8	27
1 9	19
1 10	6
1 11	15
1 12	49
1 13	11
1 14	26
1 15	14
1 16	43
1 17	13
1 20	23
1 21	45
1 22	16
1 24	44
1 25	7
1 26	17
1 28	38
1 29	46
1 32	31
1 33	25
1 34	36
1 35	41
1 36	35
1 37	42
1 38	33
1 39	29
1 40	8
1 41	9
1 42	30
1 44	24
1 45	20
1 46	10
1 48	32
1 49	37
2 1	40
2 2	49
2 3	25
2 4	26
2 5	24
2 6	14
2 7	48
2 8	1
2 9	0
2 10	23
2 11	9
2 12	38
2 13	36
2 14	30
2 16	18
2 17	7
2 18	11
2 19	8
2 20	17
2 21	32
2 23	29
2 24	39
2 25	31
2 26	46
2 27	12
2 28	27
2 29	3
2 30	5
2 31	47
2 33	44
2 35	45
2 36	4
2 37	13
2 38	35
2 39	43
2 41	41
2 43	20
2 44	19
2 45	16
2 46	42
2 47	2
2 48	33
2 49	28
3 0	21
3 1	27
3 2	3
3 4	31
3 5	25
3 6	15
3 7	11
3 8	39
3 9	42
3 10	17
3 13	45
3 14	4
3 16	28
3 17	46
3 18	30
3 19	13
3 20	40
3 21	9
3 22	10
3 23	43
3 24	49
3 25	34
3 26	36
3 27	33
3 29	0
3 30	20
3 31	23
3 33	14
3 35	19
3 36	12
3 38	22
3 39	32
3 41	29
3 42	24
3 44	35
3 45	7
3 46	44
3 47	16
3 49	38
4 0	36
4 4	10
4 6	13
4 7	46
4 8	30
4 9	2
4 10	34
4 12	4
4 13	31
4 14	1
4 15	33
4 16	27
4 18	15
4 19	45
4 20	32
4 21	42
4 22	41
4 23	48
4 24	6
4 25	19
4 27	29
4 28	3
4 29	49
4 30	21
4 31	8
4 32	22
4 33	43
4 35	26
4 36	23
4 37	11
4 38	18
4 40	12
4 41	0
4 42	20
4 45	44
4 46	14
4 48	17
4 49	39
5 0	17
5 1	16
5 2	1
5 3	23
5 5	18
5 6	43
5 8	24
5 11	46
5 12	2
5 13	30
5 15	28
5 17	5
5 18	35
5 19	15
5 20	25
5 23	39
5 24	32
5 26	48
5 27	26
5 28	9
5 29	44
5 31	49
5 32	4
5 35	0
5 36	8
5 37	31
5 38	29
5 39	7
5 40	36
5 42	22
5 43	3
5 45	47
5 46	6
5 47	14
5 49	11
6 0	46
6 1	44
6 2	18
6 5	28
6 6	23
6 7	32
6 8	5
6 10	33
6 11	0
6 12	39
6 13	6
6 15	16
6 16	30
6 17	22
6 18	43
6 19	41
6 21	49
6 22	31
6 23	35
6 24	19
6 25	26
6 28	13
6 29	14
6 30	2
6 31	4
6 32	1
6 33	10
6 34	25
6 35	7
6 36	48
6 37	21
6 38	9
6 39	20
6 40	42
6 41	38
6 42	27
6 43	37
6 44	3
6 45	36
6 46	45
6 48	12
6 49	34
7 0	42
7 1	8
7 2	44
7 3	0
7 4	27
7 6	30
7 7	12
7 8	34
7 9	6
7 10	13
7 11	5
7 13	29
7 14	25
7 15	46
7 16	20
7 17	15
7 18	38
7 20	22
7 21	40
7 22	3
7 23	45
7 24	16
7 25	14
7 26	49
7 27	4
7 29	43
7 31	36
7 32	18
7 33	33
7 34	10
7 35	47
7 36	2
7 37	7
7 39	35
7 40	11
7 41	1
7 43	17
7 44	31
7 45	19
7 46	24
7 47	9
7 48	26
7 49	32
8 3	28
8 4	20
8 6	46
8 8	15
8 10	1
8 11	17
8 12	34
8 13	47
8 14	14
8 16	35
8 17	23
8 18	8
8 19	2
8 22	45
8 23	16
8 24	21
8 25	33
8 26	18
8 27	37
8 28	4
8 29	39
8 30	38
8 32	32
8 33	12
8 34	44
8 35	27
8 36	0
8 37	22
8 38	43
8 39	9
8 40	41
8 41	11
8 42	36
8 43	49
8 44	40
8 45	24
8 46	29
8 47	42
8 48	3
8 49	48
9 1	24
9 3	35
9 5	11
9 7	49
9 9	23
9 10	7
9 11	36
9 12	47
9 14	31
9 15	43
9 16	9
9 17	21
9 20	4
9 21	3
9 22	38
9 23	12
9 24	14
9 25	39
9 26	26
9 27	2
9 28	29
9 29	17
9 30	30
9 31	18
9 32	0
9 33	48
9 34	15
9 35	16
9 36	42
9 40	34
9 41	46
9 42	8
9 43	5
9 44	10
9 45	40
9 46	22
9 47	13
9 48	1
10 1	0
10 2	28
10 3	13
10 4	18
10 5	48
10 6	35
10 7	10
10 8	16
10 9	4
10 10	29
10 11	25
10 12	15
10 13	21
10 14	47
10 16	6
10 17	39
10 19	5
10 21	26
10 23	44
10 24	43
10 25	20
10 26	40
10 28	22
10 29	11
10 31	27
10 32	2
10 34	41
10 35	12
10 36	31
10 37	33
10 38	7
10 39	38
10 40	49
10 41	17
10 43	32
10 44	30
10 46	8
10 47	34
10 48	24
11 0	23
11 1	47
11 2	9
11 3	2
11 4	30
11 5	12
11 6	19
11 7	22
11 8	33
11 10	14
11 11	6
11 12	42
11 13	40
11 14	16
11 15	48
11 16	25
11 18	29
11 19	10
11 21	17
11 23	5
11 24	37
11 26	39
11 28	18
11 29	27
11 31	38
11 32	45
11 33	31
11 34	49
11 35	15
11 36	7
11 37	43
11 38	34
11 39	26
11 43	11
11 44	46
11 45	13
11 46	3
11 48	41
11 49	8
12 0	33
12 1	15
12 2	30
12 3	40
12 4	42
12 5	43
12 6	9
12 7	44
12 8	37
12 9	31
12 10	4
12 11	38
12 12	21
12 13	20
12 15	1
12 16	46
12 17	26
12 18	32
12 19	11
12 20	3
12 21	22
12 22	27
12 24	45
12 26	35
12 27	48
12 28	17
12 30	23
12 31	25
12 33	19
12 34	47
12 35	34
12 36	6
12 37	16
12 38	0
12 39	5
12 40	14
12 41	24
12 42	7
12 45	10
12 46	13
12 47	12
12 48	28
13 1	9
13 2	16
13 3	11
13 4	37
13 5	2
13 6	39
13 7	43
13 8	31
13 9	28
13 10	25
13 11	32
13 12	48
13 13	8
13 14	46
13 15	29
13 16	22
13 17	35
13 18	3
13 19	21
13 20	12
13 21	14
13 22	20
13 23	24
13 25	45
13 26	1
13 27	6
13 28	10
13 29	18
13 31	30
13 32	15
13 33	4
13 35	40
13 36	38
13 37	36
13 39	27
13 40	19
13 42	44
13 44	0
13 45	34
13 46	7
13 48	23
13 49	33
14 1	46
14 2	24
14 3	30
14 4	29
14 5	14
14 7	36
14 8	13
14 9	1
14 10	32
14 11	27
14 12	33
14 13	41
14 14	40
14 15	20
14 16	48
14 17	37
14 20	18
14 21	4
14 22	0
14 23	25
14 24	9
14 25	42
14 26	7
14 27	8
14 28	19
14 29	45
14 30	44
14 32	17
14 33	39
14 34	26
14 35	11
14 36	34
14 37	12
14 39	15
14 40	38
14 42	5
14 43	10
14 44	21
14 45	43
14 46	2
14 47	3
14 48	22
14 49	35
15 0	47
15 1	19
15 3	41
15 4	4
15 6	34
15 7	15
15 8	8
15 9	43
15 10	16
15 11	45
15 12	3
15 13	12
15 14	49
15 15	22
15 16	23
15 17	17
15 20	26
15 21	10
15 22	48
15 23	2
15 24	11
15 25	29
15 26	42
15 28	35
15 30	32
15 31	33
15 32	20
15 33	36
15 34	13
15 36	28
15 37	27
15 40	46
15 41	37
15 42	9
15 43	44
15 44	7
15 45	18
15 46	38
15 47	6
15 49	30
16 0	41
16 1	23
16 2	7
16 3	19
16 4	6
16 5	30
16 6	48
16 8	45
16 9	39
16 11	33
16 13	37
16 14	10
16 15	40
16 16	13
16 17	12
16 18	25
16 19	1
16 21	18
16 22	43
16 23	47
16 24	31
16 25	22
16 26	11
16 27	9
16 28	34
16 31	24
16 32	3
16 33	15
16 34	4
16 35	29
16 37	17
16 38	14
16 39	42
16 40	2
16 41	28
16 43	16
16 44	36
16 45	0
16 46	20
16 47	46
16 49	49
17 0	2
17 1	34
17 2	29
17 3	42
17 4	13
17 5	45
17 6	17
17 7	27
17 8	25
17 10	8
17 12	37
17 13	38
17 14	6
17 16	26
17 17	0
17 18	19
17 19	30
17 20	44
17 21	23
17 23	41
17 24	22
17 25	40
17 26	20
17 27	7
17 28	15
17 29	35
17 31	3
17 32	24
17 33	21
17 34	16
17 36	49
17 37	14
17 38	10
17 39	18
17 40	5
17 41	33
17 43	36
17 44	47
17 47	31
17 48	11
17 49	4
18 0	40
18 1	25
18 2	47
18 3	21
18 4	33
18 5	49
18 6	29
18 7	16
18 8	43
18 9	32
18 10	36
18 12	8
18 14	22
18 16	12
18 17	30
18 18	26
18 20	24
18 21	44
18 22	42
18 24	35
18 25	5
18 26	3
18 27	38
18 28	31
18 29	34
18 30	27
18 32	28
18 33	13
18 34	20
18 35	2
18 38	1
18 39	19
18 40	48
18 41	39
18 42	6
18 43	7
18 44	4
18 45	17
18 46	37
18 47	45
18 48	15
18 49	23
19 0	37
19 1	10
19 2	40
19 3	29
19 4	21
19 6	6
19 7	34
19 8	22
19 9	41
19 10	24
19 11	47
19 12	1
19 14	20
19 17	9
19 18	17
19 19	28
19 20	42
19 21	38
19 22	8
19 23	7
19 24	27
19 26	2
19 27	0
19 29	4
19 31	32
19 32	14
19 33	49
19 34	30
19 35	13
19 37	39
19 38	15
19 39	46
19 40	23
19 41	12
19 42	11
19 43	18
19 44	26
19 46	16
19 47	43
19 49	5
20 0	24
20 1	32
20 2	41
20 3	20
20 4	38
20 5	29
20 6	12
20 7	19
20 9	45
20 10	31
20 11	49
20 12	46
20 13	7
20 14	0
20 16	8
20 17	34
20 18	13
20 19	16
20 22	44
20 23	3
20 24	40
20 25	15
20 29	2
20 30	42
20 31	26
20 32	10
20 34	28
20 36	37
20 37	48
20 39	30
20 40	33
20 41	23
20 43	21
20 45	5
20 46	27
20 47	25
20 48	43
21 1	43
21 2	10
21 3	6
21 4	39
21 5	36
21 6	3
21 7	23
21 9	26
21 10	28
21 11	31
21 12	12
21 14	42
21 15	2
21 16	49
21 18	22
21 20	45
21 21	15
21 22	35
21 23	11
21 25	27
21 26	8
21 27	16
21 28	21
21 29	37
21 30	41
21 31	13
21 32	40
21 33	24
21 35	18
21 36	33
21 37	20
21 38	38
21 39	48
21 42	29
21 43	4
21 45	14
21 46	5
21 47	30
21 48	9
21 49	17
22 0	48
22 2	17
22 3	45
22 5	1
22 7	30
22 9	12
22 10	41
22 11	8
22 12	35
22 13	49
22 14	3
22 15	38
22 16	32
22 17	27
22 18	4
22 19	31
22 20	7
22 21	43
22 22	29
22 24	24
22 25	25
22 26	44
22 27	10
22 29	22
22 31	16
22 33	0
22 34	40
22 35	46
22 36	14
22 37	37
22 38	36
22 41	5
22 43	34
22 44	2
22 45	9
22 48	39
22 49	42
23 0	16
23 1	11
23 2	14
23 3	9
23 7	24
23 9	27
23 11	3
23 13	17
23 15	47
23 20	10
23 21	19
23 22	4
23 23	26
23 25	21
23 26	0
23 27	32
23 28	43
23 29	42
23 30	12
23 31	35
23 32	25
23 33	7
23 34	22
23 35	23
23 36	15
23 38	20
23 40	30
23 41	45
23 42	1
23 43	33
23 46	39
23 47	44
23 49	13
24 0	0
24 1	29
24 2	2
24 3	5
24 4	43
24 6	32
24 7	28
24 8	17
24 9	14
24 10	49
24 11	10
24 12	13
24 13	23
24 14	9
24 16	45
24 17	41
24 18	36
24 20	27
24 22	37
24 23	4
24 24	30
24 25	24
24 26	47
24 27	19
24 28	7
24 29	20
24 30	33
24 31	42
24 32	8
24 33	11
24 34	46
24 35	21
24 36	25
24 37	34
24 38	31
24 39	16
24 40	3
24 41	22
24 42	15
24 43	12
24 45	26
24 46	48
24 47	18
24 48	6
24 49	40
25 1	4
25 2	27
25 3	38
25 6	21
25 7	26
25 8	41
25 9	29
25 10	11
25 11	23
25 12	14
25 13	9
25 15	44
25 16	1
25 18	31
25 19	17
25 20	39
25 21	13
25 22	2
25 23	20
25 24	25
25 25	8
25 26	34
25 27	47
25 29	30
25 30	22
25 35	37
25 36	3
25 37	18
25 39	6
25 40	40
25 41	10
25 44	12
25 45	46
25 46	43
25 47	28
25 49	15
26 0	22
26 1	48
26 2	32
26 4	40
26 5	15
26 6	27
26 7	14
26 8	19
26 9	34
26 11	11
26 12	44
26 14	35
26 15	12
26 17	43
26 18	28
26 19	39
26 20	0
26 21	24
26 24	36
26 25	47
26 26	16
26 28	42
26 29	5
26 30	1
26 31	20
26 34	45
26 35	38
26 37	8
26 39	37
26 41	13
26 42	3
26 44	23
26 46	49
26 47	4
26 48	18
26 49	25
27 1	17
27 3	31
27 4	12
27 5	41
27 6	7
27 7	13
27 9	44
27 10	0
27 11	4
27 12	11
27 14	27
27 15	24
27 18	20
27 19	26
27 20	38
27 21	35
27 22	9
27 23	34
27 24	1
27 26	37
27 27	18
27 28	30
27 29	28
27 30	45
27 31	22
27 33	46
27 34	2
27 35	42
27 36	39
27 37	32
27 38	5
27 39	21
27 40	43
27 41	48
27 43	14
27 44	25
27 45	29
27 46	23
27 47	8
27 48	49
27 49	6
28 1	30
28 2	42
28 3	24
28 6	45
28 7	25
28 8	12
28 9	7
28 10	47
28 12	9
28 14	34
28 15	26
28 16	33
28 17	3
28 18	1
28 19	14
28 20	49
28 21	20
28 23	36
28 24	29
28 27	44
28 28	8
28 29	19
28 30	4
28 31	40
28 32	46
28 33	37
28 34	27
28 35	6
28 36	17
28 37	23
28 38	11
28 39	22
28 40	16
28 42	35
28 44	41
28 45	21
28 46	18
28 47	5
28 48	48
29 1	49
29 2	38
29 3	10
29 4	3
29 5	22
29 6	33
29 7	37
29 8	0
29 9	35
29 10	45
29 11	34
29 13	18
29 14	44
29 15	23
29 16	47
29 17	28
29 18	12
29 19	40
29 20	1
29 22	11
29 23	42
29 24	5
29 25	41
29 26	27
29 27	20
29 28	16
29 29	7
29 32	39
29 33	8
29 34	31
29 35	9
29 36	19
29 37	24
29 38	6
29 39	14
29 41	4
29 42	32
29 43	25
29 44	48
29 45	2
29 46	26
29 47	36
29 48	13
29 49	21
30 0	26
30 1	1
30 2	37
30 3	36
30 4	24
30 7	8
30 8	11
30 9	25
30 10	22
30 12	43
30 13	44
30 16	4
30 18	48
30 19	9
30 20	34
30 21	2
30 22	30
30 23	46
30 24	7
30 26	13
30 28	5
30 29	12
30 30	15
30 31	41
30 32	38
30 33	32
30 35	3
30 37	29
30 38	49
30 39	47
30 40	6
30 41	31
30 42	19
30 43	0
30 44	16
30 45	33
30 47	10
31 0	27
31 2	15
31 3	26
31 4	35
31 5	42
31 7	0
31 9	11
31 10	21
31 11	44
31 13	13
31 14	12
31 16	7
31 17	10
31 18	18
31 19	4
31 20	8
31 21	30
31 22	47
31 23	31
31 24	17
31 25	49
31 26	45
31 27	22
31 28	46
31 29	23
31 30	14
31 31	5
31 32	6
31 33	1
31 34	38
31 35	43
31 36	24
31 37	25
31 39	33
31 40	39
31 41	3
31 42	34
31 43	28
31 45	32
31 46	19
31 47	20
31 48	37
31 49	2
32 0	43
32 1	14
32 3	22
32 4	15
32 5	31
32 6	1
32 8	20
32 10	39
32 11	24
32 13	10
32 15	5
32 16	2
32 17	47
32 18	9
32 20	33
32 21	8
32 24	38
32 26	32
32 27	35
32 28	12
32 29	26
32 30	29
32 31	46
32 32	30
32 33	6
32 34	3
32 36	16
32 37	0
32 38	25
32 39	34
32 40	37
32 41	40
32 42	49
32 43	23
32 44	18
32 45	11
32 47	41
32 48	42
33 0	45
33 1	37
33 2	0
33 3	3
33 4	44
33 5	5
33 6	49
33 7	39
33 10	12
33 12	7
33 13	22
33 15	34
33 16	15
33 17	25
33 18	41
33 19	33
33 20	30
33 21	46
33 22	18
33 24	4
33 25	11
33 26	19
33 27	13
33 28	47
33 29	24
33 30	31
33 31	6
33 32	21
33 33	28
33 34	23
33 35	48
33 36	29
33 37	38
33 38	26
33 39	17
33 40	32
33 41	20
33 42	10
33 43	2
33 44	8
33 45	1
33 46	35
33 47	40
33 48	27
33 49	9
34 0	39
34 1	41
34 2	21
34 3	15
34 5	7
34 6	22
34 7	20
34 8	46
34 9	16
34 10	19
34 11	30
34 12	28
34 13	5
34 14	38
34 16	31
34 17	33
34 18	2
34 19	49
34 21	48
34 22	14
34 23	13
34 24	34
34 26	23
34 27	43
34 28	32
34 29	1
34 32	11
34 34	42
34 35	35
34 36	10
34 37	26
34 38	40
34 40	18
34 41	25
34 42	45
34 43	9
34 44	44
34 47	29
34 49	24
35 0	34
35 2	26
35 3	43
35 4	46
35 5	23
35 6	38
35 7	42
35 9	49
35 11	14
35 12	18
35 13	32
35 14	45
35 15	11
35 16	24
35 17	2
35 19	27
35 21	28
35 23	1
35 24	20
35 25	48
35 26	33
35 27	15
35 29	31
35 30	7
35 31	9
35 32	44
35 33	5
35 34	37
35 35	17
35 37	35
35 38	16
35 39	8
35 40	13
35 42	12
35 43	19
35 44	22
35 46	4
35 47	21
35 48	29
36 0	4
36 1	35
36 2	22
36 3	32
36 4	49
36 5	17
36 6	40
36 7	41
36 8	44
36 10	2
36 11	1
36 13	33
36 14	21
36 15	7
36 16	11
36 17	29
36 18	42
36 20	48
36 21	37
36 22	15
36 23	30
36 24	47
36 25	0
36 26	6
36 27	3
36 28	28
36 29	9
36 31	14
36 33	23
36 34	24
36 35	8
36 36	20
36 37	5
36 38	27
36 39	25
36 40	10
36 41	26
36 42	38
36 44	13
36 45	31
36 46	46
36 47	39
36 48	19
36 49	12
37 0	44
37 1	12
37 2	43
37 3	7
37 5	39
37 6	24
37 7	1
37 8	21
37 9	40
37 10	42
37 13	16
37 14	23
37 15	6
37 16	34
37 17	8
37 18	46
37 20	37
37 21	11
37 23	15
37 24	3
37 26	29
37 27	45
37 28	0
37 29	48
37 30	9
37 31	28
37 32	13
37 34	17
37 35	30
37 37	49
37 38	32
37 39	36
37 41	2
37 42	14
37 44	33
37 45	41
37 46	25
37 47	27
37 48	20
38 0	18
38 1	45
38 2	33
38 5	6
38 6	47
38 7	35
38 8	26
38 9	38
38 10	37
38 11	7
38 12	36
38 13	34
38 15	13
38 16	44
38 17	4
38 18	39
38 19	12
38 20	11
38 21	31
38 22	49
38 23	27
38 24	8
38 26	43
38 27	28
38 28	23
38 29	41
38 30	24
38 31	21
38 34	0
38 35	10
38 36	46
38 37	30
38 38	42
38 39	2
38 40	25
38 41	14
38 42	40
38 44	20
38 45	15
38 46	32
38 48	16
38 49	19
39 0	31
39 1	21
39 2	46
39 3	44
39 4	47
39 5	34
39 7	33
39 8	36
39 10	48
39 11	29
39 12	24
39 13	28
39 14	13
39 15	42
39 16	3
39 17	20
39 18	27
39 19	25
39 20	43
39 22	19
39 23	37
39 25	30
39 26	14
39 27	23
39 28	11
39 29	16
39 30	10
39 31	2
39 32	7
39 34	12
39 35	32
39 36	22
39 38	41
39 39	49
39 40	45
39 42	18
39 43	38
39 44	5
39 45	8
39 46	40
39 47	1
39 48	0
39 49	26
40 0	28
40 1	20
40 2	13
40 3	46
40 4	22
40 6	11
40 7	2
40 9	10
40 10	27
40 11	35
40 13	3
40 15	4
40 16	42
40 17	36
40 18	34
40 20	14
40 21	41
40 22	17
40 23	18
40 24	23
40 25	6
40 26	38
40 27	25
40 29	21
40 30	40
40 31	29
40 33	30
40 34	8
40 35	49
40 36	5
40 37	44
40 38	37
40 39	12
40 40	47
40 41	16
40 42	0
40 43	15
40 44	32
40 45	39
40 47	33
40 48	7
41 0	20
41 1	18
41 2	45
41 4	16
41 6	42
41 8	29
41 9	3
41 10	26
41 12	23
41 13	1
41 14	33
41 15	25
41 16	39
41 18	49
41 19	32
41 20	19
41 21	21
41 22	12
41 23	17
41 24	2
41 26	41
41 27	30
41 28	24
41 30	47
41 31	37
41 32	43
41 33	22
41 34	11
41 35	5
41 36	13
41 38	44
41 39	10
41 40	28
41 41	7
41 42	31
41 43	27
41 44	34
41 46	0
41 47	35
41 48	14
41 49	36
42 0	11
42 1	31
42 2	23
42 3	27
42 4	41
42 5	35
42 7	4
42 8	14
42 9	47
42 10	18
42 11	19
42 12	22
42 13	43
42 14	37
42 17	48
42 19	42
42 20	16
42 21	34
42 22	25
42 23	33
42 24	10
42 25	1
42 26	30
42 28	45
42 32	12
42 33	2
42 34	21
42 35	44
42 36	32
42 38	46
42 39	28
42 41	36
42 42	13
42 43	8
42 46	15
42 47	26
42 48	40
42 49	20
43 0	12
43 2	36
43 3	18
43 4	7
43 5	32
43 6	8
43 7	9
43 8	35
43 9	33
43 10	5
43 11	43
43 12	26
43 14	11
43 15	45
43 18	10
43 19	29
43 20	28
43 22	34
43 23	23
43 24	13
43 26	22
43 27	27
43 32	37
43 33	42
43 34	39
43 35	24
43 36	47
43 37	2
43 38	30
43 39	41
43 40	20
43 41	44
43 42	46
43 43	40
43 44	6
43 45	4
43 46	21
43 47	49
43 48	38
43 49	14
44 2	35
44 3	49
44 4	2
44 6	31
44 7	29
44 8	7
44 9	9
44 11	37
44 12	0
44 13	48
44 15	27
44 17	18
44 18	6
44 19	34
44 20	5
44 22	32
44 23	22
44 24	26
44 25	17
44 26	15
44 28	40
44 29	25
44 30	16
44 31	1
44 32	33
44 33	41
44 34	19
44 35	4
44 36	44
44 37	47
44 38	13
44 39	39
44 40	24
44 41	30
44 42	43
44 43	42
44 45	23
44 46	36
44 47	11
44 48	46
44 49	3
45 0	1
45 1	22
45 2	34
45 4	28
45 5	13
45 6	44
45 7	38
45 9	48
45 11	42
45 12	19
45 14	32
45 15	8
45 18	47
45 19	20
45 20	36
45 21	7
45 22	46
45 24	18
45 25	2
45 26	12
45 27	31
45 28	39
45 29	33
45 30	6
45 31	11
45 32	35
45 34	9
45 35	25
45 38	3
45 39	0
45 40	27
45 41	21
45 42	17
45 44	15
45 45	45
45 46	41
45 48	30
45 49	29
46 0	9
46 1	42
46 2	11
46 3	39
46 4	8
46 6	37
46 7	17
46 8	3
46 10	43
46 11	2
46 12	20
46 13	24
46 14	5
46 16	29
46 17	32
46 18	44
46 19	7
46 20	46
46 23	21
46 25	35
46 26	25
46 27	34
46 28	14
46 30	49
46 31	10
46 32	27
46 33	45
46 34	1
46 35	31
46 36	26
46 38	19
46 39	23
46 40	0
46 41	18
46 42	41
46 43	48
46 46	33
46 47	38
46 48	4
46 49	47
47 1	28
47 3	1
47 4	34
47 5	20
47 6	10
47 8	23
47 10	3
47 11	26
47 12	29
47 13	4
47 14	15
47 16	41
47 17	11
47 18	37
47 19	6
47 20	13
47 21	0
47 22	40
47 23	38
47 25	32
47 26	21
47 27	14
47 30	25
47 31	12
47 32	42
47 33	17
47 35	33
47 36	45
47 37	46
47 38	8
47 39	24
47 40	9
47 41	43
47 43	39
47 44	49
47 45	27
47 46	30
47 47	7
47 49	16
48 0	7
48 1	26
48 2	12
48 3	14
48 4	17
48 5	9
48 6	36
48 7	40
48 8	2
48 9	5
48 10	30
48 12	25
48 13	0
48 14	8
48 15	49
48 16	37
48 17	6
48 18	24
48 19	48
48 20	15
48 22	21
48 23	32
48 24	33
48 25	10
48 26	4
48 27	41
48 28	20
48 29	29
48 30	11
48 31	44
48 32	23
48 34	43
48 35	39
48 36	1
48 38	45
48 39	3
48 42	47
48 43	46
48 44	27
48 45	35
48 46	34
48 47	19
48 48	31
48 49	18
49 0	30
49 1	6
49 2	8
49 3	34
49 4	19
49 5	4
49 7	47
49 8	18
49 9	24
49 10	15
49 11	48
49 12	17
49 13	39
49 14	7
49 16	16
49 19	38
49 21	33
49 22	5
49 23	0
49 24	41
49 25	46
49 27	49
49 28	37
49 30	13
49 31	45
49 32	36
49 33	40
49 35	20
49 36	9
49 37	3
49 38	12
49 40	35
49 41	27
49 42	23
49 43	26
49 44	43
49 45	42
49 47	32
49 48	44
49 49	22
