50
0 0	47
0 1	13
0 2	30
0 3	4
0 4	26
0 5	48
0 6	35
0 7	34
0 8	11
0 9	20
0 10	8
0 11	5
0 13	38
0 17	45
0 18	15
0 19	10
0 21	3
0 22	37
0 23	44
0 24	12
0 25	40
0 26	24
0 28	25
0 29	19
0 30	14
0 35	33
0 36	7
0 38	29
0 39	43
0 40	2
0 42	28
0 43	9
0 44	0
0 45	22
0 46	49
0 48	17
0 49	27
1 0	17
1 1	6
1 2	4
1 3	7
1 5	0
1 7	10
1 10	16
1 11	9
1 12	2
1 13	22
1 14	5
1 15	28
1 16	49
1 17	12
1 18	44
1 20	31
1 24	8
1 27	40
1 28	41
1 30	18
1 31	37
1 32	14
1 33	11
1 34	13
1 35	26
1 37	47
1 39	36
1 41	43
1 42	29
1 43	38
1 46	34
1 47	39
1 48	45
1 49	23
2 0	14
2 1	3
2 2	39
2 3	36
2 5	43
2 6	2
2 8	24
2 9	33
2 10	42
2 11	23
2 12	4
2 13	18
2 14	28
2 15	30
2 16	38
2 18	0
2 19	7
2 21	8
2 23	22
2 24	25
2 25	34
2 26	15
2 28	10
2 30	5
2 31	35
2 32	11
2 33	19
2 34	20
2 35	13
2 36	46
2 37	44
2 38	21
2 39	27
2 40	9
2 41	48
2 45	45
2 47	17
2 48	32
3 0	40
3 2	42
3 4	49
3 6	27
3 7	41
3 8	12
3 10	11
3 11	0
3 14	17
3 15	38
3 16	20
3 19	18
3 20	29
3 21	47
3 22	26
3 23	36
3 26	22
3 28	16
3 29	34
3 31	9
3 32	25
3 33	31
3 34	45
3 36	21
3 37	4
3 38	5
3 40	19
3 41	33
3 42	14
3 43	24
3 44	10
3 45	6
3 47	32
3 48	37
3 49	13
4 0	9
4 3	45
4 5	25
4 6	11
4 7	18
4 8	47
4 9	26
4 10	1
4 11	30
4 12	49
4 13	15
4 14	24
4 15	16
4 16	32
4 18	19
4 19	22
4 20	14
4 21	2
4 23	46
4 24	34
4 25	42
4 26	40
4 27	17
4 28	7
4 29	23
4 30	0
4 31	44
4 32	33
4 33	43
4 34	21
4 35	20
4 37	10
4 39	8
4 40	6
4 41	31
4 42	39
4 43	13
4 44	48
4 45	28
4 46	38
4 47	29
4 48	41
5 0	32
5 1	44
5 2	34
5 3	42
5 4	35
5 5	26
5 6	0
5 9	9
5 11	49
5 12	37
5 13	4
5 14	23
5 15	36
5 16	7
5 18	24
5 19	11
5 21	18
5 22	1
5 23	41
5 25	8
5 27	13
5 28	6
5 30	12
5 31	31
5 32	29
5 33	48
5 34	27
5 37	33
5 38	22
5 40	21
5 42	43
5 43	45
5 44	14
5 48	25
5 49	10
6 0	5
6 2	7
6 3	20
6 7	1
6 8	43
6 13	6
6 14	40
6 15	3
6 17	10
6 18	28
6 19	30
6 20	37
6 21	31
6 23	34
6 25	46
6 28	33
6 29	0
6 30	16
6 32	12
6 34	48
6 36	18
6 37	27
6 38	9
6 41	29
6 42	8
6 43	21
6 45	17
6 46	26
6 48	36
7 2	46
7 3	34
7 6	19
7 7	17
7 11	3
7 12	15
7 13	14
7 14	37
7 15	43
7 16	41
7 19	4
7 20	25
7 22	12
7 23	31
7 24	23
7 26	27
7 27	11
7 28	5
7 29	48
7 30	20
7 32	47
7 33	28
7 36	9
7 38	10
7 39	45
7 40	38
7 42	44
7 43	40
7 44	35
7 45	8
7 46	36
7 48	7
8 2	48
8 3	27
8 4	41
8 5	3
8 6	22
8 7	9
8 10	46
8 12	39
8 14	33
8 15	2
8 18	11
8 19	29
8 20	44
8 22	6
8 24	20
8 26	47
8 27	37
8 28	31
8 31	26
8 32	8
8 36	14
8 37	32
8 39	34
8 40	36
8 41	17
8 42	16
8 43	23
8 44	45
8 45	19
8 48	40
9 0	38
9 2	13
9 5	11
9 6	48
9 7	5
9 8	36
9 9	49
9 10	10
9 11	44
9 15	17
9 16	37
9 19	21
9 20	9
9 21	14
9 22	30
9 23	25
9 24	6
9 25	15
9 27	12
9 28	19
9 30	23
9 31	42
9 32	31
9 37	35
9 38	40
9 40	41
9 42	34
9 43	28
9 44	47
9 45	20
9 46	0
9 47	22
9 48	18
9 49	1
10 0	18
10 1	40
10 3	16
10 4	44
10 5	49
10 6	20
10 8	17
10 9	10
10 10	15
10 11	21
10 12	25
10 14	30
10 16	33
10 17	14
10 19	3
10 21	45
10 22	34
10 24	0
10 25	13
10 26	26
10 27	32
10 30	35
10 31	23
10 32	38
10 33	4
10 34	42
10 35	22
10 36	24
10 37	19
10 38	28
10 39	41
10 40	39
10 43	31
10 46	9
11 0	0
11 1	38
11 2	8
11 3	19
11 4	16
11 5	47
11 6	18
11 7	25
11 8	49
11 9	48
11 10	14
11 12	20
11 13	31
11 15	15
11 17	40
11 18	22
11 19	35
11 20	27
11 22	42
11 25	39
11 26	2
11 29	36
11 30	4
11 31	6
11 32	10
11 33	17
11 34	44
11 36	29
11 39	12
11 40	7
11 41	45
11 43	1
11 45	34
11 46	37
11 47	43
11 48	5
11 49	30
12 1	2
12 3	17
12 4	1
12 5	13
12 7	15
12 8	27
12 11	33
12 12	44
12 13	43
12 15	45
12 16	31
12 17	19
12 18	18
12 21	42
12 22	46
12 26	12
12 27	8
12 28	40
12 30	11
12 31	47
12 32	21
12 33	25
12 35	28
12 36	48
12 40	34
12 41	36
12 42	37
12 43	26
12 44	7
12 45	24
12 46	39
12 47	10
12 48	16
13 0	2
13 1	10
13 2	25
13 3	35
13 8	31
13 10	47
13 11	12
13 12	27
13 13	5
13 14	0
13 16	39
13 17	4
13 19	8
13 20	40
13 24	30
13 26	46
13 29	14
13 30	43
13 31	24
13 32	6
13 34	7
13 37	15
13 38	1
13 40	13
13 43	41
13 44	34
13 45	32
13 47	45
13 48	23
13 49	22
14 0	26
14 1	27
14 2	21
14 3	11
14 4	10
14 5	1
14 6	36
14 8	4
14 10	22
14 11	25
14 15	19
14 16	43
14 17	46
14 18	34
14 19	5
14 21	15
14 22	28
14 24	41
14 26	18
14 27	45
14 28	38
14 30	32
14 31	2
14 32	7
14 33	0
14 34	6
14 35	39
14 36	13
14 37	8
14 39	30
14 40	17
14 45	40
14 47	47
14 49	9
15 0	42
15 1	36
15 2	9
15 5	15
15 6	14
15 7	46
15 8	33
15 9	32
15 12	43
15 13	12
15 14	2
15 16	40
15 18	1
15 19	0
15 20	24
15 22	35
15 27	7
15 31	29
15 32	41
15 33	37
15 34	23
15 36	22
15 39	10
15 40	31
15 41	8
15 43	5
15 45	39
15 47	26
16 0	25
16 2	49
16 6	26
16 7	14
16 10	45
16 11	4
16 13	44
16 14	31
16 15	0
16 17	48
16 18	16
16 19	19
16 20	30
16 21	43
16 22	15
16 23	23
16 24	17
16 25	12
16 26	38
16 29	39
16 30	6
16 31	22
16 32	18
16 33	5
16 36	2
16 37	21
16 40	8
16 41	35
16 42	36
16 45	7
16 46	40
16 47	41
16 48	13
16 49	28
17 1	49
17 3	12
17 5	19
17 6	42
17 7	6
17 8	37
17 9	25
17 11	16
17 12	18
17 15	14
17 16	17
17 17	30
17 18	40
17 19	36
17 20	26
17 21	23
17 22	38
17 23	43
17 24	45
17 25	28
17 26	13
17 27	48
17 28	32
17 30	31
17 31	0
17 32	3
17 34	46
17 35	41
17 36	33
17 38	20
17 39	39
17 41	10
17 42	7
17 43	11
17 46	2
17 47	35
17 48	44
18 0	27
18 1	32
18 2	19
18 3	41
18 5	29
18 6	31
18 7	39
18 8	0
18 9	13
18 10	5
18 16	16
18 18	8
18 19	26
18 22	10
18 23	9
18 25	49
18 27	15
18 30	21
18 31	28
18 35	24
18 36	6
18 37	7
18 38	45
18 40	14
18 41	11
18 42	42
18 43	3
18 44	1
18 45	33
18 48	48
19 0	30
19 1	8
19 3	9
19 6	46
19 8	16
19 9	14
19 11	40
19 12	5
19 15	37
19 17	1
19 18	31
19 20	19
19 21	49
19 23	6
19 24	42
19 25	23
19 26	45
19 27	4
19 29	28
19 30	17
19 31	20
19 32	26
19 33	13
19 34	11
19 35	34
19 36	44
19 37	38
19 38	36
19 39	18
19 40	24
19 42	12
19 43	32
19 46	7
19 48	22
19 49	15
20 0	29
20 2	11
20 3	6
20 5	12
20 6	32
20 8	46
20 11	31
20 12	26
20 14	48
20 15	18
20 18	25
20 19	27
20 20	0
20 21	35
20 23	20
20 24	3
20 25	1
20 26	14
20 28	9
20 30	22
20 33	7
20 34	43
20 35	10
20 37	41
20 38	15
20 40	40
20 41	19
20 42	45
20 44	38
20 45	49
20 46	16
20 49	34
21 0	6
21 1	14
21 2	31
21 4	15
21 6	28
21 8	23
21 9	46
21 10	19
21 13	17
21 14	11
21 15	47
21 17	24
21 18	13
21 19	38
21 20	4
21 22	20
21 23	8
21 24	44
21 25	33
21 26	29
21 27	3
21 29	2
21 30	37
21 31	45
21 32	35
21 33	41
21 34	12
21 37	26
21 38	34
21 39	49
21 40	27
21 41	22
21 44	16
21 47	7
21 48	30
21 49	39
22 0	19
22 1	30
22 2	38
22 3	5
22 4	48
22 7	32
22 9	3
22 10	41
22 11	39
22 12	6
22 13	7
22 15	31
22 16	12
22 17	47
22 18	17
22 21	28
22 22	43
22 24	18
22 25	2
22 29	21
22 30	27
22 32	20
22 33	23
22 34	29
22 35	0
22 36	45
22 37	37
22 38	44
22 40	22
22 41	14
22 42	40
22 43	34
22 44	11
22 46	42
22 48	4
23 0	20
23 1	24
23 3	37
23 4	11
23 5	41
23 6	33
23 8	29
23 9	40
23 10	48
23 12	10
23 13	23
23 14	39
23 15	13
23 18	42
23 19	43
23 21	0
23 22	17
23 25	19
23 26	32
23 27	49
23 28	12
23 29	4
23 30	26
23 31	16
23 32	45
23 33	1
23 35	8
23 37	36
23 38	7
23 39	46
23 40	28
23 41	15
23 43	6
23 44	18
23 45	31
23 48	3
23 49	21
24 0	28
24 1	19
24 3	47
24 4	7
24 6	15
24 7	13
24 8	45
24 9	18
24 11	1
24 13	41
24 15	29
24 17	44
24 18	6
24 19	2
24 20	8
24 21	30
24 22	33
24 23	4
24 24	38
24 25	5
24 26	36
24 27	34
24 28	11
24 30	40
24 31	21
24 32	49
24 33	32
24 34	0
24 35	14
24 38	16
24 40	48
24 42	24
24 47	20
24 48	9
24 49	25
25 0	37
25 2	6
25 4	12
25 6	3
25 7	7
25 10	31
25 11	14
25 13	21
25 14	47
25 16	27
25 18	39
25 19	32
25 20	18
25 21	19
25 22	49
25 23	38
25 28	29
25 29	35
25 30	42
25 31	8
25 33	26
25 34	15
25 35	17
25 36	16
25 38	11
25 40	45
25 41	30
25 43	4
25 45	0
25 46	22
25 47	36
25 48	1
25 49	20
26 0	8
26 1	41
26 2	32
26 3	46
26 4	24
26 5	23
26 6	30
26 7	4
26 8	40
26 9	2
26 10	38
26 11	37
26 14	18
26 16	48
26 17	6
26 18	36
26 20	12
26 22	27
26 24	47
26 25	43
26 28	49
26 29	26
26 30	25
26 31	10
26 32	34
26 33	45
26 34	17
26 36	39
26 39	14
26 41	21
26 42	22
26 43	19
26 44	44
26 45	13
26 46	15
26 47	31
26 48	29
27 0	34
27 1	17
27 2	28
27 3	26
27 8	20
27 9	30
27 11	24
27 13	0
27 14	32
27 15	42
27 16	29
27 17	38
27 20	46
27 21	13
27 22	44
27 23	10
27 24	39
27 26	8
27 27	14
27 28	23
27 29	16
27 31	7
27 32	22
27 34	5
27 35	1
27 36	12
27 38	25
27 39	11
27 40	35
27 41	47
27 42	21
27 43	36
27 44	27
27 45	15
27 46	45
27 47	19
27 49	2
28 1	33
28 2	29
28 3	1
28 5	20
28 7	21
28 9	23
28 10	44
28 11	13
28 12	16
28 14	22
28 15	34
28 16	42
28 17	9
28 19	28
28 20	15
28 21	11
28 22	2
28 23	40
28 24	49
28 25	4
28 26	43
28 27	39
28 28	26
28 29	45
28 32	48
28 33	14
28 34	8
28 35	6
28 36	47
28 37	17
28 38	12
28 39	0
28 40	46
28 42	35
28 46	10
28 48	24
29 0	35
29 1	23
29 3	13
29 4	36
29 5	22
29 6	47
29 7	43
29 8	2
29 10	21
29 11	10
29 12	40
29 13	8
29 16	14
29 17	17
29 18	49
29 20	39
29 21	34
29 22	5
29 25	32
29 26	1
29 29	11
29 31	25
29 32	9
29 33	46
29 35	42
29 36	3
29 39	7
29 40	26
29 41	28
29 42	0
29 43	48
29 44	30
29 45	4
29 48	27
29 49	6
30 0	21
30 2	44
30 3	49
30 4	14
30 5	27
30 7	11
30 8	22
30 10	0
30 11	35
30 12	30
30 14	6
30 16	25
30 17	32
30 18	20
30 19	1
30 20	48
30 21	33
30 23	45
30 24	36
30 25	29
30 26	19
30 27	16
30 30	9
30 31	43
30 32	46
30 33	42
30 35	47
30 36	38
30 39	31
30 44	8
30 45	41
30 46	24
30 47	2
31 1	29
31 2	27
31 3	39
31 4	19
31 5	2
31 6	8
31 7	35
31 8	15
31 9	28
31 10	30
31 11	48
31 13	1
31 15	46
31 16	45
31 17	16
31 18	10
31 20	3
31 22	7
31 24	24
31 25	6
31 26	23
31 28	42
31 32	32
31 33	33
31 34	18
31 35	25
31 36	11
31 37	14
31 38	49
31 40	43
31 42	20
31 43	37
31 44	36
31 45	9
31 46	31
31 47	21
31 48	47
31 49	41
32 0	24
32 1	7
32 2	37
32 3	30
32 4	47
32 5	36
32 6	16
32 7	20
32 8	8
32 9	1
32 11	45
32 12	14
32 13	32
32 16	18
32 17	15
32 18	29
32 19	41
32 20	33
32 21	22
32 22	23
32 23	26
32 26	5
32 27	6
32 28	27
32 29	31
32 30	46
32 31	38
32 32	40
32 33	10
32 36	19
32 38	43
32 39	35
32 42	4
32 43	39
32 47	49
32 49	0
33 0	11
33 1	34
33 2	17
33 3	32
33 5	45
33 6	23
33 7	36
33 8	44
33 9	21
33 11	43
33 12	47
33 13	29
33 14	1
33 15	33
33 16	22
33 17	20
33 19	13
33 20	41
33 21	46
33 22	4
33 23	35
33 25	10
33 26	9
33 27	38
33 28	14
33 29	7
33 30	39
33 31	5
33 33	6
33 35	16
33 39	42
33 41	40
33 42	48
33 43	8
33 44	12
33 45	25
33 47	27
33 48	15
33 49	31
34 0	43
34 1	39
34 2	45
34 3	14
34 4	13
34 5	4
34 6	40
34 7	38
34 9	0
34 10	18
34 13	3
34 14	7
34 15	23
34 16	30
34 19	6
34 21	21
34 23	11
34 24	35
34 25	16
34 29	17
34 30	36
34 31	27
34 34	25
34 36	28
34 38	26
34 39	5
34 40	49
34 41	42
34 42	19
34 43	10
34 44	32
34 46	47
34 48	34
34 49	24
35 0	23
35 1	45
35 3	0
35 4	20
35 5	16
35 6	44
35 8	25
35 10	7
35 12	24
35 16	21
35 17	13
35 18	14
35 19	17
35 20	34
35 22	8
35 23	19
35 24	33
35 27	22
35 29	18
35 30	48
35 31	39
35 32	1
35 33	9
35 34	41
35 35	11
35 36	35
35 37	30
35 39	2
35 40	32
35 41	38
35 42	5
35 43	46
35 44	42
35 45	26
35 46	29
35 47	40
35 49	37
36 0	49
36 1	42
36 2	33
36 3	8
36 4	43
36 5	9
36 6	7
36 7	27
36 8	48
36 9	17
36 11	41
36 13	39
36 14	19
36 15	20
36 16	3
36 18	45
36 20	21
36 21	36
36 22	22
36 24	11
36 25	26
36 26	30
36 27	31
36 28	0
36 30	13
36 31	1
36 33	12
36 36	4
36 37	28
36 38	37
36 40	47
36 41	6
36 43	15
36 44	23
36 46	46
36 49	40
37 0	33
37 2	15
37 3	10
37 5	6
37 6	29
37 7	8
37 8	18
37 9	31
37 11	7
37 13	42
37 14	26
37 16	5
37 17	49
37 18	27
37 20	45
37 21	17
37 22	41
37 23	28
37 24	4
37 25	30
37 26	44
37 27	47
37 29	22
37 30	19
37 31	40
37 32	36
37 33	16
37 34	24
37 35	23
37 36	25
37 37	20
37 38	39
37 40	37
37 41	0
37 43	43
37 44	46
37 45	48
37 47	11
37 49	14
38 0	36
38 1	12
38 2	20
38 3	40
38 4	31
38 5	28
38 7	49
38 8	19
38 10	17
38 11	42
38 12	21
38 14	45
38 18	47
38 19	46
38 20	35
38 21	41
38 24	2
38 25	0
38 26	6
38 27	10
38 29	32
38 31	48
38 32	4
38 33	27
38 35	38
38 37	11
38 38	8
38 39	13
38 40	23
38 41	25
38 42	26
38 43	30
38 44	15
38 45	37
38 46	5
38 47	9
38 48	14
38 49	33
39 1	25
39 2	40
39 3	38
39 4	32
39 5	44
39 6	10
39 7	45
39 8	13
39 10	37
39 13	24
39 16	28
39 17	21
39 18	7
39 19	23
39 20	2
39 21	29
39 22	11
39 24	31
39 25	27
39 26	42
39 29	41
39 32	30
39 33	35
39 34	14
39 36	5
39 38	19
39 40	3
39 41	34
39 43	0
39 44	43
39 45	1
39 46	17
39 48	33
40 0	10
40 4	3
40 5	30
40 6	24
40 7	37
40 8	7
40 9	11
40 10	33
40 11	6
40 13	48
40 14	15
40 15	27
40 16	19
40 17	8
40 18	12
40 19	42
40 20	47
40 21	32
40 22	25
40 24	43
40 25	35
40 26	21
40 27	41
40 28	20
40 29	1
40 31	36
40 33	49
40 34	9
40 35	31
40 36	26
40 38	38
40 39	40
40 40	16
40 41	5
40 42	2
40 43	14
40 44	17
40 45	46
40 46	4
40 47	13
40 48	0
41 1	9
41 3	18
41 4	29
41 5	14
41 6	45
41 7	28
41 9	6
41 11	11
41 12	34
41 13	37
41 17	7
41 18	3
41 19	25
41 21	38
41 22	24
41 23	48
41 24	32
41 25	47
41 28	17
41 29	33
41 30	8
41 31	46
41 32	42
41 33	30
41 35	43
41 37	16
41 38	2
41 39	19
41 41	39
41 42	31
41 43	20
41 49	4
42 0	16
42 1	15
42 3	33
42 4	28
42 5	37
42 6	9
42 7	23
42 8	34
42 9	5
42 10	24
42 11	20
42 12	42
42 13	13
42 14	41
42 20	10
42 21	26
42 23	21
42 25	45
42 27	30
42 28	8
42 29	6
42 30	7
42 31	32
42 33	38
42 34	40
42 35	36
42 37	0
42 38	47
42 39	1
42 42	17
42 44	29
42 45	12
42 47	14
42 48	46
42 49	44
43 3	44
43 4	27
43 8	14
43 10	43
43 14	29
43 16	9
43 17	41
43 18	21
43 22	36
43 23	2
43 24	13
43 25	22
43 27	5
43 29	25
43 31	3
43 32	28
43 33	24
43 34	37
43 35	4
43 37	18
43 38	35
43 39	48
43 40	0
43 41	26
43 42	30
43 45	23
43 46	32
43 47	15
43 48	31
43 49	46
44 0	41
44 1	31
44 2	0
44 4	33
44 5	7
44 6	12
44 7	29
44 8	9
44 9	15
44 10	34
44 12	22
44 13	19
44 14	46
44 15	8
44 16	2
44 17	23
44 18	38
44 19	45
44 20	20
44 21	16
44 22	47
44 24	5
44 25	11
44 29	30
44 30	49
44 33	18
44 36	32
44 37	25
44 39	6
44 40	42
44 41	4
44 42	13
44 43	44
44 44	26
44 45	35
44 46	21
44 47	3
44 48	39
44 49	48
45 1	35
45 2	1
45 4	22
45 5	31
45 6	6
45 7	0
45 9	4
45 10	49
45 12	19
45 13	34
45 15	21
45 17	27
45 19	37
45 20	7
45 21	44
45 22	13
45 24	15
45 27	36
45 28	43
45 29	8
45 30	41
45 31	17
45 32	39
45 34	2
45 35	45
45 36	23
45 39	33
45 40	30
45 41	9
45 42	32
45 43	16
45 44	24
45 45	14
45 46	28
45 49	3
46 1	18
46 2	5
46 3	23
46 5	8
46 6	41
46 7	44
46 8	30
46 11	34
46 13	20
46 14	36
46 15	10
46 16	26
46 17	31
46 18	35
46 19	47
46 20	13
46 21	1
46 22	48
46 24	14
46 25	7
46 26	11
46 27	0
46 28	15
46 29	29
46 30	24
46 31	33
46 33	2
46 34	28
46 35	37
46 36	40
46 37	43
46 38	4
46 39	21
46 40	25
46 41	46
46 42	27
46 46	6
46 48	49
47 0	31
47 3	48
47 4	18
47 5	5
47 6	34
47 7	2
47 8	10
47 9	37
47 11	32
47 12	3
47 13	26
47 14	21
47 15	7
47 16	13
47 17	43
47 18	23
47 19	39
47 21	20
47 22	16
47 23	29
47 24	1
47 25	44
47 27	19
47 29	40
47 30	30
47 32	0
47 34	33
47 35	49
47 36	15
47 37	24
47 40	4
47 41	27
47 43	35
47 45	11
47 47	42
47 48	6
48 0	46
48 2	2
48 5	21
48 6	39
48 7	26
48 8	6
48 9	12
48 10	35
48 11	8
48 12	13
48 13	36
48 14	16
48 15	25
48 16	34
48 17	11
48 18	5
48 19	9
48 21	10
48 22	0
48 23	30
48 26	41
48 27	28
48 28	18
48 29	44
48 30	47
48 31	15
48 32	23
48 33	22
48 34	4
48 35	7
48 37	40
48 39	17
48 40	29
48 41	24
48 42	38
48 43	49
48 46	20
48 48	42
48 49	19
49 0	44
49 1	5
49 4	38
49 6	25
49 8	35
49 9	39
49 10	32
49 11	17
49 12	11
49 14	4
49 15	24
49 16	6
49 18	46
49 19	14
49 21	27
49 23	1
49 24	48
49 25	36
49 26	31
49 27	18
49 28	13
49 32	37
49 37	29
49 38	30
49 39	28
49 42	33
49 43	7
49 45	47
49 46	23
49 48	26
49 49	43
