50
0 4	1
0 9	12
0 10	6
0 12	45
0 13	17
0 16	19
0 21	49
0 29	3
0 33	23
0 44	8
0 45	2
0 49	28
1 3	25
1 5	32
1 8	9
1 11	47
1 13	2
1 18	19
1 21	26
1 26	12
1 27	14
1 32	13
1 40	48
1 44	37
1 48	40
2 0	47
2 1	1
2 2	29
2 4	48
2 9	4
2 19	28
2 21	6
2 27	8
2 28	25
2 29	37
2 30	34
2 33	0
2 34	16
2 35	20
2 37	38
2 42	9
2 45	35
3 0	28
3 11	35
3 13	20
3 16	38
3 18	30
3 21	27
3 26	40
3 27	22
3 28	0
3 29	6
3 31	23
3 32	49
3 33	25
3 34	43
3 35	48
3 37	18
3 40	29
3 41	4
3 43	14
3 49	13
4 4	8
4 6	20
4 9	31
4 14	23
4 15	2
4 16	25
4 18	33
4 23	48
4 25	13
4 31	3
4 32	38
4 35	28
4 38	17
4 39	16
4 40	10
4 45	22
4 48	0
5 0	2
5 2	28
5 3	13
5 8	15
5 10	43
5 12	32
5 13	10
5 15	19
5 19	41
5 23	39
5 25	34
5 26	44
5 30	36
5 32	24
5 33	4
5 38	14
5 39	11
5 41	35
5 42	7
6 11	3
6 13	39
6 15	11
6 19	12
6 20	46
6 25	17
6 27	19
6 29	1
6 31	40
6 34	37
6 36	43
6 38	13
6 44	41
6 47	29
6 49	5
7 3	33
7 8	21
7 15	12
7 16	30
7 17	28
7 22	2
7 30	42
7 31	7
7 35	25
7 43	29
7 48	37
7 49	41
8 7	20
8 9	7
8 10	41
8 12	11
8 13	28
8 17	45
8 20	47
8 23	34
8 27	36
8 30	8
8 33	42
8 35	17
8 38	2
8 41	12
8 43	3
9 1	6
9 2	41
9 3	7
9 4	23
9 13	34
9 15	28
9 23	37
9 32	22
9 39	27
9 42	36
9 45	14
9 46	13
10 5	11
10 7	6
10 11	21
10 12	4
10 15	22
10 19	36
10 20	31
10 22	23
10 23	15
10 24	5
10 31	16
10 35	1
10 37	17
10 39	30
10 40	35
10 45	40
10 47	48
11 8	37
11 9	16
11 10	7
11 11	36
11 12	12
11 13	24
11 15	32
11 17	10
11 19	1
11 24	8
11 27	38
11 29	17
11 32	6
11 34	40
11 40	3
11 49	2
12 2	34
12 7	24
12 13	31
12 19	47
12 20	41
12 21	40
12 26	11
12 30	17
12 32	29
12 33	20
12 36	12
12 37	28
12 41	45
13 1	45
13 3	48
13 7	9
13 9	28
13 11	44
13 12	19
13 15	37
13 16	17
13 20	40
13 25	33
13 27	10
13 29	8
13 44	47
13 46	16
13 48	1
14 2	36
14 4	16
14 6	41
14 9	47
14 11	13
14 12	28
14 16	44
14 26	35
14 39	48
14 40	32
14 41	1
14 47	12
15 2	7
15 15	25
15 16	32
15 17	2
15 23	1
15 30	47
15 34	46
15 37	44
15 39	3
16 1	22
16 6	48
16 7	8
16 8	14
16 15	24
16 20	37
16 24	13
16 32	16
16 34	7
16 45	10
17 0	6
17 2	31
17 4	12
17 5	28
17 6	17
17 11	23
17 21	48
17 23	11
17 24	21
17 28	29
17 29	4
17 30	40
17 32	34
17 43	33
17 45	32
17 46	46
17 48	47
18 0	26
18 1	4
18 5	43
18 7	11
18 9	14
18 10	20
18 14	8
18 15	7
18 16	22
18 19	13
18 20	38
18 22	0
18 24	16
18 25	49
18 29	5
18 30	46
18 31	2
18 36	31
18 37	12
18 39	45
18 45	37
18 47	33
19 3	31
19 5	20
19 13	32
19 16	36
19 19	18
19 20	0
19 22	16
19 34	2
19 35	38
19 41	28
19 44	19
19 46	40
20 3	1
20 11	19
20 13	23
20 16	4
20 17	48
20 20	25
20 24	6
20 25	11
20 26	31
20 27	30
20 31	34
20 36	20
20 38	36
20 41	46
20 45	5
20 49	9
21 3	6
21 9	18
21 12	13
21 15	30
21 18	46
21 19	21
21 21	29
21 25	48
21 27	28
21 28	19
21 31	1
21 32	14
21 41	34
22 0	31
22 1	33
22 4	38
22 14	6
22 18	34
22 26	0
22 30	18
22 33	17
22 37	13
22 39	46
22 40	37
22 42	19
22 43	7
22 46	30
23 4	41
23 7	31
23 8	48
23 10	27
23 12	1
23 14	36
23 16	18
23 18	40
23 26	23
23 27	32
23 28	20
23 30	14
23 31	4
23 36	29
23 44	13
23 47	0
24 0	3
24 1	31
24 4	20
24 6	1
24 9	40
24 14	33
24 19	49
24 22	4
24 24	18
24 25	24
24 26	10
24 29	39
24 30	9
24 32	5
24 33	8
24 38	37
24 42	45
24 45	44
25 0	42
25 1	44
25 3	5
25 5	9
25 11	39
25 12	47
25 14	41
25 21	14
25 24	49
25 30	45
25 35	13
25 42	30
25 45	12
25 46	15
25 48	38
25 49	20
26 0	48
26 1	38
26 6	40
26 10	5
26 12	41
26 13	44
26 18	36
26 19	30
26 20	43
26 21	9
26 29	0
26 31	49
26 35	45
26 36	14
26 40	19
26 41	3
26 43	2
26 45	47
26 46	27
26 48	46
27 2	47
27 3	15
27 11	8
27 12	46
27 16	41
27 22	45
27 28	49
27 29	14
27 33	10
27 43	32
27 46	18
27 47	2
28 3	16
28 5	39
28 13	9
28 17	13
28 21	18
28 23	25
28 24	2
28 28	23
28 29	26
28 31	6
28 33	32
28 37	30
28 42	35
28 43	19
28 47	38
28 48	22
29 0	25
29 2	49
29 6	7
29 7	42
29 17	40
29 23	27
29 25	0
29 36	22
29 37	6
29 39	28
29 42	39
29 43	23
29 45	43
29 46	47
30 2	22
30 5	1
30 7	26
30 8	43
30 10	37
30 11	18
30 15	14
30 17	25
30 26	48
30 27	41
30 28	5
30 29	36
30 31	17
30 35	15
30 38	31
30 41	42
30 42	21
31 0	1
31 2	40
31 3	44
31 8	6
31 13	16
31 20	8
31 21	20
31 22	48
31 23	46
31 25	19
31 26	18
31 27	33
31 39	24
31 40	31
31 43	5
31 44	34
31 45	28
31 49	37
32 0	8
32 4	46
32 11	6
32 13	29
32 16	45
32 20	24
32 21	3
32 22	34
32 26	28
32 30	26
32 31	13
32 32	41
32 34	17
32 39	20
32 40	38
32 44	49
32 45	7
32 47	37
32 49	15
33 4	49
33 5	2
33 7	29
33 9	27
33 10	38
33 11	34
33 14	43
33 23	30
33 29	23
33 30	33
33 36	45
33 40	22
33 41	16
33 42	28
33 45	18
33 46	36
33 47	1
34 0	17
34 3	42
34 6	38
34 7	10
34 8	2
34 10	46
34 13	33
34 14	34
34 18	21
34 22	3
34 23	20
34 24	45
34 26	19
34 27	39
34 29	15
34 30	11
34 34	36
34 35	5
34 37	40
34 39	9
34 42	16
34 44	0
35 2	12
35 6	4
35 8	46
35 9	6
35 14	35
35 21	32
35 25	29
35 26	15
35 29	25
35 30	49
35 43	36
35 47	18
36 2	15
36 6	34
36 7	36
36 8	24
36 10	48
36 13	0
36 15	47
36 20	14
36 24	27
36 26	21
36 27	9
36 28	42
36 36	46
36 38	12
36 40	39
36 48	13
37 1	5
37 8	34
37 10	19
37 12	29
37 20	16
37 21	13
37 23	7
37 27	3
37 38	28
37 44	46
37 47	42
38 2	17
38 5	7
38 6	2
38 9	41
38 11	15
38 12	31
38 13	47
38 28	35
38 31	14
38 34	19
38 42	25
38 43	13
38 44	11
38 45	9
38 46	34
39 2	16
39 5	49
39 8	30
39 11	20
39 17	11
39 25	5
39 26	7
39 30	43
39 33	1
39 37	48
40 3	11
40 4	27
40 6	39
40 19	46
40 21	8
40 24	3
40 25	35
40 27	1
40 28	31
40 31	0
40 34	26
40 40	49
40 43	45
40 45	25
41 2	8
41 4	24
41 5	30
41 17	21
41 18	17
41 20	34
41 23	32
41 24	22
41 26	14
41 27	46
41 35	10
41 36	3
41 39	43
41 40	36
42 4	7
42 11	14
42 19	23
42 26	46
42 34	20
42 36	28
42 44	33
42 45	29
42 46	32
42 49	11
43 1	30
43 4	6
43 5	48
43 7	35
43 15	3
43 18	16
43 28	36
43 29	2
43 33	27
43 35	37
43 37	29
43 39	12
43 42	38
43 43	8
43 44	5
43 47	31
43 48	7
44 0	27
44 1	32
44 22	41
44 23	36
44 27	4
44 28	7
44 31	20
44 33	5
44 34	48
44 37	15
44 43	1
44 44	18
44 48	33
45 2	45
45 4	3
45 11	17
45 12	2
45 13	48
45 23	42
45 24	26
45 29	27
45 30	1
45 31	9
45 32	31
45 35	22
45 45	36
45 46	43
45 48	49
45 49	19
46 18	28
46 21	23
46 23	13
46 24	0
46 37	8
46 44	16
46 49	47
47 0	15
47 1	47
47 6	23
47 7	5
47 8	11
47 12	24
47 14	14
47 15	16
47 19	19
47 23	12
47 24	40
47 26	33
47 34	18
47 37	39
47 38	38
47 40	27
47 42	13
47 44	6
47 45	42
47 46	8
47 48	30
48 3	10
48 4	33
48 7	7
48 12	23
48 18	44
48 21	17
48 22	20
48 25	12
48 26	1
48 28	3
48 31	38
48 33	34
48 34	45
48 36	30
48 42	41
48 46	26
49 0	18
49 3	3
49 5	14
49 6	47
49 9	11
49 12	38
49 16	1
49 22	22
49 24	46
49 28	24
49 30	44
49 34	31
49 35	21
49 38	7
49 44	36
