50
0 7	7
0 12	6
0 14	45
0 15	11
0 16	41
0 18	33
0 19	34
0 21	5
0 23	23
0 26	40
0 27	3
0 28	21
0 32	19
0 33	39
0 34	1
0 35	29
0 37	9
0 38	42
0 39	35
0 42	31
0 44	15
0 46	26
1 1	36
1 3	9
1 5	19
1 6	20
1 8	35
1 14	22
1 15	43
1 16	33
1 18	18
1 21	28
1 22	42
1 25	27
1 28	41
1 29	44
1 35	24
1 36	12
1 38	15
1 42	34
1 44	8
1 48	17
2 1	34
2 10	10
2 12	35
2 14	49
2 15	27
2 16	44
2 17	7
2 18	3
2 19	38
2 23	40
2 24	19
2 26	4
2 31	8
2 32	16
2 33	9
2 34	36
2 38	30
2 42	37
3 0	35
3 1	22
3 4	20
3 5	2
3 7	28
3 11	5
3 15	13
3 16	14
3 18	7
3 20	48
3 23	32
3 25	15
3 30	41
3 32	31
3 40	30
3 44	37
3 49	11
4 1	16
4 3	24
4 10	34
4 12	11
4 15	48
4 17	42
4 18	13
4 28	31
4 29	9
4 31	49
4 33	15
4 34	44
4 36	17
4 38	18
4 40	25
4 41	10
4 42	7
4 43	14
4 44	5
4 45	41
4 49	3
5 1	18
5 2	42
5 4	47
5 13	9
5 19	22
5 20	14
5 23	46
5 27	33
5 31	37
5 36	10
5 38	8
5 39	23
5 40	11
5 41	38
5 47	27
6 1	28
6 3	49
6 7	43
6 9	32
6 13	18
6 15	2
6 19	14
6 20	11
6 21	30
6 23	20
6 24	5
6 26	9
6 27	46
6 28	15
6 31	25
6 33	29
6 34	33
6 35	44
6 36	48
6 39	36
6 40	13
6 45	6
6 46	3
7 0	31
7 2	10
7 3	5
7 10	23
7 12	28
7 20	49
7 21	4
7 23	48
7 28	26
7 29	17
7 35	41
7 36	25
7 40	15
7 42	42
7 43	33
7 44	40
7 46	2
7 47	18
7 49	1
8 1	29
8 2	40
8 5	38
8 6	11
8 7	31
8 11	44
8 13	43
8 14	41
8 16	8
8 20	5
8 22	28
8 26	45
8 29	22
8 33	2
8 35	42
8 36	35
8 40	36
8 45	20
9 3	42
9 7	45
9 10	37
9 12	1
9 13	13
9 14	24
9 16	7
9 17	8
9 18	6
9 19	26
9 20	39
9 22	36
9 23	18
9 24	12
9 25	49
9 26	15
9 31	16
9 33	33
9 34	40
9 38	2
9 40	29
9 44	30
9 45	43
9 46	31
9 48	41
10 1	31
10 10	46
10 11	41
10 14	9
10 16	27
10 17	48
10 21	0
10 24	39
10 25	11
10 26	49
10 29	4
10 30	30
10 33	24
10 34	35
10 37	25
10 42	26
10 43	37
10 46	36
10 48	18
11 3	33
11 5	11
11 6	8
11 7	24
11 8	16
11 9	29
11 10	32
11 11	31
11 14	14
11 17	19
11 18	27
11 21	10
11 22	9
11 24	18
11 26	36
11 27	21
11 28	13
11 29	41
11 30	26
11 31	7
11 33	23
11 37	35
11 39	46
11 45	12
12 2	5
12 5	14
12 8	45
12 11	13
12 12	24
12 19	17
12 20	41
12 23	19
12 26	47
12 28	11
12 34	6
12 40	49
12 43	44
12 44	32
12 49	40
13 3	48
13 4	9
13 6	13
13 8	1
13 18	34
13 19	3
13 28	30
13 29	8
13 33	27
13 42	5
13 45	44
13 46	4
13 49	45
14 0	4
14 2	3
14 3	15
14 4	18
14 5	33
14 10	41
14 13	29
14 15	25
14 17	5
14 18	24
14 19	19
14 20	37
14 23	7
14 24	22
14 25	46
14 28	17
14 31	26
14 32	1
14 33	49
14 34	39
14 41	0
14 48	27
15 1	44
15 5	41
15 9	18
15 10	20
15 13	46
15 18	35
15 37	6
15 40	1
15 44	24
15 46	29
15 47	37
15 49	2
16 0	16
16 3	34
16 4	14
16 7	21
16 9	46
16 11	15
16 12	29
16 16	9
16 23	1
16 24	20
16 26	37
16 29	13
16 31	17
16 32	18
16 37	10
16 38	12
16 40	27
16 43	0
16 46	43
16 48	33
16 49	49
17 9	10
17 10	39
17 13	12
17 15	36
17 17	15
17 20	35
17 24	8
17 25	25
17 26	33
17 31	22
17 36	16
17 38	26
17 39	29
17 41	48
17 42	20
17 44	2
17 48	44
17 49	46
18 0	23
18 1	5
18 9	33
18 10	40
18 18	30
18 19	21
18 20	43
18 24	0
18 26	42
18 28	45
18 30	39
18 37	24
18 41	15
18 44	49
18 46	25
18 49	36
19 2	2
19 3	44
19 4	31
19 5	47
19 10	15
19 13	36
19 14	40
19 17	9
19 20	6
19 23	37
19 24	25
19 26	26
19 27	0
19 28	42
19 33	32
19 36	13
19 41	30
19 42	19
19 44	48
19 46	45
19 48	43
19 49	4
20 0	20
20 11	6
20 12	14
20 13	21
20 14	11
20 15	4
20 25	43
20 30	23
20 31	19
20 33	7
20 34	10
20 37	13
20 39	41
20 41	33
20 42	30
20 43	31
20 45	3
20 49	38
21 1	37
21 2	25
21 6	27
21 7	2
21 10	3
21 14	33
21 15	12
21 16	40
21 17	26
21 21	9
21 22	22
21 27	15
21 28	18
21 31	28
21 32	6
21 34	34
21 37	36
21 40	41
21 41	29
21 44	21
21 45	4
21 46	7
21 48	47
22 0	19
22 2	16
22 3	28
22 5	1
22 6	30
22 8	8
22 9	7
22 10	25
22 12	34
22 14	5
22 16	4
22 19	27
22 22	12
22 23	47
22 26	6
22 28	20
22 31	41
22 32	44
22 33	22
22 37	14
22 42	15
22 44	39
22 46	40
22 48	0
23 2	8
23 4	10
23 8	36
23 11	16
23 12	45
23 13	26
23 15	40
23 16	49
23 18	28
23 19	43
23 28	33
23 30	47
23 31	2
23 34	31
23 45	39
23 47	22
23 48	42
23 49	14
24 1	26
24 3	17
24 6	33
24 15	0
24 16	24
24 17	22
24 18	11
24 19	48
24 21	12
24 27	47
24 28	38
24 30	15
24 36	30
24 42	16
24 44	34
24 46	42
25 3	41
25 4	42
25 5	28
25 6	24
25 8	14
25 9	36
25 10	49
25 12	37
25 16	46
25 20	21
25 27	26
25 28	0
25 30	27
25 32	29
25 33	40
25 36	7
25 37	44
25 39	10
25 41	17
26 1	11
26 3	12
26 4	39
26 6	44
26 7	15
26 8	43
26 12	18
26 15	32
26 19	20
26 20	42
26 21	48
26 23	28
26 24	21
26 25	1
26 30	5
26 32	41
26 33	10
26 34	24
26 36	6
26 40	17
26 42	22
26 44	4
26 48	38
26 49	31
27 2	39
27 3	6
27 4	25
27 5	29
27 8	48
27 17	38
27 21	14
27 22	24
27 26	0
27 27	43
27 29	45
27 31	35
27 34	8
27 35	23
27 36	22
27 40	3
27 43	28
27 49	17
28 2	7
28 4	27
28 9	48
28 11	33
28 12	38
28 14	36
28 15	21
28 18	15
28 20	2
28 24	23
28 27	22
28 29	25
28 34	29
28 35	47
28 36	41
28 37	39
28 38	44
28 40	4
28 41	45
28 43	3
28 44	10
28 49	12
29 7	17
29 8	2
29 9	31
29 10	36
29 11	10
29 13	27
29 15	47
29 16	11
29 18	25
29 20	45
29 21	21
29 23	42
29 26	7
29 29	33
29 33	19
29 34	48
29 37	38
29 39	28
29 41	43
29 43	49
30 2	43
30 3	3
30 6	29
30 9	16
30 12	10
30 13	37
30 16	48
30 18	5
30 21	38
30 23	13
30 25	17
30 26	39
30 27	14
30 30	12
30 35	15
30 37	26
30 39	0
30 41	11
30 42	45
30 44	7
30 46	33
31 1	46
31 2	14
31 3	4
31 4	6
31 5	10
31 13	23
31 14	0
31 21	25
31 23	16
31 24	2
31 29	12
31 30	17
31 32	8
31 35	19
31 37	15
31 39	1
31 40	26
31 41	40
31 43	41
31 44	29
31 46	18
31 48	5
32 1	10
32 2	18
32 3	40
32 9	8
32 10	11
32 11	19
32 12	4
32 13	3
32 14	7
32 17	20
32 20	22
32 21	1
32 22	34
32 24	38
32 28	48
32 29	42
32 33	14
32 34	49
32 35	5
32 39	16
32 40	33
32 42	41
32 48	32
33 1	41
33 2	46
33 3	37
33 4	16
33 5	36
33 6	25
33 11	28
33 12	8
33 15	24
33 17	11
33 19	2
33 22	5
33 23	49
33 25	0
33 27	34
33 33	47
33 38	38
33 40	45
33 43	19
33 46	17
33 48	9
34 0	18
34 1	9
34 3	10
34 5	30
34 7	47
34 10	2
34 11	26
34 13	28
34 16	29
34 17	3
34 20	15
34 21	16
34 29	7
34 30	11
34 32	21
34 37	34
34 40	22
34 46	24
34 47	44
34 48	45
34 49	6
35 0	26
35 2	36
35 4	12
35 5	31
35 7	16
35 8	29
35 9	41
35 15	49
35 17	13
35 18	19
35 21	17
35 23	27
35 24	44
35 25	35
35 27	20
35 29	2
35 30	32
35 33	0
35 34	43
35 35	8
35 37	23
35 41	18
35 44	9
35 48	10
36 1	27
36 3	1
36 5	21
36 9	42
36 11	45
36 14	37
36 15	5
36 16	38
36 19	39
36 20	29
36 24	4
36 28	16
36 29	30
36 35	31
36 38	10
36 40	23
36 42	18
36 45	36
36 46	9
37 4	28
37 6	43
37 8	40
37 9	26
37 13	48
37 15	20
37 18	32
37 20	4
37 23	5
37 28	23
37 30	25
37 31	46
37 32	38
37 33	42
37 34	30
37 35	21
37 36	2
37 37	1
37 45	18
37 49	10
38 1	17
38 2	35
38 6	42
38 7	22
38 8	12
38 9	24
38 11	20
38 12	41
38 15	28
38 16	43
38 17	6
38 20	25
38 22	48
38 24	47
38 25	13
38 27	10
38 31	23
38 34	26
38 35	32
38 36	29
38 38	27
38 41	16
38 42	2
38 44	11
38 45	15
38 46	14
38 49	9
39 4	11
39 7	12
39 9	25
39 10	0
39 11	34
39 12	21
39 14	28
39 16	32
39 17	17
39 19	23
39 20	30
39 21	31
39 23	14
39 25	3
39 26	10
39 27	19
39 28	2
39 30	8
39 31	5
39 34	15
39 35	36
39 36	20
39 37	46
39 38	35
39 39	13
39 42	24
39 43	16
39 49	7
40 2	24
40 5	15
40 6	14
40 8	31
40 14	25
40 17	18
40 19	4
40 21	45
40 25	32
40 30	13
40 32	22
40 34	9
40 37	16
40 38	39
40 39	21
40 41	23
40 43	8
40 45	38
40 47	11
40 49	29
41 3	39
41 4	21
41 5	18
41 6	0
41 7	23
41 9	11
41 10	22
41 13	30
41 14	13
41 17	2
41 18	10
41 19	25
41 20	1
41 21	15
41 22	35
41 24	7
41 26	44
41 27	27
41 28	28
41 31	33
41 33	36
41 34	37
41 39	24
41 44	41
41 48	3
41 49	26
42 1	14
42 12	25
42 13	1
42 17	30
42 18	42
42 23	36
42 24	28
42 25	16
42 28	12
42 30	29
42 31	21
42 32	26
42 33	3
42 35	2
42 40	8
42 41	24
42 42	43
42 43	45
42 44	38
43 6	23
43 7	11
43 12	3
43 13	7
43 18	0
43 21	40
43 22	10
43 26	21
43 27	45
43 28	43
43 32	2
43 34	32
43 35	14
43 36	4
43 39	42
43 40	5
43 41	9
43 43	13
43 47	36
44 0	49
44 1	6
44 7	19
44 9	23
44 12	30
44 13	39
44 15	31
44 17	21
44 18	43
44 20	12
44 21	3
44 22	1
44 24	11
44 27	40
44 28	32
44 31	0
44 37	41
44 41	7
44 44	42
44 48	2
44 49	33
45 1	2
45 4	22
45 5	20
45 6	7
45 8	5
45 9	17
45 11	23
45 13	0
45 14	12
45 15	37
45 17	35
45 21	49
45 23	43
45 28	36
45 31	32
45 39	25
45 43	18
45 47	33
46 2	11
46 3	25
46 4	34
46 5	22
46 10	19
46 11	7
46 12	15
46 15	30
46 17	41
46 19	16
46 21	26
46 24	1
46 26	18
46 29	35
46 31	24
46 38	28
46 39	38
46 41	36
46 45	49
46 48	40
47 2	27
47 4	29
47 5	39
47 9	15
47 11	1
47 14	21
47 15	22
47 22	14
47 24	17
47 28	6
47 30	48
47 31	4
47 34	42
47 36	9
47 38	46
47 44	31
47 47	13
47 49	47
48 2	9
48 20	47
48 23	24
48 24	41
48 33	37
48 34	22
48 36	15
48 38	13
48 39	33
48 42	29
48 46	16
49 0	30
49 8	39
49 15	46
49 16	10
49 17	33
49 18	21
49 21	32
49 22	29
49 24	16
49 25	41
49 26	27
49 31	48
49 33	13
49 35	22
49 40	42
49 42	3
49 44	14
49 45	37
49 47	1
49 48	12
