50
0 14	15
0 15	8
0 16	45
0 17	6
0 19	48
0 23	9
0 25	43
0 26	33
0 33	7
0 34	26
0 45	37
0 48	25
0 49	46
1 0	37
1 4	39
1 7	34
1 12	0
1 19	20
1 20	16
1 22	42
1 27	12
1 28	30
1 29	33
1 38	19
1 40	15
1 44	26
1 47	23
2 3	21
2 5	38
2 6	15
2 13	23
2 16	12
2 18	28
2 20	35
2 21	11
2 22	19
2 23	1
2 25	46
2 33	43
2 36	45
2 40	24
2 44	29
3 5	19
3 7	18
3 8	45
3 10	37
3 11	17
3 17	22
3 18	6
3 21	32
3 22	40
3 34	20
3 37	11
3 39	24
3 40	21
3 41	31
4 4	36
4 6	7
4 7	15
4 8	0
4 13	27
4 17	40
4 20	6
4 25	21
4 34	49
4 39	38
4 40	18
4 41	11
4 42	23
4 45	17
4 48	26
5 1	45
5 4	23
5 12	19
5 14	41
5 15	34
5 16	28
5 17	26
5 18	39
5 22	29
5 24	17
5 25	8
5 26	18
5 31	5
5 34	14
5 38	10
5 45	35
5 46	7
6 5	47
6 6	9
6 7	28
6 11	38
6 13	44
6 15	39
6 23	26
6 29	29
6 34	37
6 35	30
6 45	23
7 1	11
7 3	38
7 5	7
7 14	18
7 15	14
7 16	39
7 17	19
7 18	3
7 19	23
7 25	24
7 26	35
7 31	21
7 37	44
7 43	22
7 44	37
7 45	47
7 48	48
8 1	31
8 3	35
8 10	41
8 13	16
8 14	12
8 20	37
8 24	9
8 36	46
8 43	5
8 46	32
9 6	8
9 7	13
9 11	31
9 12	17
9 14	24
9 15	32
9 16	5
9 19	43
9 20	29
9 25	9
9 30	37
9 33	10
9 35	39
9 46	35
9 48	36
10 5	14
10 9	28
10 12	6
10 13	10
10 22	26
10 25	25
10 29	37
10 36	15
10 38	29
10 47	36
10 49	8
11 3	13
11 5	41
11 8	32
11 10	11
11 19	31
11 29	25
11 31	48
11 32	4
11 33	2
11 41	22
11 43	43
11 45	8
11 46	20
11 47	35
12 1	23
12 10	2
12 12	20
12 16	49
12 18	26
12 19	22
12 20	9
12 23	10
12 28	24
12 29	14
12 30	8
12 32	37
12 33	25
12 34	33
12 38	47
12 44	11
12 45	38
12 49	31
13 3	37
13 4	38
13 5	31
13 8	7
13 10	19
13 14	27
13 15	47
13 19	46
13 20	4
13 24	1
13 31	14
13 32	39
13 33	33
13 34	29
13 42	17
13 46	42
13 47	8
13 48	22
14 3	18
14 5	36
14 6	31
14 8	42
14 9	21
14 17	14
14 18	37
14 21	38
14 23	28
14 26	13
14 27	17
14 31	32
14 32	29
14 36	6
14 40	41
14 41	45
14 42	35
14 43	39
14 46	49
14 49	4
15 2	38
15 4	32
15 5	12
15 8	43
15 12	7
15 16	14
15 18	49
15 19	5
15 21	15
15 34	3
15 36	31
15 38	33
15 42	18
15 44	41
15 46	17
15 47	6
15 49	44
16 8	36
16 12	33
16 13	39
16 16	37
16 18	8
16 19	24
16 20	14
16 22	41
16 27	27
16 35	49
16 36	0
16 37	26
16 40	28
17 0	17
17 1	22
17 4	9
17 7	24
17 8	8
17 9	6
17 12	35
17 13	45
17 20	7
17 23	33
17 28	18
17 29	27
17 30	26
17 31	44
17 34	39
17 35	46
17 37	29
17 38	5
17 46	28
17 49	40
18 4	48
18 7	41
18 11	25
18 21	18
18 22	37
18 25	0
18 26	16
18 29	28
18 31	15
18 34	23
18 37	30
18 40	47
18 46	4
18 47	44
18 48	19
19 2	14
19 6	13
19 7	9
19 8	17
19 9	24
19 10	23
19 13	4
19 14	26
19 21	10
19 23	19
19 25	1
19 26	29
19 36	16
19 38	44
19 41	33
19 44	30
20 0	39
20 1	47
20 4	15
20 5	30
20 7	17
20 10	33
20 16	8
20 17	18
20 18	11
20 19	36
20 23	27
20 26	37
20 27	9
20 31	12
20 39	29
20 40	7
20 48	35
21 2	15
21 11	44
21 12	32
21 19	0
21 20	19
21 26	8
21 29	3
21 35	48
21 36	25
21 40	46
21 43	18
21 48	12
22 2	10
22 7	31
22 8	16
22 13	32
22 15	20
22 18	23
22 19	44
22 23	46
22 27	38
22 33	37
22 35	12
22 37	9
22 38	28
22 41	7
22 46	5
22 47	18
22 49	19
23 0	42
23 6	32
23 7	40
23 12	48
23 14	10
23 16	13
23 19	4
23 25	5
23 26	46
23 27	7
23 30	36
23 32	3
23 39	14
23 43	20
23 48	28
24 2	16
24 9	38
24 11	6
24 12	25
24 14	1
24 15	44
24 27	22
24 32	24
24 33	8
24 34	35
24 42	19
24 44	40
24 49	43
25 0	46
25 3	5
25 4	28
25 7	25
25 9	45
25 11	37
25 17	47
25 19	26
25 25	18
25 27	21
25 29	20
25 30	40
25 34	16
25 37	7
25 39	13
25 41	39
26 8	27
26 9	8
26 10	25
26 20	23
26 21	39
26 22	22
26 23	41
26 24	37
26 28	15
26 29	4
26 32	2
26 37	12
26 39	48
26 41	9
26 44	17
26 48	6
26 49	28
27 0	30
27 3	3
27 4	0
27 5	42
27 7	47
27 14	8
27 16	41
27 20	20
27 22	12
27 33	6
27 34	9
27 36	37
27 43	25
27 48	21
28 5	4
28 6	35
28 10	46
28 12	28
28 16	0
28 18	14
28 20	44
28 21	12
28 24	47
28 25	6
28 28	21
28 33	29
28 36	48
28 42	37
28 44	33
29 3	29
29 4	37
29 6	28
29 9	11
29 12	47
29 19	27
29 24	2
29 27	44
29 29	0
29 31	24
29 38	17
29 41	25
29 44	15
29 45	42
29 46	18
29 47	49
29 48	4
30 1	6
30 5	3
30 28	36
30 32	41
30 36	20
30 38	8
30 41	40
30 42	25
30 47	14
30 48	18
30 49	47
31 1	12
31 8	30
31 13	1
31 16	11
31 25	17
31 37	31
31 39	23
31 45	43
32 2	31
32 4	25
32 7	1
32 8	4
32 9	15
32 23	7
32 26	43
32 28	40
32 35	47
32 38	26
32 39	0
32 41	3
32 46	10
32 48	29
32 49	32
33 0	44
33 2	49
33 4	10
33 10	13
33 12	27
33 19	3
33 20	40
33 24	12
33 29	7
33 33	24
33 35	1
33 36	43
33 37	39
33 39	42
33 40	36
33 41	6
33 43	15
33 47	41
33 48	45
34 4	49
34 5	40
34 9	41
34 12	45
34 21	6
34 24	23
34 27	28
34 33	46
34 36	3
34 46	19
34 48	37
35 0	41
35 1	28
35 2	47
35 4	46
35 7	39
35 8	10
35 14	31
35 17	4
35 21	33
35 22	21
35 25	12
35 26	27
35 31	35
35 32	38
35 36	26
35 39	20
35 40	1
35 48	7
35 49	29
36 1	29
36 3	46
36 5	37
36 7	38
36 8	14
36 17	0
36 18	36
36 22	43
36 23	47
36 30	49
36 32	12
36 35	33
36 46	21
36 48	13
37 1	41
37 3	0
37 4	42
37 8	35
37 12	22
37 16	17
37 17	36
37 18	44
37 21	29
37 27	39
37 28	1
37 30	24
37 31	46
37 34	19
37 42	21
38 2	23
38 3	32
38 10	0
38 11	36
38 13	38
38 17	1
38 18	20
38 20	42
38 25	37
38 26	48
38 32	17
38 36	8
38 37	4
38 41	13
38 44	10
38 46	26
39 1	40
39 3	16
39 6	39
39 7	45
39 9	5
39 11	9
39 16	36
39 17	25
39 23	6
39 25	19
39 26	11
39 29	48
39 30	43
39 33	35
39 35	38
39 36	29
39 38	30
39 39	26
39 40	44
39 42	27
39 47	12
40 1	36
40 4	22
40 5	28
40 17	9
40 23	12
40 24	45
40 27	43
40 28	27
40 29	44
40 31	31
40 37	18
40 38	20
40 40	4
40 46	47
40 48	23
41 1	1
41 20	32
41 25	7
41 28	47
41 31	42
41 40	25
41 43	36
41 44	31
41 46	38
42 0	10
42 2	19
42 6	24
42 10	17
42 11	28
42 14	37
42 20	39
42 21	21
42 22	20
42 23	43
42 25	26
42 33	12
42 34	18
42 36	47
42 42	45
42 45	34
43 1	5
43 3	39
43 5	27
43 10	21
43 11	0
43 13	37
43 14	19
43 15	28
43 17	17
43 28	16
43 29	24
43 34	46
43 36	23
43 37	35
43 38	11
43 39	9
43 40	14
43 47	40
44 12	4
44 15	40
44 18	16
44 24	5
44 25	47
44 26	24
44 27	30
44 32	14
44 33	21
44 34	0
44 44	38
45 0	11
45 7	8
45 9	48
45 10	18
45 17	45
45 20	3
45 21	14
45 22	4
45 23	29
45 30	1
45 32	40
45 35	6
45 39	25
45 41	0
45 48	30
46 6	33
46 12	38
46 14	29
46 18	47
46 19	19
46 25	36
46 32	44
46 38	14
46 39	6
46 40	17
46 43	49
46 47	22
46 48	41
47 3	41
47 4	29
47 6	14
47 7	6
47 10	35
47 14	48
47 20	26
47 25	27
47 29	1
47 36	30
47 38	2
47 41	36
47 43	47
47 45	31
47 46	37
47 47	17
47 49	20
48 2	5
48 5	1
48 8	11
48 13	18
48 21	45
48 23	24
48 24	15
48 25	33
48 32	25
48 33	17
48 43	29
48 48	16
48 49	21
49 0	12
49 1	37
49 4	19
49 8	46
49 10	40
49 12	44
49 14	4
49 19	10
49 25	20
49 30	17
49 35	8
49 40	49
49 43	11
49 44	32
49 45	26
49 46	0
49 48	38
49 49	48
