50
0 0	19
0 1	24
0 6	9
0 12	39
0 13	10
0 17	5
0 18	30
0 20	43
0 22	48
0 23	21
0 24	49
0 25	38
0 27	45
0 33	16
0 38	18
0 39	17
0 47	3
0 48	4
1 2	41
1 3	39
1 5	46
1 6	42
1 7	18
1 13	45
1 14	34
1 16	32
1 17	12
1 24	9
1 27	44
1 29	29
1 30	23
1 31	6
1 35	1
1 37	35
1 39	31
1 44	5
1 45	4
1 49	28
2 2	18
2 4	36
2 5	28
2 9	21
2 10	40
2 11	45
2 14	37
2 20	34
2 22	42
2 25	5
2 27	22
2 33	29
2 34	23
2 35	32
2 36	46
2 42	10
2 45	1
2 49	4
3 1	13
3 2	28
3 3	11
3 5	21
3 6	44
3 7	46
3 8	8
3 10	1
3 12	38
3 17	30
3 19	19
3 20	32
3 22	12
3 25	40
3 26	10
3 29	37
3 31	16
3 33	7
3 34	24
3 36	3
3 37	26
3 41	0
3 43	34
3 44	41
3 45	35
3 48	9
4 0	21
4 4	4
4 5	18
4 6	33
4 7	9
4 13	1
4 17	7
4 21	15
4 22	47
4 23	32
4 28	48
4 31	27
4 33	17
4 41	43
4 42	30
4 43	41
4 44	28
5 0	38
5 1	43
5 4	41
5 6	3
5 7	2
5 9	5
5 13	24
5 18	18
5 19	9
5 20	39
5 22	49
5 23	20
5 30	31
5 31	32
5 33	40
5 39	15
5 40	44
5 41	46
5 42	11
5 45	8
5 46	19
5 47	10
6 0	13
6 5	17
6 6	16
6 10	10
6 13	3
6 14	8
6 15	39
6 16	19
6 17	4
6 19	14
6 20	6
6 21	44
6 24	20
6 25	12
6 26	45
6 28	35
6 35	5
6 38	21
6 39	36
6 40	7
6 42	24
6 46	33
6 48	34
7 5	5
7 7	36
7 9	32
7 10	18
7 12	15
7 13	26
7 14	19
7 22	20
7 23	11
7 24	46
7 27	42
7 36	34
7 37	29
7 40	13
7 41	7
7 42	38
7 45	16
7 46	21
7 47	8
8 0	42
8 2	1
8 5	25
8 12	9
8 13	28
8 14	26
8 16	6
8 20	19
8 21	27
8 22	35
8 23	18
8 32	41
8 33	23
8 38	8
8 39	46
8 40	47
8 42	40
8 44	29
8 45	5
9 2	23
9 3	24
9 6	2
9 7	19
9 8	39
9 10	47
9 12	44
9 17	28
9 22	16
9 29	12
9 32	9
9 33	1
9 34	46
9 35	8
9 37	10
9 38	17
9 41	40
9 42	32
9 46	49
9 48	13
10 0	34
10 2	17
10 7	38
10 9	0
10 13	15
10 14	31
10 18	6
10 21	37
10 22	10
10 28	11
10 31	44
10 35	24
10 38	46
10 41	23
10 42	21
10 45	48
10 46	26
10 48	45
11 0	1
11 4	43
11 14	14
11 18	35
11 22	34
11 25	19
11 29	36
11 33	45
11 35	41
11 37	31
11 40	22
11 44	39
11 45	37
11 46	17
12 0	26
12 2	42
12 4	49
12 11	36
12 16	38
12 22	3
12 25	46
12 26	8
12 28	15
12 31	45
12 35	47
12 37	17
12 38	25
12 40	14
12 41	5
12 43	19
12 44	12
13 0	3
13 4	34
13 5	13
13 9	8
13 15	1
13 17	0
13 19	40
13 27	37
13 29	43
13 30	33
13 31	19
13 37	27
13 39	18
13 40	32
13 41	24
13 44	7
13 49	5
14 0	39
14 1	20
14 2	13
14 3	47
14 4	3
14 6	17
14 9	38
14 11	7
14 14	35
14 16	4
14 17	41
14 19	32
14 21	5
14 25	9
14 27	24
14 35	0
14 38	30
14 39	16
14 41	29
14 42	48
14 44	11
15 1	8
15 7	15
15 20	3
15 21	25
15 24	24
15 26	32
15 28	23
15 29	2
15 30	36
15 31	0
15 39	26
15 40	31
15 42	5
15 43	27
15 45	47
15 47	41
15 49	20
16 2	44
16 5	20
16 6	15
16 7	24
16 8	33
16 9	35
16 12	29
16 13	9
16 17	45
16 18	12
16 25	48
16 28	41
16 29	22
16 30	16
16 36	23
16 38	19
16 39	1
16 43	37
16 46	40
16 47	11
16 48	39
17 0	35
17 1	42
17 2	5
17 4	2
17 6	12
17 7	10
17 9	20
17 12	25
17 17	1
17 18	8
17 19	26
17 24	15
17 31	17
17 33	24
17 34	22
17 35	6
17 38	9
17 40	19
17 41	31
17 44	37
17 45	23
17 48	3
18 0	10
18 2	49
18 3	2
18 4	25
18 5	31
18 8	35
18 10	38
18 11	46
18 12	34
18 14	33
18 18	28
18 20	40
18 22	24
18 23	8
18 26	47
18 27	9
18 29	42
18 30	5
18 33	12
18 35	20
18 37	4
18 39	3
18 44	36
18 46	22
19 2	22
19 8	49
19 9	26
19 13	2
19 15	27
19 19	16
19 22	19
19 25	15
19 27	47
19 29	13
19 31	38
19 32	5
19 34	39
19 38	3
19 41	48
19 42	43
19 44	33
19 45	12
19 46	35
19 48	10
20 1	49
20 5	32
20 6	34
20 8	16
20 10	29
20 11	31
20 12	27
20 13	6
20 15	4
20 18	0
20 23	46
20 24	48
20 29	40
20 31	9
20 35	19
20 38	24
20 40	43
20 41	13
20 42	23
20 43	14
20 44	17
20 45	44
20 48	18
20 49	3
21 0	31
21 1	48
21 2	30
21 5	4
21 7	45
21 8	41
21 10	25
21 11	16
21 16	34
21 18	20
21 22	13
21 25	33
21 33	18
21 38	15
21 40	46
21 42	26
21 43	1
21 44	22
21 46	10
21 48	24
22 0	11
22 14	25
22 17	34
22 26	35
22 27	46
22 28	32
22 32	37
22 37	36
22 39	48
22 43	30
22 44	15
22 45	39
22 48	26
23 0	0
23 2	36
23 7	32
23 11	14
23 13	42
23 17	2
23 20	22
23 23	39
23 25	6
23 26	16
23 31	18
23 32	12
23 35	31
23 38	7
23 40	3
23 41	49
23 46	48
23 47	46
23 48	30
23 49	44
24 1	5
24 2	4
24 3	21
24 9	40
24 12	8
24 15	3
24 17	36
24 21	20
24 26	28
24 27	49
24 28	39
24 29	31
24 35	35
24 36	12
24 39	22
24 40	2
24 44	18
24 48	47
24 49	23
25 0	12
25 1	22
25 3	27
25 8	17
25 11	37
25 12	4
25 13	46
25 14	6
25 17	48
25 19	24
25 20	9
25 23	41
25 24	32
25 25	23
25 26	21
25 27	10
25 30	18
25 31	13
25 32	25
25 36	44
25 38	11
25 41	47
25 42	15
25 44	20
25 45	26
25 48	0
25 49	30
26 2	45
26 3	0
26 4	46
26 5	7
26 9	3
26 10	22
26 11	17
26 13	5
26 14	36
26 15	9
26 18	42
26 19	10
26 30	34
26 33	44
26 35	25
26 41	26
26 46	27
26 49	39
27 9	45
27 10	8
27 14	43
27 17	31
27 19	22
27 23	10
27 25	0
27 26	4
27 27	19
27 28	29
27 32	26
27 35	46
27 36	15
27 39	12
27 40	42
27 42	41
27 43	7
27 45	34
27 46	39
27 48	14
27 49	17
28 0	24
28 2	39
28 4	37
28 5	33
28 6	48
28 9	31
28 11	25
28 17	23
28 20	49
28 24	18
28 25	7
28 27	17
28 31	30
28 33	3
28 37	28
28 39	4
28 43	47
28 45	40
28 47	22
28 49	0
29 0	4
29 5	43
29 6	23
29 13	37
29 18	41
29 21	45
29 22	11
29 25	14
29 27	16
29 30	32
29 32	0
29 33	38
29 37	34
29 44	42
29 46	28
29 47	2
29 49	13
30 0	47
30 1	7
30 2	19
30 3	31
30 7	26
30 9	28
30 11	39
30 13	33
30 14	17
30 15	32
30 21	41
30 28	16
30 36	4
30 41	38
30 46	18
30 47	49
30 49	37
31 0	33
31 1	23
31 3	32
31 6	14
31 7	48
31 8	7
31 9	43
31 10	28
31 12	6
31 14	21
31 15	37
31 17	13
31 18	25
31 21	18
31 23	30
31 28	44
31 29	46
31 30	24
31 32	49
31 33	42
31 34	34
31 35	10
31 36	38
31 39	11
31 40	8
31 42	47
31 43	9
31 46	20
31 47	4
32 5	49
32 7	23
32 10	14
32 11	8
32 12	26
32 14	42
32 15	44
32 16	47
32 19	33
32 22	15
32 23	16
32 24	35
32 25	39
32 28	38
32 30	48
32 37	24
32 38	2
32 39	27
32 41	37
32 42	12
32 43	5
32 44	4
32 46	32
32 48	1
33 0	15
33 1	4
33 4	18
33 6	25
33 10	35
33 13	31
33 14	46
33 15	30
33 16	1
33 17	22
33 21	13
33 22	33
33 23	42
33 24	6
33 25	26
33 28	17
33 31	39
33 33	20
33 35	3
33 36	36
33 41	11
33 42	37
33 44	45
33 48	7
33 49	16
34 2	26
34 3	36
34 7	25
34 8	31
34 9	12
34 11	24
34 12	37
34 16	13
34 17	42
34 27	18
34 36	47
34 38	20
34 39	33
34 41	14
34 42	39
34 44	43
34 46	38
34 48	27
35 1	38
35 3	6
35 9	42
35 11	32
35 13	17
35 14	48
35 15	45
35 16	15
35 19	23
35 20	1
35 33	39
35 34	49
35 41	22
35 42	44
35 48	37
36 1	36
36 3	46
36 4	17
36 5	6
36 6	37
36 8	28
36 13	8
36 17	35
36 18	33
36 22	2
36 23	5
36 28	27
36 31	26
36 32	14
36 37	38
36 38	39
36 48	31
37 1	41
37 7	1
37 8	26
37 9	49
37 12	7
37 16	3
37 17	46
37 18	48
37 19	45
37 20	38
37 21	8
37 23	27
37 24	22
37 25	42
37 26	37
37 28	28
37 30	4
37 31	11
37 37	12
37 38	31
37 43	33
37 48	35
38 3	34
38 5	38
38 7	31
38 9	24
38 13	12
38 14	22
38 15	15
38 16	27
38 19	6
38 23	49
38 28	2
38 32	18
38 33	36
38 35	21
38 36	8
38 38	1
38 41	32
38 42	0
38 44	10
38 45	14
38 49	42
39 2	16
39 3	25
39 9	17
39 10	3
39 11	42
39 12	10
39 14	39
39 15	18
39 16	23
39 18	5
39 19	46
39 20	33
39 22	41
39 28	24
39 29	20
39 30	22
39 33	2
39 37	37
39 38	40
39 43	26
39 45	45
39 47	0
39 48	48
40 0	7
40 1	1
40 2	33
40 3	41
40 4	19
40 12	17
40 13	4
40 16	0
40 20	15
40 29	34
40 31	36
40 32	32
40 34	45
40 36	42
40 37	5
40 41	16
40 42	22
40 43	39
40 45	46
40 48	28
41 0	18
41 5	29
41 7	6
41 8	23
41 17	11
41 19	17
41 25	36
41 26	25
41 29	41
41 30	2
41 32	1
41 33	15
41 34	38
41 37	3
41 39	5
41 42	7
41 43	20
41 45	19
41 49	8
42 0	37
42 3	28
42 4	16
42 6	36
42 7	4
42 9	9
42 12	31
42 14	12
42 17	15
42 19	25
42 20	10
42 21	7
42 22	46
42 26	20
42 33	47
42 37	13
42 41	41
42 43	6
42 44	1
43 0	6
43 2	37
43 5	47
43 6	11
43 7	0
43 8	18
43 9	39
43 10	20
43 13	38
43 14	7
43 20	46
43 23	13
43 24	43
43 25	27
43 27	21
43 31	4
43 32	40
43 36	2
43 39	42
43 40	35
43 41	3
43 43	24
43 48	32
43 49	25
44 6	32
44 7	42
44 14	40
44 21	33
44 23	19
44 30	21
44 31	1
44 32	2
44 36	9
44 43	31
44 46	34
44 49	22
45 5	19
45 8	46
45 10	42
45 12	45
45 16	44
45 17	18
45 21	6
45 24	7
45 25	25
45 26	5
45 28	3
45 29	32
45 31	49
45 34	47
45 35	27
45 36	17
45 38	41
45 39	0
45 44	16
45 45	11
45 47	14
45 48	36
45 49	24
46 4	32
46 13	35
46 17	14
46 20	5
46 21	16
46 23	48
46 26	42
46 31	46
46 36	49
46 38	27
46 39	28
46 40	4
46 41	19
46 42	45
46 44	34
46 45	0
46 47	20
47 0	46
47 1	3
47 2	29
47 7	7
47 8	5
47 9	23
47 12	24
47 13	16
47 14	47
47 16	43
47 18	15
47 21	9
47 28	26
47 32	11
47 33	4
47 35	49
47 38	6
47 42	8
47 43	18
47 47	40
47 48	44
48 1	46
48 4	47
48 6	31
48 8	0
48 11	33
48 13	49
48 14	16
48 15	8
48 17	19
48 21	2
48 22	18
48 25	1
48 28	45
48 29	17
48 31	10
48 33	25
48 34	43
48 36	41
48 37	42
48 39	6
48 40	9
48 45	21
48 46	44
48 48	12
48 49	7
49 2	32
49 7	41
49 8	4
49 9	16
49 13	21
49 15	22
49 21	3
49 23	9
49 25	10
49 27	8
49 30	0
49 32	19
49 33	5
49 37	25
49 41	44
49 42	46
49 45	33
