50
0 1	19
0 5	39
0 10	27
0 11	3
0 13	45
0 14	33
0 15	35
0 16	9
0 20	25
0 23	38
0 27	2
0 30	37
0 31	7
0 32	15
0 41	0
0 44	8
0 45	20
0 49	31
1 2	26
1 5	40
1 6	47
1 8	4
1 10	36
1 12	28
1 17	44
1 18	33
1 20	7
1 22	48
1 26	23
1 27	19
1 29	25
1 35	6
1 41	21
1 43	9
1 46	18
1 47	43
1 48	46
2 1	43
2 2	34
2 3	9
2 4	4
2 8	8
2 11	18
2 20	15
2 24	31
2 27	17
2 31	37
2 35	38
2 36	41
2 39	25
2 40	2
2 41	7
2 42	27
2 43	1
2 44	12
3 0	29
3 5	28
3 6	49
3 8	21
3 9	48
3 12	7
3 17	18
3 19	22
3 20	31
3 22	40
3 31	0
3 36	34
3 37	9
3 40	4
3 43	16
3 46	47
3 48	38
3 49	26
4 0	0
4 1	17
4 8	1
4 16	48
4 19	30
4 21	42
4 25	10
4 26	34
4 44	45
4 47	13
4 49	28
5 1	44
5 5	48
5 7	31
5 9	40
5 11	46
5 14	39
5 18	47
5 23	22
5 26	7
5 27	8
5 28	49
5 30	12
5 36	26
5 37	15
5 39	9
5 40	42
5 42	19
5 43	11
5 44	30
6 3	12
6 4	14
6 9	7
6 14	0
6 16	4
6 20	27
6 23	18
6 24	48
6 27	42
6 36	1
6 37	26
6 38	2
6 39	5
6 44	38
6 48	44
7 1	22
7 3	29
7 5	47
7 8	30
7 9	20
7 10	3
7 11	10
7 18	46
7 22	6
7 31	28
7 33	24
7 39	31
7 41	33
7 46	40
7 47	39
8 0	23
8 9	26
8 14	32
8 17	46
8 19	20
8 20	12
8 26	44
8 29	1
8 32	16
8 39	13
8 45	24
8 47	10
9 0	46
9 2	29
9 4	22
9 6	42
9 7	36
9 8	40
9 14	45
9 16	27
9 24	17
9 26	18
9 34	16
9 35	49
9 44	47
9 46	14
9 48	19
9 49	7
10 0	13
10 1	2
10 4	46
10 5	9
10 7	21
10 8	20
10 13	39
10 15	40
10 16	38
10 18	37
10 25	44
10 27	32
10 29	11
10 31	43
10 38	14
10 44	49
10 47	22
10 49	33
11 4	2
11 5	10
11 6	25
11 13	37
11 17	41
11 20	39
11 25	46
11 29	44
11 31	9
11 38	34
12 5	42
12 8	35
12 9	31
12 10	12
12 17	4
12 19	23
12 30	17
12 32	44
12 33	33
12 38	21
13 0	35
13 1	5
13 2	8
13 5	4
13 11	36
13 12	34
13 13	18
13 15	46
13 16	31
13 24	44
13 27	28
13 31	39
13 39	6
13 41	47
13 45	37
14 2	36
14 3	28
14 4	8
14 5	1
14 6	39
14 8	38
14 10	18
14 18	17
14 20	24
14 21	31
14 27	6
14 38	7
14 46	16
14 48	27
15 3	4
15 4	15
15 9	9
15 11	6
15 15	18
15 17	0
15 20	20
15 24	27
15 25	21
15 28	32
15 29	34
15 31	47
15 34	43
15 38	19
15 39	30
15 43	10
15 44	28
15 48	22
16 5	6
16 11	30
16 12	35
16 13	14
16 15	29
16 16	8
16 23	9
16 28	10
16 30	26
16 32	21
16 38	38
16 41	39
16 43	28
16 44	25
17 2	41
17 4	11
17 8	5
17 10	22
17 14	6
17 20	16
17 30	33
17 32	14
17 33	9
17 36	49
17 42	20
17 47	40
18 1	8
18 10	21
18 13	41
18 14	23
18 15	25
18 17	9
18 23	28
18 32	20
18 35	19
18 37	10
18 39	43
18 41	4
18 44	32
18 47	45
19 0	2
19 9	39
19 10	1
19 13	12
19 14	38
19 15	10
19 17	8
19 20	29
19 22	20
19 24	4
19 28	42
19 29	22
19 32	46
19 33	28
19 37	7
19 38	18
19 40	45
19 47	25
19 48	13
19 49	17
20 4	26
20 7	42
20 18	23
20 19	9
20 20	21
20 21	15
20 26	28
20 28	11
20 34	39
20 38	8
20 39	29
20 40	36
20 44	46
20 47	2
20 48	1
20 49	20
21 0	21
21 3	18
21 5	0
21 9	44
21 11	8
21 13	26
21 14	24
21 18	15
21 19	47
21 23	23
21 24	20
21 26	10
21 30	48
21 36	17
21 39	49
21 43	41
21 44	14
21 46	22
22 0	9
22 1	35
22 3	25
22 4	48
22 7	22
22 12	30
22 15	34
22 17	15
22 22	37
22 25	4
22 27	20
22 29	32
22 30	21
22 40	44
22 49	49
23 0	5
23 2	7
23 6	16
23 11	41
23 12	0
23 15	13
23 19	43
23 23	31
23 26	3
23 30	30
23 32	19
23 33	48
23 36	33
23 45	25
23 46	42
24 0	41
24 7	24
24 15	11
24 16	47
24 18	5
24 23	27
24 26	13
24 31	15
24 32	2
24 33	23
24 42	6
24 43	0
24 47	20
24 48	14
24 49	38
25 0	42
25 5	34
25 9	23
25 19	6
25 20	9
25 21	46
25 22	22
25 30	38
25 35	1
25 36	8
25 38	35
25 41	10
26 5	31
26 6	21
26 8	26
26 12	3
26 13	9
26 16	11
26 17	49
26 18	4
26 25	28
26 32	27
26 34	12
26 39	23
26 42	42
26 43	35
26 44	20
27 1	21
27 3	45
27 8	49
27 9	14
27 10	19
27 11	35
27 19	36
27 20	1
27 21	16
27 22	2
27 28	46
27 34	29
27 35	31
27 41	48
27 42	10
27 48	33
28 1	34
28 7	25
28 9	0
28 11	32
28 12	40
28 14	9
28 23	4
28 27	31
28 28	24
28 30	5
28 31	44
28 33	41
28 34	15
28 36	38
28 37	8
28 39	14
28 43	48
28 44	2
28 47	27
28 49	36
29 6	15
29 9	1
29 11	28
29 12	31
29 15	45
29 17	38
29 19	13
29 22	11
29 28	0
29 29	23
29 31	40
29 32	10
29 37	12
29 39	34
29 42	3
29 44	41
29 46	21
29 47	33
29 49	44
30 0	3
30 2	32
30 12	39
30 15	26
30 17	20
30 20	42
30 28	2
30 31	11
30 34	31
30 35	30
30 37	37
30 40	23
30 42	47
30 43	36
30 48	8
31 2	17
31 7	30
31 8	15
31 10	34
31 12	1
31 13	3
31 23	25
31 25	5
31 27	27
31 30	19
31 36	11
31 37	4
31 40	28
31 41	8
31 45	41
32 1	31
32 6	14
32 9	33
32 16	36
32 18	35
32 19	1
32 20	44
32 21	17
32 26	27
32 29	12
32 35	42
32 43	21
32 45	4
33 0	4
33 1	11
33 2	25
33 6	31
33 11	23
33 13	21
33 15	43
33 16	1
33 20	0
33 23	8
33 34	2
33 36	30
33 38	5
33 40	13
33 44	18
33 45	17
34 1	6
34 8	34
34 10	30
34 19	26
34 22	46
34 23	1
34 24	21
34 25	19
34 33	29
34 44	22
34 45	48
34 47	4
34 49	10
35 3	40
35 5	19
35 20	46
35 23	47
35 27	11
35 34	33
35 36	4
35 46	44
36 0	31
36 1	39
36 2	33
36 3	14
36 4	29
36 6	45
36 11	0
36 12	27
36 13	10
36 14	1
36 16	22
36 19	4
36 27	49
36 32	40
36 35	43
36 36	36
36 42	46
36 45	23
37 2	44
37 4	47
37 8	7
37 9	19
37 12	24
37 13	35
37 16	46
37 22	1
37 25	9
37 29	8
37 30	6
37 35	37
37 41	49
37 48	15
38 1	3
38 4	39
38 5	38
38 12	32
38 13	13
38 17	23
38 20	28
38 23	46
38 25	48
38 29	16
38 32	26
38 38	17
38 42	31
38 43	49
38 44	5
38 46	33
38 47	41
38 48	25
39 0	39
39 7	48
39 15	24
39 18	19
39 19	8
39 22	35
39 23	26
39 26	16
39 30	27
39 32	6
39 37	33
39 42	49
39 47	12
39 48	36
40 1	26
40 3	30
40 5	16
40 6	17
40 7	10
40 9	15
40 12	25
40 23	5
40 25	8
40 29	0
40 30	11
40 38	36
40 40	27
40 41	18
40 43	4
40 44	40
40 45	46
40 46	35
40 48	21
41 0	16
41 3	43
41 6	12
41 14	4
41 17	6
41 19	2
41 20	49
41 23	44
41 45	27
41 48	17
42 2	40
42 8	6
42 9	45
42 12	37
42 15	8
42 25	18
42 26	29
42 28	1
42 31	16
42 43	24
42 44	11
42 45	2
42 47	23
43 6	11
43 9	37
43 15	47
43 16	41
43 19	14
43 21	33
43 25	39
43 28	18
43 29	45
43 30	49
43 36	21
43 41	1
43 46	8
43 48	31
43 49	30
44 10	5
44 11	44
44 14	30
44 15	7
44 17	21
44 19	33
44 20	10
44 30	8
44 31	35
44 33	6
44 39	12
44 41	19
44 43	25
44 46	17
45 1	28
45 3	6
45 6	38
45 10	24
45 17	2
45 19	25
45 27	43
45 30	16
45 34	36
45 40	7
45 44	21
45 46	39
45 47	11
46 8	41
46 12	2
46 17	12
46 29	6
46 33	1
46 34	3
46 38	40
46 40	19
46 43	32
46 45	30
46 46	43
46 47	16
47 3	7
47 5	43
47 10	45
47 12	16
47 15	3
47 16	18
47 17	11
47 22	0
47 23	42
47 25	25
47 26	26
47 29	31
47 32	49
47 36	20
47 48	32
48 6	2
48 9	24
48 10	6
48 21	28
48 25	43
48 27	25
48 32	30
48 34	37
48 40	5
48 42	21
48 45	44
48 47	19
49 1	18
49 3	38
49 7	0
49 11	15
49 12	20
49 13	6
49 14	43
49 16	13
49 17	24
49 23	49
49 24	42
49 26	30
49 28	31
49 34	19
49 40	35
49 46	25
