50
0 1	4
0 3	32
0 4	40
0 5	2
0 6	0
0 7	30
0 8	44
0 10	11
0 11	38
0 12	10
0 14	34
0 15	31
0 16	33
0 17	3
0 18	47
0 20	39
0 21	43
0 23	15
0 24	24
0 28	49
0 29	28
0 30	46
0 31	22
0 32	17
0 34	19
0 36	16
0 37	25
0 38	7
0 39	48
0 40	13
0 41	21
0 42	18
0 44	37
0 45	8
0 47	45
0 48	42
0 49	23
1 2	12
1 3	48
1 4	13
1 5	28
1 6	25
1 9	19
1 10	45
1 13	35
1 15	24
1 16	18
1 17	20
1 19	1
1 20	29
1 21	23
1 22	5
1 23	36
1 25	21
1 26	31
1 27	49
1 28	33
1 29	6
1 30	47
1 31	10
1 32	27
1 33	30
1 35	42
1 36	7
1 37	32
1 38	22
1 39	16
1 40	14
1 42	37
1 43	4
1 44	15
1 45	34
1 46	11
1 47	43
1 48	17
1 49	38
2 0	7
2 1	6
2 2	33
2 3	17
2 4	46
2 6	24
2 8	36
2 9	44
2 10	8
2 11	42
2 12	14
2 13	23
2 14	45
2 17	39
2 18	10
2 19	49
2 20	21
2 21	48
2 22	9
2 23	41
2 24	19
2 25	16
2 26	4
2 27	11
2 28	5
2 31	2
2 34	25
2 35	26
2 36	15
2 37	3
2 40	32
2 42	31
2 43	22
2 44	38
2 45	35
2 46	40
2 47	18
2 48	29
2 49	1
3 0	5
3 1	14
3 2	43
3 4	36
3 5	20
3 6	39
3 7	17
3 9	8
3 10	28
3 12	0
3 14	22
3 15	15
3 16	44
3 17	31
3 18	40
3 21	37
3 22	1
3 25	34
3 26	27
3 27	47
3 28	2
3 29	18
3 30	32
3 33	4
3 36	45
3 37	38
3 38	23
3 39	41
3 40	48
3 41	9
3 42	3
3 43	42
3 44	19
3 46	49
3 48	24
3 49	6
4 0	17
4 1	20
4 2	11
4 3	14
4 4	25
4 5	29
4 6	19
4 7	10
4 8	22
4 9	40
4 10	26
4 11	4
4 12	43
4 13	7
4 15	36
4 19	48
4 21	42
4 22	37
4 23	8
4 24	9
4 25	18
4 26	38
4 27	34
4 28	39
4 29	33
4 30	45
4 31	30
4 33	31
4 34	21
4 35	32
4 36	3
4 37	5
4 38	46
4 39	47
4 41	23
4 42	1
4 43	2
4 44	13
4 46	35
4 47	49
4 49	15
5 2	48
5 3	26
5 4	41
5 6	18
5 7	37
5 8	13
5 9	31
5 10	19
5 11	45
5 12	38
5 14	27
5 15	14
5 16	29
5 17	12
5 19	47
5 20	35
5 21	11
5 22	40
5 23	34
5 24	6
5 25	24
5 26	16
5 27	32
5 29	43
5 30	39
5 31	3
5 33	28
5 36	4
5 37	49
5 38	10
5 41	8
5 43	17
5 44	21
5 46	22
5 49	44
6 0	47
6 3	9
6 4	30
6 5	32
6 7	24
6 8	7
6 9	25
6 11	33
6 12	46
6 13	10
6 16	0
6 17	40
6 18	42
6 19	20
6 22	48
6 23	28
6 25	39
6 26	21
6 27	15
6 29	38
6 30	35
6 31	44
6 32	45
6 34	12
6 37	41
6 38	37
6 40	49
6 42	34
6 43	23
6 44	11
6 46	8
6 47	6
6 49	27
7 0	39
7 1	22
7 2	25
7 3	41
7 4	23
7 5	45
7 6	32
7 7	35
7 8	6
7 9	30
7 10	48
7 11	29
7 14	24
7 15	28
7 16	12
7 18	17
7 19	42
7 20	2
7 21	21
7 22	3
7 23	9
7 25	49
7 26	14
7 28	15
7 29	1
7 30	27
7 31	40
7 32	8
7 33	16
7 34	11
7 35	5
7 36	46
7 37	43
7 39	38
7 40	31
7 42	44
7 43	19
7 44	10
7 45	47
7 46	0
7 47	34
7 48	37
7 49	18
8 0	14
8 1	35
8 2	37
8 4	12
8 5	15
8 6	29
8 7	34
8 8	45
8 10	21
8 11	27
8 12	39
8 13	13
8 14	5
8 16	19
8 17	48
8 18	31
8 19	40
8 20	22
8 21	25
8 22	47
8 23	38
8 25	7
8 26	18
8 27	44
8 28	46
8 29	24
8 30	6
8 31	49
8 32	11
8 33	23
8 34	16
8 36	43
8 38	42
8 39	17
8 40	9
8 41	3
8 42	30
8 43	41
8 45	2
8 46	20
8 47	32
8 48	36
8 49	10
9 0	1
9 1	15
9 2	6
9 4	18
9 6	12
9 7	26
9 8	31
9 10	41
9 11	22
9 12	40
9 13	38
9 15	30
9 16	3
9 18	44
9 19	17
9 20	4
9 21	32
9 22	16
9 23	33
9 26	24
9 27	8
9 28	21
9 29	7
9 30	11
9 31	43
9 34	34
9 36	49
9 37	29
9 38	47
9 39	5
9 40	0
9 43	25
9 45	13
9 46	14
9 47	42
9 49	36
10 0	11
10 1	10
10 2	17
10 3	13
10 4	9
10 6	2
10 8	41
10 9	43
10 10	42
10 12	23
10 13	31
10 14	16
10 16	46
10 18	34
10 19	15
10 20	45
10 22	30
10 23	6
10 25	36
10 26	33
10 27	29
10 28	38
10 29	8
10 31	12
10 32	37
10 33	19
10 34	22
10 36	5
10 37	24
10 38	40
10 39	1
10 42	48
10 43	3
10 44	32
10 45	39
10 47	28
10 48	21
10 49	47
11 0	0
11 1	26
11 2	9
11 3	39
11 4	38
11 5	40
11 6	16
11 8	33
11 9	41
11 12	22
11 14	42
11 15	29
11 16	20
11 17	25
11 18	21
11 19	44
11 20	11
11 21	31
11 22	4
11 23	46
11 24	36
11 27	37
11 28	3
11 29	12
11 30	8
11 31	6
11 32	23
11 33	14
11 34	17
11 35	35
11 36	10
11 37	18
11 39	15
11 40	5
11 42	28
11 43	34
11 44	30
11 45	48
11 46	27
11 47	13
11 48	45
11 49	49
12 1	29
12 2	3
12 3	23
12 4	10
12 5	18
12 6	44
12 8	19
12 9	38
12 11	37
12 12	41
12 13	6
12 14	21
12 15	39
12 16	34
12 17	8
12 18	32
12 19	4
12 20	5
12 21	13
12 24	47
12 26	49
12 27	45
12 28	14
12 29	25
12 30	33
12 31	48
12 32	26
12 33	22
12 34	42
12 35	46
12 36	28
12 37	35
12 38	31
12 40	11
12 41	24
12 42	9
12 43	1
12 44	43
12 45	40
12 46	15
12 47	36
12 48	12
13 0	43
13 1	2
13 2	19
13 3	20
13 4	47
13 6	28
13 7	39
13 8	18
13 9	32
13 11	23
13 12	25
13 14	6
13 15	34
13 18	12
13 19	35
13 20	24
13 21	4
13 22	42
13 23	7
13 24	37
13 25	45
13 26	26
13 29	40
13 30	15
13 31	41
13 32	44
13 34	38
13 35	49
13 36	36
13 37	16
13 38	1
13 39	14
13 40	27
13 41	46
13 42	17
13 43	33
13 44	3
13 45	10
13 46	48
13 47	31
13 48	0
13 49	11
14 0	4
14 1	48
14 2	38
14 3	46
14 4	29
14 5	8
14 7	40
14 8	30
14 10	6
14 12	36
14 13	44
14 14	26
14 15	12
14 16	16
14 18	18
14 19	7
14 20	9
14 21	20
14 23	42
14 24	23
14 25	31
14 27	22
14 28	10
14 29	35
14 30	37
14 31	21
14 32	43
14 33	34
14 34	24
14 35	33
14 36	11
14 37	15
14 38	14
14 39	3
14 40	45
14 42	25
14 43	27
14 44	41
14 45	28
14 47	39
14 48	49
15 0	22
15 3	0
15 4	44
15 5	3
15 6	47
15 7	5
15 9	33
15 10	34
15 12	15
15 13	20
15 14	4
15 16	42
15 17	41
15 18	19
15 19	2
15 20	49
15 21	46
15 22	39
15 23	26
15 24	45
15 25	6
15 26	11
15 27	9
15 29	29
15 30	31
15 31	16
15 32	1
15 33	7
15 34	18
15 35	21
15 36	8
15 37	30
15 38	36
15 39	23
15 40	38
15 41	37
15 42	12
15 43	48
15 44	17
15 45	25
15 48	13
15 49	40
16 1	31
16 2	8
16 4	26
16 6	9
16 7	3
16 8	38
16 9	16
16 10	33
16 11	1
16 12	4
16 13	45
16 14	47
16 15	10
16 16	43
16 20	13
16 21	29
16 22	6
16 23	19
16 24	46
16 25	22
16 26	7
16 27	40
16 29	39
16 31	35
16 32	15
16 34	27
16 35	23
16 36	30
16 37	2
16 38	28
16 39	20
16 40	12
16 41	41
16 42	11
16 45	37
16 46	42
16 47	17
16 48	32
17 0	32
17 2	22
17 3	43
17 5	47
17 6	13
17 7	27
17 8	35
17 9	18
17 10	31
17 11	28
17 13	21
17 14	19
17 15	49
17 16	45
17 17	10
17 18	15
17 19	24
17 21	30
17 22	46
17 23	1
17 25	4
17 26	2
17 27	5
17 28	36
17 29	41
17 30	14
17 32	42
17 33	12
17 35	39
17 36	0
17 37	26
17 38	9
17 39	11
17 40	17
17 41	38
17 42	40
17 43	7
17 44	34
17 45	6
17 46	44
17 47	23
18 0	24
18 1	17
18 2	45
18 3	4
18 4	7
18 5	38
18 6	42
18 7	12
18 8	47
18 9	37
18 10	18
18 11	16
18 12	44
18 13	3
18 14	14
18 16	36
18 17	11
18 18	49
18 19	28
18 21	22
18 23	25
18 24	15
18 25	13
18 26	46
18 27	19
18 28	9
18 31	20
18 32	35
18 33	27
18 34	1
18 35	6
18 36	31
18 37	34
18 38	33
18 39	29
18 40	23
18 41	10
18 43	5
18 44	8
18 45	30
18 46	39
18 48	2
18 49	43
19 0	13
19 3	27
19 4	33
19 5	4
19 6	26
19 7	45
19 8	40
19 9	5
19 10	37
19 12	3
19 13	46
19 14	30
19 15	25
19 16	2
19 18	9
19 19	8
19 20	10
19 21	38
19 22	18
19 25	15
19 26	41
19 30	0
19 31	1
19 34	31
19 35	47
19 37	17
19 38	19
19 40	43
19 41	28
19 42	14
19 43	29
19 45	49
19 47	35
19 49	21
20 0	29
20 1	43
20 3	2
20 5	27
20 6	31
20 7	28
20 8	3
20 9	36
20 10	24
20 11	25
20 13	32
20 14	41
20 15	1
20 17	4
20 19	23
20 20	20
20 21	15
20 23	17
20 24	21
20 25	47
20 26	34
20 28	12
20 29	14
20 30	30
20 31	42
20 32	5
20 33	37
20 34	10
20 35	48
20 36	33
20 37	45
20 38	39
20 41	26
20 42	13
20 43	11
20 44	46
20 45	9
20 48	8
20 49	19
21 0	30
21 1	41
21 4	43
21 5	9
21 8	15
21 9	7
21 11	47
21 13	22
21 14	32
21 16	21
21 17	18
21 19	3
21 20	36
21 21	8
21 22	11
21 23	39
21 26	28
21 27	20
21 29	2
21 30	1
21 32	4
21 33	49
21 34	14
21 35	45
21 36	34
21 37	46
21 39	31
21 40	19
21 41	6
21 42	23
21 43	10
21 45	26
21 46	12
21 47	48
21 48	16
21 49	37
22 1	40
22 2	2
22 3	31
22 4	37
22 5	34
22 6	15
22 11	11
22 14	8
22 15	18
22 16	10
22 18	35
22 20	47
22 21	16
22 22	20
22 23	12
22 26	13
22 27	3
22 29	17
22 30	41
22 31	33
22 32	22
22 33	45
22 34	29
22 35	24
22 36	38
22 37	44
22 38	26
22 39	42
22 40	25
22 41	7
22 42	36
22 43	49
22 45	27
22 46	23
22 47	19
22 49	39
23 1	23
23 2	27
23 3	6
23 4	28
23 5	26
23 6	40
23 7	25
23 9	10
23 10	39
23 11	17
23 12	8
23 13	18
23 15	5
23 16	4
23 20	44
23 21	2
23 22	49
23 23	30
23 24	12
23 26	22
23 27	42
23 28	13
23 29	19
23 30	36
23 31	38
23 32	16
23 34	47
23 35	14
23 37	21
23 38	48
23 39	45
23 40	1
23 41	33
23 43	0
23 44	20
23 45	46
23 46	43
23 48	41
23 49	9
24 0	41
24 1	12
24 2	42
24 3	5
24 4	8
24 5	11
24 6	21
24 7	33
24 8	49
24 9	17
24 10	30
24 11	46
24 12	48
24 13	14
24 14	35
24 15	19
24 18	38
24 19	37
24 20	31
24 22	25
24 23	32
24 24	27
24 25	9
24 26	43
24 27	7
24 28	16
24 29	0
24 30	2
24 31	36
24 32	3
24 33	39
24 34	15
24 35	29
24 36	1
24 38	44
24 39	26
24 41	45
24 42	47
24 44	4
24 45	18
24 46	28
24 48	23
25 0	6
25 1	34
25 3	12
25 4	0
25 5	36
25 7	46
25 8	9
25 9	4
25 10	49
25 11	44
25 12	45
25 13	40
25 14	25
25 15	41
25 17	32
25 18	26
25 19	43
25 20	38
25 21	19
25 23	16
25 24	14
25 25	37
25 28	18
25 29	48
25 30	22
25 31	27
25 32	30
25 33	3
25 34	23
25 35	8
25 36	35
25 37	42
25 38	11
25 39	33
25 40	10
25 43	39
25 45	1
25 46	47
25 47	5
25 48	28
25 49	31
26 0	8
26 1	19
26 2	39
26 3	45
26 4	49
26 5	16
26 6	23
26 7	7
26 8	24
26 9	13
26 12	21
26 15	9
26 16	32
26 17	6
26 18	14
26 19	22
26 20	0
26 22	43
26 23	18
26 24	3
26 26	37
26 27	28
26 28	47
26 30	40
26 31	4
26 32	33
26 33	10
26 35	34
26 36	41
26 37	11
26 38	17
26 39	27
26 40	35
26 42	42
26 43	36
26 44	25
26 45	29
26 46	31
26 47	38
26 48	20
26 49	48
27 0	33
27 1	11
27 3	19
27 4	24
27 5	39
27 6	8
27 7	23
27 8	42
27 9	49
27 10	47
27 11	12
27 12	32
27 13	27
27 14	40
27 16	48
27 17	30
27 18	45
27 19	10
27 20	28
27 21	34
27 22	22
27 23	21
27 24	7
27 25	20
27 26	9
27 27	1
27 31	14
27 32	6
27 33	36
27 34	5
27 35	44
27 37	37
27 38	0
27 40	18
27 41	17
27 42	16
27 43	43
27 44	35
27 45	31
27 46	2
27 47	4
27 49	41
28 1	38
28 3	24
28 4	1
28 5	25
28 7	11
28 8	48
28 9	26
28 10	32
28 11	31
28 12	19
28 13	39
28 17	34
28 18	30
28 19	12
28 20	46
28 21	49
28 24	16
28 25	14
28 26	17
28 27	36
28 29	37
28 30	42
28 31	15
28 32	29
28 34	9
28 35	7
28 36	20
28 37	28
28 39	10
28 40	6
28 41	18
28 42	33
28 43	47
28 44	5
28 45	21
28 46	45
28 48	4
28 49	0
29 3	42
29 4	21
29 5	10
29 7	6
29 8	17
29 9	34
29 11	19
29 12	11
29 15	46
29 19	30
29 20	15
29 21	12
29 22	8
29 23	37
29 24	22
29 25	25
29 27	35
29 30	24
29 31	13
29 32	14
29 33	38
29 34	36
29 35	31
29 36	18
29 37	20
29 38	49
29 39	2
29 40	41
29 41	1
29 42	4
29 43	26
29 44	33
29 45	0
29 46	16
29 47	44
29 49	7
30 0	10
30 1	28
30 2	34
30 3	22
30 4	17
30 5	46
30 6	27
30 7	48
30 9	3
30 10	38
30 11	15
30 12	6
30 13	30
30 14	0
30 15	23
30 16	49
30 17	33
30 18	41
30 19	45
30 20	37
30 22	36
30 23	31
30 25	42
30 26	39
30 27	21
30 28	1
30 29	20
30 30	44
30 31	9
30 32	2
30 34	43
30 35	19
30 36	32
30 37	8
30 38	5
30 39	35
30 41	13
30 42	24
30 43	40
30 46	25
30 47	7
30 48	26
30 49	12
31 0	16
31 1	18
31 2	31
31 3	40
31 4	22
31 6	49
31 7	2
31 8	10
31 9	9
31 10	12
31 11	30
31 12	29
31 13	34
31 15	47
31 16	41
31 17	37
31 18	27
31 19	21
31 20	17
31 21	39
31 22	15
31 23	35
31 25	1
31 26	0
31 28	7
31 29	32
31 30	23
31 31	5
31 32	38
31 33	13
31 34	8
31 35	25
31 36	24
31 37	6
31 38	20
31 39	36
31 40	42
31 42	46
31 43	14
31 44	45
31 45	19
31 46	33
31 47	3
31 48	43
31 49	26
32 1	24
32 2	32
32 3	29
32 4	42
32 5	49
32 6	22
32 7	43
32 8	4
32 10	14
32 11	0
32 12	27
32 13	48
32 14	33
32 15	38
32 17	35
32 18	13
32 20	23
32 21	1
32 22	12
32 23	10
32 24	5
32 26	8
32 27	2
32 28	37
32 29	11
32 30	3
32 31	46
32 32	31
32 33	6
32 34	45
32 35	40
32 36	9
32 37	39
32 38	15
32 40	16
32 41	20
32 42	41
32 43	44
32 44	47
32 45	7
32 49	25
33 0	21
33 2	0
33 3	15
33 4	19
33 5	31
33 7	32
33 8	26
33 9	24
33 11	49
33 12	37
33 13	33
33 14	38
33 15	2
33 17	14
33 19	13
33 20	1
33 22	27
33 23	5
33 24	25
33 25	41
33 26	30
33 27	16
33 30	9
33 31	18
33 32	28
33 33	46
33 34	4
33 35	11
33 37	10
33 39	8
33 40	22
33 42	20
33 43	35
33 44	29
33 45	45
33 46	3
33 47	40
33 48	44
33 49	42
34 0	31
34 2	46
34 3	3
34 5	21
34 6	1
34 7	29
34 9	35
34 11	8
34 12	34
34 14	18
34 15	11
34 16	30
34 17	2
34 18	7
34 19	39
34 20	27
34 22	28
34 25	12
34 26	47
34 27	48
34 28	42
34 29	9
34 30	17
34 31	24
34 33	33
34 34	41
34 35	4
34 36	22
34 38	6
34 40	15
34 41	14
34 43	16
34 44	36
34 45	44
34 47	20
34 48	38
34 49	13
35 1	30
35 2	10
35 3	7
35 5	6
35 7	9
35 8	20
35 10	0
35 11	39
35 12	33
35 13	15
35 14	36
35 15	3
35 16	8
35 17	28
35 19	38
35 20	16
35 21	5
35 22	44
35 23	43
35 25	40
35 26	23
35 28	29
35 31	45
35 32	13
35 33	21
35 34	26
35 35	18
35 36	47
35 37	1
35 38	41
35 39	32
35 40	24
35 42	19
35 43	46
35 45	22
35 46	34
35 47	25
35 48	35
35 49	14
36 0	23
36 1	49
36 2	15
36 3	47
36 4	48
36 5	35
36 6	38
36 7	14
36 8	1
36 9	12
36 10	3
36 11	43
36 12	30
36 13	11
36 14	20
36 16	28
36 17	29
36 18	2
36 19	34
36 20	26
36 21	9
36 22	10
36 24	13
36 25	33
36 27	6
36 28	31
36 29	42
36 30	5
36 31	8
36 33	25
36 34	39
36 36	37
36 38	45
36 39	40
36 40	46
36 41	44
36 42	27
36 43	32
36 44	22
36 45	24
36 46	18
36 47	21
36 48	19
36 49	16
37 0	9
37 1	46
37 2	24
37 3	38
37 4	5
37 5	0
37 6	30
37 7	42
37 8	34
37 9	15
37 10	16
37 11	41
37 12	2
37 13	26
37 14	39
37 15	48
37 16	37
37 17	27
37 19	31
37 20	33
37 22	35
37 23	3
37 24	28
37 26	6
37 27	25
37 28	19
37 29	44
37 31	47
37 32	49
37 33	40
37 34	20
37 35	10
37 36	13
37 38	4
37 39	12
37 40	29
37 41	22
37 42	43
37 43	8
37 46	7
37 47	1
38 1	7
38 2	16
38 3	21
38 4	20
38 5	41
38 6	14
38 7	31
38 8	11
38 9	45
38 10	36
38 11	32
38 14	15
38 15	26
38 16	9
38 17	19
38 18	8
38 20	34
38 21	40
38 22	38
38 23	22
38 24	30
38 25	46
38 27	24
38 28	4
38 32	48
38 33	2
38 34	28
38 35	12
38 37	23
38 39	43
38 40	39
38 41	42
38 42	6
38 43	13
38 44	27
38 45	5
38 46	37
38 47	47
38 48	3
39 2	20
39 3	1
39 4	3
39 5	37
39 6	46
39 7	18
39 8	16
39 9	42
39 10	5
39 11	6
39 13	2
39 14	12
39 15	21
39 16	14
39 17	9
39 18	22
39 19	26
39 20	25
39 21	28
39 22	34
39 23	0
39 24	4
39 25	23
39 26	40
39 27	41
39 28	17
39 29	45
39 30	49
39 33	43
39 34	44
39 35	13
39 36	19
39 37	36
39 38	30
39 39	39
39 40	7
39 41	31
39 42	10
39 43	24
39 44	48
39 45	15
39 47	11
39 48	27
39 49	8
40 0	27
40 1	42
40 3	10
40 4	11
40 5	19
40 6	4
40 7	13
40 8	8
40 9	2
40 10	20
40 12	12
40 13	41
40 14	29
40 15	16
40 16	17
40 17	38
40 18	0
40 20	6
40 21	24
40 22	23
40 23	14
40 24	32
40 25	28
40 26	25
40 28	40
40 29	15
40 30	43
40 32	36
40 33	26
40 34	3
40 36	48
40 38	21
40 39	7
40 40	44
40 42	35
40 43	45
40 44	39
40 45	33
40 46	1
40 47	9
40 49	46
41 1	5
41 2	1
41 3	34
41 4	31
41 5	7
41 8	21
41 9	39
41 10	46
41 12	47
41 13	36
41 14	3
41 15	42
41 16	24
41 18	37
41 19	16
41 21	14
41 23	40
41 24	29
41 25	43
41 26	48
41 27	12
41 28	27
41 29	13
41 30	19
41 31	11
41 33	17
41 34	33
41 35	38
41 36	23
41 37	9
41 38	8
41 39	0
41 40	2
41 41	35
41 42	49
41 43	15
41 44	44
41 45	20
41 46	41
41 47	26
41 49	32
42 0	19
42 1	47
42 3	18
42 4	34
42 5	42
42 6	3
42 7	36
42 8	27
42 9	11
42 10	44
42 11	14
42 13	25
42 14	1
42 17	17
42 18	33
42 19	41
42 20	8
42 21	35
42 22	31
42 23	29
42 24	0
42 25	10
42 26	45
42 27	43
42 29	21
42 30	20
42 31	23
42 32	32
42 33	48
42 34	49
42 35	22
42 36	2
42 37	12
42 38	16
42 39	6
42 40	37
42 42	5
42 43	30
42 44	40
42 45	38
42 46	13
42 47	15
42 49	28
43 0	26
43 1	45
43 2	5
43 3	11
43 4	32
43 6	34
43 8	46
43 9	28
43 10	15
43 11	40
43 12	42
43 13	37
43 14	23
43 15	33
43 17	16
43 18	36
43 19	29
43 20	3
43 23	49
43 24	38
43 25	8
43 28	44
43 29	22
43 32	39
43 33	24
43 34	13
43 35	9
43 36	17
43 37	47
43 38	12
43 39	25
43 40	20
43 41	43
43 42	2
43 45	14
43 46	19
43 48	1
43 49	30
44 0	42
44 3	8
44 4	2
44 5	30
44 6	45
44 7	44
44 8	43
44 9	14
44 10	35
44 11	36
44 12	13
44 13	28
44 14	10
44 15	37
44 16	31
44 17	15
44 18	4
44 19	19
44 20	7
44 21	33
44 22	26
44 23	47
44 24	40
44 25	11
44 26	20
44 27	38
44 29	5
44 30	25
44 31	34
44 32	9
44 33	1
44 34	48
44 35	17
44 36	21
44 38	18
44 39	24
44 40	3
44 41	0
44 42	22
44 44	49
44 45	32
44 46	46
44 47	12
44 48	39
44 49	29
45 1	36
45 2	44
45 3	28
45 4	27
45 5	22
45 6	43
45 7	20
45 9	47
45 10	23
45 11	9
45 13	16
45 14	11
45 15	0
45 17	46
45 18	48
45 19	6
45 21	41
45 22	19
45 23	2
45 24	33
45 25	17
45 26	3
45 27	39
45 29	10
45 30	26
45 31	31
45 33	32
45 35	15
45 37	13
45 38	25
45 40	21
45 42	45
45 44	7
45 45	4
45 47	37
45 48	18
46 0	12
46 1	13
46 2	30
46 3	35
46 4	39
46 7	1
46 9	23
46 11	18
46 12	31
46 13	0
46 14	49
46 15	6
46 16	25
46 17	42
46 18	20
46 19	11
46 20	43
46 22	41
46 23	45
46 24	2
46 25	44
46 27	46
46 28	48
46 29	16
46 30	29
46 32	19
46 33	15
46 34	32
46 35	3
46 36	27
46 37	40
46 38	24
46 40	33
46 41	4
46 42	38
46 44	26
46 45	36
46 46	21
46 47	8
46 48	47
46 49	22
47 0	45
47 1	44
47 2	7
47 3	30
47 4	15
47 5	43
47 6	10
47 7	49
47 9	22
47 10	25
47 11	2
47 12	17
47 13	5
47 14	13
47 15	32
47 16	38
47 17	1
47 18	46
47 19	9
47 20	40
47 21	3
47 22	24
47 23	11
47 24	34
47 25	26
47 26	12
47 27	14
47 28	28
47 29	4
47 30	16
47 31	19
47 32	21
47 33	47
47 34	0
47 35	37
47 36	39
47 37	33
47 38	35
47 39	18
47 40	8
47 41	27
47 42	29
47 43	31
47 44	6
47 45	42
47 46	36
47 49	20
48 1	8
48 2	18
48 3	36
48 4	6
48 6	11
48 7	22
48 8	39
48 9	29
48 10	13
48 11	5
48 12	16
48 13	19
48 14	7
48 15	45
48 18	28
48 19	25
48 20	42
48 22	14
48 23	20
48 24	49
48 25	3
48 26	15
48 28	30
48 29	46
48 30	34
48 31	17
48 32	0
48 33	41
48 34	40
48 35	1
48 37	48
48 38	38
48 40	47
48 41	32
48 42	26
48 43	9
48 44	12
48 45	43
48 46	24
48 47	2
48 48	31
49 1	21
49 2	41
49 3	16
49 4	14
49 5	17
49 6	35
49 7	15
49 8	0
49 9	46
49 10	22
49 11	20
49 12	49
49 13	9
49 14	37
49 15	7
49 16	11
49 17	24
49 18	1
49 19	27
49 21	45
49 23	48
49 24	44
49 25	38
49 26	42
49 28	43
49 31	39
49 32	18
49 33	5
49 35	36
49 36	40
49 37	19
49 38	2
49 39	4
49 40	30
49 41	34
49 42	8
49 44	23
49 45	12
49 48	10
49 49	3
