50
0 0	46
0 3	16
0 4	11
0 5	1
0 8	24
0 9	27
0 10	25
0 11	13
0 12	23
0 15	17
0 18	26
0 21	12
0 23	20
0 27	18
0 28	48
0 29	35
0 31	39
0 34	21
0 35	30
0 44	22
0 47	28
0 49	36
1 0	4
1 2	42
1 4	13
1 6	12
1 7	5
1 9	11
1 10	16
1 13	6
1 14	44
1 15	22
1 19	25
1 29	39
1 30	9
1 32	23
1 33	29
1 37	26
1 38	3
1 39	15
1 42	21
1 45	38
1 46	49
1 48	8
2 2	14
2 4	20
2 5	37
2 8	48
2 15	43
2 20	39
2 21	32
2 23	12
2 27	41
2 29	5
2 31	38
2 32	44
2 38	31
2 39	24
2 40	26
2 45	6
2 46	19
2 48	36
3 0	14
3 1	13
3 7	28
3 10	34
3 14	21
3 16	4
3 17	25
3 29	18
3 33	22
3 36	38
3 38	19
3 39	30
3 42	31
3 45	36
3 47	16
3 48	46
4 0	18
4 3	24
4 4	32
4 5	0
4 6	34
4 8	13
4 9	4
4 10	29
4 11	38
4 14	45
4 15	44
4 16	42
4 18	1
4 21	19
4 22	37
4 23	23
4 27	6
4 28	33
4 29	27
4 30	3
4 31	21
4 34	40
4 36	10
4 38	39
4 39	47
4 41	9
4 44	5
4 47	22
4 48	15
4 49	14
5 3	25
5 6	0
5 8	17
5 13	41
5 14	36
5 15	45
5 21	23
5 24	3
5 25	6
5 26	43
5 27	30
5 32	46
5 33	14
5 35	33
5 36	48
5 37	9
5 38	4
5 40	19
5 42	37
5 45	8
6 2	45
6 4	49
6 6	48
6 8	41
6 11	18
6 13	24
6 20	25
6 25	30
6 30	16
6 31	12
6 38	5
6 39	10
6 40	17
6 41	23
6 44	29
6 46	35
6 47	0
6 48	42
7 0	7
7 3	32
7 4	40
7 5	12
7 6	3
7 8	49
7 14	35
7 15	25
7 17	45
7 21	2
7 23	21
7 24	20
7 28	39
7 35	26
7 36	41
7 37	22
7 38	34
7 43	33
7 44	36
7 47	46
7 49	4
8 2	15
8 6	24
8 8	5
8 9	40
8 11	32
8 13	34
8 15	33
8 16	9
8 17	31
8 18	39
8 19	7
8 21	11
8 22	12
8 23	26
8 24	6
8 30	13
8 35	17
8 36	14
8 38	35
8 39	43
8 40	25
8 42	44
8 43	0
8 44	4
8 47	20
8 48	22
8 49	23
9 0	11
9 2	33
9 4	15
9 5	22
9 6	4
9 16	25
9 17	12
9 20	42
9 23	28
9 26	8
9 29	36
9 31	32
9 39	6
9 42	39
9 43	3
9 49	20
10 0	26
10 1	29
10 5	11
10 9	21
10 18	28
10 19	6
10 20	35
10 21	38
10 22	46
10 25	41
10 32	34
10 37	31
10 40	43
10 41	32
10 42	12
10 45	44
10 48	45
11 4	6
11 8	10
11 11	11
11 13	14
11 15	31
11 16	33
11 19	18
11 20	1
11 21	30
11 22	20
11 24	8
11 27	34
11 28	13
11 31	37
11 32	43
11 35	28
11 36	16
11 37	21
11 39	17
11 44	2
11 46	7
11 48	4
11 49	26
12 2	26
12 5	4
12 7	30
12 8	47
12 11	45
12 22	19
12 25	36
12 31	44
12 33	16
12 34	1
12 36	18
12 38	37
12 41	46
12 45	22
12 49	2
13 4	19
13 6	17
13 9	46
13 11	28
13 12	32
13 14	22
13 16	30
13 17	23
13 18	7
13 19	4
13 20	26
13 25	33
13 28	3
13 29	13
13 31	43
13 32	0
13 33	11
13 35	14
13 36	6
13 37	27
13 39	12
13 44	20
13 47	1
14 2	43
14 4	39
14 10	2
14 11	16
14 14	3
14 15	0
14 18	4
14 21	22
14 27	26
14 28	32
14 29	28
14 32	10
14 34	24
14 37	7
14 38	36
14 41	8
14 43	40
14 45	15
14 46	27
14 49	17
15 13	33
15 14	29
15 17	5
15 18	41
15 21	25
15 22	32
15 27	3
15 30	34
15 31	49
15 37	47
15 38	27
15 42	10
15 43	1
15 44	23
15 46	8
15 49	42
16 0	0
16 1	26
16 4	8
16 5	39
16 6	35
16 8	38
16 9	6
16 10	18
16 12	33
16 15	15
16 16	13
16 17	37
16 21	16
16 24	28
16 27	27
16 29	32
16 40	3
16 42	22
16 45	5
16 46	47
16 47	10
17 0	33
17 3	9
17 6	49
17 10	28
17 12	5
17 13	8
17 16	27
17 17	40
17 18	3
17 19	21
17 23	18
17 24	48
17 26	14
17 27	20
17 28	38
17 32	41
17 33	31
17 34	10
17 37	30
17 39	45
17 40	46
17 41	35
17 45	0
17 47	19
17 48	37
18 3	29
18 4	46
18 5	24
18 7	40
18 9	23
18 10	44
18 12	28
18 14	47
18 17	39
18 26	5
18 29	25
18 31	11
18 32	33
18 37	6
18 38	30
18 41	37
18 48	16
19 0	41
19 1	36
19 3	5
19 6	23
19 7	6
19 8	19
19 9	20
19 10	38
19 11	15
19 14	12
19 16	40
19 31	48
19 32	26
19 33	0
19 34	29
19 35	2
19 36	27
19 38	47
19 41	25
19 46	21
19 47	4
19 48	3
20 0	34
20 4	31
20 6	27
20 11	8
20 13	43
20 14	38
20 15	7
20 16	16
20 17	26
20 19	19
20 24	42
20 25	20
20 27	29
20 31	46
20 37	40
20 38	6
20 46	24
21 3	49
21 6	38
21 7	25
21 8	20
21 12	43
21 14	33
21 15	40
21 17	3
21 18	11
21 21	47
21 22	14
21 29	48
21 31	17
21 32	35
21 33	18
21 35	12
21 38	8
21 40	30
21 42	26
21 48	31
21 49	46
22 1	18
22 3	6
22 4	33
22 5	38
22 13	2
22 14	7
22 16	37
22 21	45
22 24	4
22 26	39
22 27	22
22 28	46
22 29	21
22 31	9
22 32	15
22 33	44
22 34	0
22 38	10
22 40	24
22 42	35
22 44	31
22 45	17
22 48	49
22 49	28
23 0	43
23 1	35
23 3	8
23 4	10
23 7	0
23 11	4
23 15	49
23 16	19
23 17	11
23 20	27
23 24	37
23 26	25
23 27	16
23 29	31
23 30	46
23 32	3
23 34	12
23 35	9
23 37	44
23 38	20
23 39	26
23 43	38
23 44	45
23 47	14
23 49	39
24 0	49
24 1	20
24 2	1
24 4	30
24 7	11
24 8	27
24 11	37
24 12	9
24 14	31
24 20	41
24 21	5
24 23	40
24 24	26
24 25	35
24 28	36
24 29	23
24 34	38
24 38	18
24 39	14
24 42	7
24 45	46
24 46	17
24 49	10
25 3	39
25 6	14
25 8	45
25 10	4
25 12	15
25 13	26
25 14	0
25 15	30
25 17	7
25 18	12
25 23	38
25 25	25
25 26	19
25 29	33
25 31	1
25 33	8
25 34	37
25 40	10
25 45	49
25 47	31
25 48	40
26 1	37
26 2	25
26 4	29
26 7	1
26 8	0
26 9	8
26 10	40
26 11	6
26 12	14
26 13	48
26 19	5
26 20	21
26 30	43
26 31	35
26 33	27
26 35	7
26 43	32
26 44	41
26 48	20
26 49	44
27 1	43
27 3	23
27 4	34
27 7	31
27 8	14
27 12	39
27 21	6
27 22	11
27 24	33
27 27	15
27 28	24
27 32	45
27 34	46
27 35	25
27 36	40
27 41	13
27 43	8
27 45	1
27 47	48
27 48	30
27 49	47
28 1	42
28 3	41
28 6	10
28 18	25
28 19	11
28 20	4
28 22	34
28 25	45
28 31	5
28 32	47
28 33	6
28 37	23
28 38	16
28 41	19
28 43	30
28 44	43
28 47	38
28 49	18
29 0	6
29 3	19
29 4	1
29 5	32
29 8	42
29 9	49
29 10	11
29 12	24
29 14	14
29 16	36
29 26	17
29 27	5
29 29	40
29 35	47
29 38	38
29 41	44
29 45	16
29 46	45
29 48	33
30 1	23
30 2	38
30 3	33
30 5	48
30 16	47
30 19	1
30 20	31
30 21	4
30 22	41
30 28	0
30 29	3
30 32	13
30 34	7
30 36	44
30 41	18
30 43	37
30 44	25
30 47	6
30 49	45
31 0	45
31 4	23
31 5	28
31 8	46
31 11	14
31 16	7
31 21	17
31 28	41
31 32	2
31 34	39
31 40	16
31 41	0
31 42	4
32 0	40
32 1	46
32 6	39
32 12	2
32 13	3
32 14	23
32 17	27
32 18	31
32 20	33
32 21	49
32 22	29
32 24	11
32 29	20
32 31	18
32 38	21
32 41	42
32 42	17
32 43	9
32 48	25
32 49	7
33 0	17
33 2	36
33 4	0
33 5	21
33 9	32
33 11	44
33 23	10
33 25	43
33 28	31
33 30	15
33 34	48
33 44	6
34 2	29
34 4	26
34 7	41
34 8	18
34 14	25
34 20	19
34 24	44
34 25	0
34 28	5
34 30	47
34 31	45
34 34	15
34 35	35
34 43	46
34 45	43
34 46	40
35 2	47
35 5	35
35 9	33
35 13	19
35 14	1
35 17	28
35 22	9
35 27	7
35 28	29
35 30	21
35 31	26
35 36	25
35 37	41
35 38	43
35 40	34
35 44	11
35 45	40
35 46	18
35 47	37
36 0	1
36 2	28
36 13	23
36 14	16
36 17	41
36 22	6
36 23	37
36 24	49
36 26	38
36 31	4
36 36	33
36 37	43
36 40	12
36 41	36
36 43	24
36 47	45
36 49	19
37 1	2
37 4	48
37 5	14
37 6	31
37 13	4
37 16	26
37 18	43
37 19	45
37 22	22
37 26	46
37 27	11
37 33	34
37 43	21
37 44	38
37 46	41
37 47	49
37 49	24
38 0	36
38 5	20
38 7	24
38 8	2
38 9	41
38 10	13
38 11	10
38 18	0
38 20	40
38 22	48
38 23	1
38 24	47
38 25	16
38 26	45
38 28	6
38 29	42
38 30	44
38 31	28
38 32	17
38 34	23
38 36	43
38 37	49
38 38	11
38 42	33
38 44	34
38 46	22
38 48	32
38 49	31
39 0	42
39 2	46
39 4	44
39 5	41
39 8	36
39 13	45
39 15	23
39 21	37
39 30	8
39 31	33
39 32	31
39 33	39
39 34	14
39 35	16
39 42	43
39 43	25
39 44	48
39 45	9
39 46	6
40 2	40
40 4	22
40 9	34
40 14	24
40 15	37
40 19	3
40 21	18
40 23	45
40 29	49
40 30	12
40 31	47
40 34	20
40 37	42
40 40	41
40 44	10
40 45	21
40 46	31
41 6	11
41 8	6
41 9	28
41 10	47
41 14	43
41 17	49
41 18	42
41 19	35
41 20	3
41 21	0
41 23	46
41 28	45
41 30	5
41 31	24
41 32	22
41 37	37
41 38	29
41 41	27
41 42	48
41 44	1
41 46	26
42 0	48
42 5	10
42 7	44
42 12	3
42 13	17
42 14	20
42 18	2
42 19	26
42 22	31
42 27	49
42 31	0
42 32	6
42 34	28
42 35	45
42 36	42
42 39	39
42 41	16
42 42	25
42 43	47
42 46	43
42 48	5
43 1	32
43 2	13
43 6	41
43 8	8
43 11	9
43 13	10
43 17	4
43 19	15
43 20	16
43 23	30
43 25	22
43 26	3
43 27	47
43 28	19
43 29	43
43 31	6
43 32	29
43 36	31
43 38	44
43 39	37
43 41	14
43 43	34
43 44	39
44 0	5
44 3	31
44 7	12
44 9	45
44 10	39
44 14	49
44 17	1
44 20	14
44 21	28
44 26	37
44 28	20
44 29	6
44 31	15
44 32	4
44 35	46
44 40	47
44 43	16
44 45	26
44 46	23
45 0	47
45 3	0
45 4	41
45 9	13
45 10	35
45 13	40
45 15	36
45 17	6
45 23	24
45 24	5
45 25	27
45 28	11
45 29	10
45 31	23
45 32	49
45 33	48
45 36	8
45 37	39
45 38	7
45 41	26
45 42	15
45 44	3
45 47	42
45 49	33
46 1	19
46 3	13
46 7	35
46 8	44
46 9	14
46 12	8
46 14	30
46 15	26
46 20	46
46 21	31
46 23	42
46 26	29
46 30	23
46 32	21
46 33	33
46 34	47
46 38	45
46 47	43
46 48	39
47 2	6
47 10	37
47 11	21
47 13	35
47 17	13
47 18	17
47 20	30
47 25	7
47 30	38
47 36	39
47 38	1
47 41	49
47 42	19
47 45	32
47 49	15
48 3	28
48 5	25
48 8	4
48 10	12
48 11	1
48 12	6
48 15	13
48 17	33
48 20	24
48 21	39
48 22	45
48 23	27
48 25	15
48 26	49
48 27	31
48 30	2
48 32	38
48 35	11
48 37	34
48 39	36
48 40	48
48 41	22
48 42	46
48 48	18
49 1	8
49 3	36
49 14	27
49 15	42
49 19	17
49 20	49
49 26	48
49 27	4
49 34	43
49 35	6
49 39	25
49 40	37
49 41	38
49 43	11
49 44	12
49 46	0
49 47	40
49 48	10
49 49	13
