50
0 7	30
0 8	44
0 11	38
0 12	10
0 15	31
0 18	47
0 34	19
0 37	25
0 39	48
0 40	13
0 44	37
1 2	12
1 5	28
1 6	25
1 9	19
1 10	45
1 17	20
1 19	1
1 20	29
1 21	23
1 23	36
1 27	49
1 30	47
1 37	32
1 39	16
1 44	15
1 45	34
1 47	43
1 49	38
2 1	6
2 4	46
2 6	24
2 8	36
2 11	42
2 17	39
2 20	21
2 22	9
2 23	41
2 28	5
2 35	26
2 44	38
2 45	35
2 48	29
3 0	5
3 1	14
3 2	43
3 6	39
3 14	22
3 15	15
3 16	44
3 17	31
3 21	37
3 25	34
3 27	47
3 39	41
3 40	48
3 41	9
3 42	3
4 1	20
4 4	25
4 5	29
4 6	19
4 10	26
4 12	43
4 13	7
4 21	42
4 25	18
4 27	34
4 29	33
4 33	31
4 35	32
4 38	46
4 41	23
4 46	35
4 47	49
4 49	15
5 3	26
5 4	41
5 10	19
5 15	14
5 16	29
5 17	12
5 20	35
5 23	34
5 24	6
5 25	24
5 26	16
5 27	32
5 33	28
5 43	17
5 46	22
6 13	10
6 17	40
6 22	48
6 31	44
6 32	45
6 38	37
6 43	23
7 2	25
7 3	41
7 10	48
7 16	12
7 25	49
7 26	14
7 29	1
7 31	40
7 35	5
7 36	46
7 39	38
7 43	19
7 44	10
7 49	18
8 0	14
8 1	35
8 7	34
8 11	27
8 12	39
8 19	40
8 23	38
8 26	18
8 28	46
8 29	24
8 34	16
8 36	43
8 39	17
8 42	30
8 43	41
8 49	10
9 2	6
9 12	40
9 13	38
9 19	17
9 21	32
9 26	24
9 28	21
9 34	34
9 45	13
9 46	14
10 2	17
10 6	2
10 10	42
10 13	31
10 18	34
10 20	45
10 34	22
10 39	1
10 44	32
10 45	39
10 48	21
11 3	39
11 4	38
11 5	40
11 6	16
11 8	33
11 9	41
11 14	42
11 16	20
11 21	31
11 30	8
11 31	6
11 35	35
11 36	10
11 37	18
11 40	5
11 44	30
11 46	27
11 48	45
11 49	49
12 3	23
12 6	44
12 8	19
12 9	38
12 11	37
12 14	21
12 15	39
12 19	4
12 20	5
12 21	13
12 29	25
12 32	26
12 34	42
12 36	28
12 38	31
12 41	24
12 43	1
12 44	43
13 3	20
13 4	47
13 7	39
13 14	6
13 15	34
13 18	12
13 21	4
13 22	42
13 24	37
13 25	45
13 26	26
13 36	36
13 37	16
13 38	1
13 39	14
13 41	46
13 42	17
13 43	33
13 44	3
13 46	48
13 49	11
14 0	4
14 1	48
14 2	38
14 10	6
14 13	44
14 15	12
14 21	20
14 24	23
14 25	31
14 31	21
14 38	14
14 39	3
14 44	41
14 47	39
15 13	20
15 14	4
15 16	42
15 17	41
15 18	19
15 23	26
15 25	6
15 26	11
15 29	29
15 32	1
15 36	8
15 41	37
15 44	17
15 45	25
15 49	40
16 8	38
16 10	33
16 11	1
16 13	45
16 21	29
16 22	6
16 25	22
16 26	7
16 31	35
16 32	15
16 39	20
16 42	11
16 48	32
17 6	13
17 11	28
17 14	19
17 16	45
17 21	30
17 23	1
17 25	4
17 35	39
17 39	11
17 46	44
18 1	17
18 2	45
18 3	4
18 6	42
18 7	12
18 8	47
18 11	16
18 14	14
18 17	11
18 18	49
18 23	25
18 25	13
18 26	46
18 31	20
18 32	35
18 33	27
18 34	1
18 35	6
18 39	29
18 44	8
19 3	27
19 8	40
19 10	37
19 13	46
19 14	30
19 15	25
19 16	2
19 21	38
19 34	31
19 35	47
19 37	17
19 40	43
19 45	49
19 47	35
20 3	2
20 7	28
20 9	36
20 14	41
20 20	20
20 23	17
20 28	12
20 30	30
20 35	48
20 37	45
20 45	9
20 48	8
21 0	30
21 11	47
21 13	22
21 20	36
21 21	8
21 33	49
21 35	45
21 36	34
21 41	6
21 42	23
21 43	10
21 45	26
21 48	16
21 49	37
22 11	11
22 15	18
22 16	10
22 20	47
22 29	17
22 30	41
22 33	45
22 37	44
22 42	36
22 43	49
22 46	23
23 3	6
23 5	26
23 9	10
23 15	5
23 20	44
23 21	2
23 27	42
23 28	13
23 35	14
23 39	45
23 40	1
23 41	33
23 43	0
23 45	46
23 46	43
23 48	41
24 0	41
24 3	5
24 6	21
24 7	33
24 9	17
24 13	14
24 14	35
24 18	38
24 23	32
24 25	9
24 26	43
24 27	7
24 28	16
24 30	2
24 32	3
24 34	15
24 44	4
24 46	28
25 3	12
25 7	46
25 9	4
25 10	49
25 11	44
25 12	45
25 15	41
25 18	26
25 29	48
25 30	22
25 34	23
25 36	35
25 39	33
25 43	39
25 48	28
26 0	8
26 2	39
26 6	23
26 8	24
26 9	13
26 16	32
26 17	6
26 18	14
26 19	22
26 20	0
26 22	43
26 26	37
26 33	10
26 35	34
26 36	41
26 38	17
26 42	42
26 46	31
27 4	24
27 6	8
27 12	32
27 16	48
27 18	45
27 20	28
27 21	34
27 23	21
27 26	9
27 38	0
27 42	16
27 43	43
27 44	35
27 45	31
27 49	41
28 1	38
28 5	25
28 9	26
28 11	31
28 18	30
28 21	49
28 25	14
28 26	17
28 29	37
28 30	42
28 32	29
28 34	9
28 36	20
28 42	33
28 43	47
29 9	34
29 11	19
29 19	30
29 20	15
29 21	12
29 27	35
29 30	24
29 32	14
29 38	49
29 43	26
29 44	33
29 45	0
29 46	16
30 1	28
30 5	46
30 9	3
30 12	6
30 14	0
30 16	49
30 17	33
30 18	41
30 20	37
30 22	36
30 25	42
30 27	21
30 29	20
30 31	9
30 32	2
30 34	43
30 37	8
30 39	35
30 46	25
30 48	26
30 49	12
31 1	18
31 3	40
31 6	49
31 11	30
31 13	34
31 25	1
31 29	32
31 31	5
31 32	38
31 33	13
31 34	8
31 35	25
31 39	36
31 42	46
31 46	33
31 47	3
32 1	24
32 2	32
32 3	29
32 4	42
32 6	22
32 7	43
32 11	0
32 12	27
32 13	48
32 15	38
32 17	35
32 18	13
32 21	1
32 22	12
32 27	2
32 28	37
32 32	31
32 33	6
32 37	39
32 40	16
32 41	20
32 43	44
32 44	47
32 45	7
32 49	25
33 3	15
33 5	31
33 8	26
33 9	24
33 11	49
33 13	33
33 15	2
33 19	13
33 20	1
33 23	5
33 24	25
33 25	41
33 32	28
33 33	46
33 42	20
33 43	35
33 44	29
33 46	3
33 47	40
33 48	44
34 0	31
34 2	46
34 6	1
34 11	8
34 14	18
34 15	11
34 17	2
34 20	27
34 22	28
34 27	48
34 31	24
34 34	41
34 35	4
34 40	15
34 41	14
34 45	44
34 48	38
35 1	30
35 5	6
35 8	20
35 12	33
35 13	15
35 17	28
35 19	38
35 25	40
35 34	26
35 35	18
35 39	32
35 45	22
35 46	34
35 49	14
36 11	43
36 12	30
36 18	2
36 20	26
36 22	10
36 24	13
36 25	33
36 28	31
36 33	25
36 34	39
36 36	37
36 38	45
36 43	32
36 44	22
36 46	18
36 48	19
36 49	16
37 6	30
37 9	15
37 10	16
37 15	48
37 16	37
37 17	27
37 20	33
37 27	25
37 29	44
37 31	47
37 32	49
37 33	40
37 34	20
37 41	22
37 42	43
38 1	7
38 3	21
38 4	20
38 9	45
38 15	26
38 16	9
38 22	38
38 24	30
38 40	39
38 41	42
38 47	47
39 3	1
39 8	16
39 11	6
39 13	2
39 14	12
39 15	21
39 17	9
39 18	22
39 27	41
39 28	17
39 29	45
39 34	44
39 35	13
39 36	19
39 37	36
39 40	7
39 43	24
39 49	8
40 7	13
40 10	20
40 13	41
40 15	16
40 18	0
40 22	23
40 23	14
40 26	25
40 33	26
40 44	39
40 46	1
41 3	34
41 4	31
41 5	7
41 8	21
41 9	39
41 10	46
41 15	42
41 16	24
41 24	29
41 26	48
41 27	12
41 28	27
41 36	23
41 40	2
41 42	49
41 43	15
41 46	41
42 1	47
42 4	34
42 10	44
42 14	1
42 21	35
42 22	31
42 23	29
42 31	23
42 35	22
42 39	6
42 40	37
42 44	40
42 46	13
43 9	28
43 15	33
43 18	36
43 24	38
43 33	24
43 37	47
43 42	2
43 46	19
43 49	30
44 0	42
44 3	8
44 5	30
44 9	14
44 12	13
44 14	10
44 16	31
44 20	7
44 23	47
44 26	20
44 29	5
44 33	1
44 38	18
44 41	0
44 44	49
44 49	29
45 2	44
45 6	43
45 13	16
45 15	0
45 17	46
45 22	19
45 24	33
45 33	32
45 35	15
45 38	25
45 40	21
45 45	4
45 48	18
46 7	1
46 18	20
46 20	43
46 22	41
46 25	44
46 32	19
46 33	15
46 35	3
46 37	40
46 40	33
46 45	36
46 48	47
47 1	44
47 5	43
47 6	10
47 10	25
47 11	2
47 13	5
47 14	13
47 15	32
47 19	9
47 25	26
47 26	12
47 34	0
47 37	33
47 38	35
47 41	27
47 42	29
47 45	42
48 1	8
48 2	18
48 15	45
48 19	25
48 20	42
48 22	14
48 25	3
48 28	30
48 32	0
48 33	41
48 34	40
48 35	1
48 38	38
48 41	32
48 48	31
49 4	14
49 5	17
49 6	35
49 7	15
49 10	22
49 12	49
49 18	1
49 26	42
49 28	43
49 31	39
49 36	40
49 39	4
49 49	3
