50
0 0	13
0 2	27
0 3	5
0 4	33
0 5	23
0 6	42
0 8	1
0 13	15
0 14	9
0 16	17
0 18	45
0 20	8
0 22	4
0 23	19
0 27	48
0 28	37
0 29	38
0 30	31
0 31	29
0 33	0
0 35	12
0 38	46
0 41	25
0 42	41
0 44	47
0 45	43
0 46	10
0 47	44
0 49	34
1 0	6
1 2	41
1 3	2
1 5	43
1 7	0
1 8	35
1 12	20
1 14	8
1 16	30
1 18	49
1 19	37
1 21	44
1 22	18
1 24	12
1 26	26
1 27	40
1 29	7
1 30	11
1 31	46
1 34	36
1 40	13
1 41	15
1 43	47
1 46	19
1 49	22
2 0	0
2 1	4
2 2	24
2 3	16
2 5	13
2 6	36
2 7	34
2 8	30
2 10	28
2 12	22
2 13	47
2 16	14
2 18	20
2 22	1
2 27	19
2 28	3
2 29	49
2 30	38
2 31	31
2 33	21
2 35	32
2 36	6
2 37	5
2 38	7
2 39	39
2 42	17
2 43	35
2 48	18
3 1	40
3 2	8
3 3	26
3 5	20
3 7	27
3 8	44
3 9	23
3 17	46
3 19	32
3 22	33
3 23	13
3 27	28
3 28	41
3 30	10
3 32	5
3 38	6
3 41	11
3 43	45
3 44	48
3 46	35
3 49	24
4 0	36
4 1	29
4 5	26
4 6	19
4 7	46
4 10	14
4 11	1
4 12	5
4 13	45
4 14	24
4 17	17
4 23	0
4 24	7
4 25	41
4 28	48
4 30	40
4 34	39
4 35	15
4 41	20
4 43	44
4 44	30
4 46	23
4 47	37
5 0	5
5 1	13
5 2	14
5 4	32
5 6	39
5 8	10
5 11	12
5 12	26
5 14	41
5 15	25
5 17	3
5 23	36
5 26	21
5 28	45
5 29	42
5 31	15
5 32	48
5 33	1
5 34	38
5 39	22
5 43	23
5 44	24
5 46	20
6 4	8
6 5	36
6 6	29
6 7	31
6 8	7
6 9	17
6 14	43
6 15	41
6 18	10
6 19	35
6 20	6
6 22	5
6 23	47
6 25	27
6 27	23
6 31	3
6 39	16
6 43	15
6 44	2
6 45	24
6 46	34
7 0	31
7 4	21
7 7	29
7 8	24
7 12	38
7 16	0
7 18	14
7 19	4
7 20	1
7 21	18
7 22	48
7 23	46
7 24	47
7 26	19
7 27	10
7 28	36
7 29	9
7 31	16
7 32	35
7 34	27
7 37	22
7 38	8
7 41	42
7 46	41
7 48	12
8 2	0
8 3	36
8 4	37
8 5	4
8 8	46
8 9	15
8 11	39
8 14	16
8 15	42
8 21	17
8 23	9
8 25	6
8 27	33
8 28	26
8 30	2
8 31	28
8 35	10
8 37	44
8 41	1
8 43	14
8 45	8
8 49	38
9 1	18
9 7	13
9 13	1
9 18	48
9 20	26
9 21	9
9 22	38
9 24	17
9 26	42
9 28	31
9 34	0
9 36	44
9 37	23
9 39	34
9 41	16
9 42	27
9 45	20
9 47	11
9 48	29
9 49	36
10 0	27
10 1	28
10 3	8
10 4	15
10 5	7
10 6	30
10 7	2
10 12	23
10 15	44
10 17	24
10 21	33
10 23	11
10 25	43
10 27	49
10 28	1
10 29	20
10 34	26
10 35	38
10 36	0
10 37	14
10 40	48
10 44	32
11 1	14
11 2	3
11 4	23
11 5	2
11 6	41
11 8	27
11 15	36
11 16	7
11 17	31
11 21	32
11 22	44
11 23	40
11 26	12
11 29	43
11 34	28
11 36	47
11 38	20
11 39	49
11 40	6
11 46	46
11 48	26
12 3	15
12 4	29
12 6	3
12 10	34
12 12	47
12 13	24
12 15	16
12 18	40
12 20	12
12 23	45
12 24	9
12 26	27
12 29	46
12 30	17
12 32	39
12 37	33
12 38	31
12 40	14
12 41	7
12 46	49
12 47	23
12 49	30
13 3	11
13 6	8
13 7	35
13 13	14
13 15	18
13 18	7
13 19	42
13 21	27
13 22	25
13 24	37
13 25	19
13 27	30
13 29	3
13 30	29
13 31	4
13 32	41
13 34	33
13 36	49
13 41	0
13 43	34
13 44	43
13 45	5
13 48	21
13 49	44
14 0	41
14 1	24
14 2	48
14 4	16
14 6	6
14 12	32
14 13	4
14 14	40
14 19	18
14 20	28
14 21	26
14 22	46
14 25	34
14 29	1
14 30	15
14 31	9
14 33	39
14 39	19
14 41	37
14 42	23
14 46	21
14 47	14
14 48	3
15 2	19
15 3	41
15 6	17
15 7	23
15 9	11
15 10	2
15 12	4
15 15	21
15 16	49
15 17	34
15 18	0
15 19	46
15 20	18
15 22	20
15 25	31
15 26	14
15 27	12
15 29	39
15 30	30
15 32	26
15 34	40
15 36	1
15 40	3
15 45	32
15 46	29
15 47	16
15 49	7
16 2	5
16 3	12
16 4	14
16 6	16
16 7	28
16 10	25
16 11	45
16 14	44
16 17	37
16 19	39
16 22	9
16 25	22
16 27	32
16 29	41
16 30	34
16 31	30
16 33	7
16 34	35
16 35	31
16 36	40
16 38	4
16 40	23
16 43	29
16 47	43
16 48	19
16 49	20
17 1	31
17 2	16
17 3	21
17 4	47
17 7	3
17 9	24
17 10	22
17 11	19
17 13	36
17 14	26
17 18	15
17 21	30
17 22	23
17 24	32
17 25	25
17 26	38
17 28	44
17 29	18
17 30	12
17 32	45
17 35	27
17 36	13
17 38	34
17 39	7
17 40	41
17 42	4
17 43	42
17 44	46
17 46	48
17 48	37
18 2	4
18 3	35
18 4	49
18 8	16
18 10	45
18 13	41
18 16	27
18 17	11
18 19	2
18 21	13
18 24	15
18 25	18
18 26	31
18 27	7
18 30	23
18 35	36
18 36	32
18 41	39
18 42	25
18 44	1
18 46	26
18 47	30
19 6	15
19 9	47
19 10	42
19 11	34
19 12	24
19 16	22
19 17	2
19 20	3
19 22	28
19 23	38
19 26	37
19 32	23
19 33	25
19 36	35
19 38	32
19 41	29
19 44	4
19 45	19
19 47	20
19 48	33
20 4	44
20 5	27
20 6	45
20 8	6
20 9	34
20 10	36
20 12	40
20 13	9
20 16	41
20 17	49
20 20	23
20 21	24
20 22	37
20 23	2
20 26	7
20 28	21
20 29	32
20 30	28
20 31	48
20 33	31
20 34	10
20 36	22
20 37	19
20 39	46
20 40	26
20 45	16
20 49	3
21 0	10
21 1	47
21 2	45
21 8	15
21 9	29
21 10	49
21 11	44
21 12	21
21 17	19
21 21	28
21 22	35
21 23	23
21 28	5
21 29	26
21 31	32
21 32	30
21 33	17
21 36	43
21 40	9
21 43	0
21 44	42
21 46	2
21 47	40
21 49	41
22 0	8
22 1	19
22 2	37
22 5	11
22 10	33
22 13	42
22 14	1
22 18	24
22 19	10
22 20	32
22 21	38
22 23	16
22 25	5
22 32	6
22 33	40
22 35	7
22 36	3
22 42	20
22 46	9
22 47	25
23 0	3
23 4	13
23 9	4
23 13	12
23 16	39
23 17	8
23 20	48
23 22	21
23 25	20
23 26	33
23 28	9
23 30	27
23 32	32
23 34	15
23 35	30
23 36	36
23 37	45
23 43	26
23 46	42
23 47	0
23 48	43
24 1	44
24 3	47
24 4	9
24 5	10
24 7	25
24 9	5
24 11	14
24 12	13
24 14	34
24 16	37
24 17	45
24 21	43
24 22	2
24 23	42
24 25	46
24 26	41
24 27	21
24 29	27
24 30	36
24 32	4
24 33	33
24 34	18
24 35	40
24 36	15
24 37	3
24 39	28
24 41	23
24 42	7
24 43	6
24 46	16
24 47	39
24 49	26
25 0	2
25 3	46
25 4	5
25 7	24
25 9	10
25 10	41
25 11	13
25 12	27
25 13	21
25 15	23
25 16	42
25 17	44
25 18	12
25 20	7
25 23	33
25 25	8
25 26	40
25 28	39
25 29	6
25 30	19
25 33	28
25 36	48
25 37	11
25 38	38
25 41	22
25 42	26
25 44	20
25 46	3
25 47	47
26 0	11
26 3	32
26 4	22
26 7	42
26 9	14
26 14	0
26 17	6
26 18	37
26 20	36
26 21	47
26 23	3
26 24	1
26 25	15
26 26	17
26 27	5
26 28	27
26 30	39
26 31	21
26 32	16
26 33	10
26 36	29
26 37	43
26 40	8
26 41	48
26 42	34
26 44	19
26 45	28
26 46	24
26 47	7
26 49	2
27 0	30
27 2	47
27 3	25
27 4	3
27 6	7
27 7	26
27 11	33
27 14	15
27 16	36
27 17	5
27 18	6
27 22	27
27 24	40
27 25	2
27 26	8
27 27	16
27 31	38
27 32	10
27 33	41
27 39	45
27 40	0
27 41	18
27 42	37
27 43	4
27 46	11
27 47	29
27 48	34
27 49	1
28 1	3
28 3	49
28 7	33
28 8	36
28 13	2
28 17	38
28 18	28
28 22	13
28 23	1
28 25	47
28 26	29
28 28	10
28 31	42
28 33	4
28 34	37
28 36	14
28 38	44
28 41	27
28 43	48
29 0	44
29 1	6
29 3	45
29 5	33
29 6	2
29 9	19
29 10	26
29 12	25
29 13	38
29 17	48
29 18	27
29 19	21
29 23	39
29 24	49
29 25	17
29 26	43
29 28	7
29 30	47
29 32	11
29 33	20
29 34	34
29 36	8
29 37	41
29 39	42
29 40	40
29 41	24
29 42	30
29 45	23
29 48	46
30 0	46
30 2	44
30 3	22
30 6	43
30 7	48
30 13	33
30 14	29
30 19	27
30 20	11
30 21	7
30 29	37
30 31	14
30 32	15
30 33	26
30 34	24
30 35	21
30 37	0
30 38	30
30 39	4
30 40	17
30 41	32
30 46	31
30 47	6
30 48	40
31 1	8
31 2	1
31 3	48
31 6	22
31 8	3
31 10	9
31 11	26
31 13	13
31 14	46
31 17	41
31 19	25
31 20	40
31 22	14
31 23	20
31 24	10
31 25	0
31 27	39
31 28	42
31 30	16
31 32	44
31 35	18
31 37	38
31 38	33
31 39	32
31 41	2
31 46	6
31 47	4
32 2	7
32 4	41
32 9	8
32 10	3
32 11	2
32 12	11
32 13	40
32 16	46
32 18	23
32 20	49
32 21	48
32 23	25
32 24	4
32 28	12
32 29	31
32 33	36
32 34	47
32 36	45
32 39	26
32 41	43
32 42	35
32 43	30
32 48	38
33 0	1
33 3	24
33 4	11
33 5	25
33 6	23
33 8	32
33 10	6
33 11	7
33 13	18
33 15	31
33 16	29
33 17	42
33 18	21
33 19	26
33 20	0
33 21	4
33 23	30
33 24	13
33 29	45
33 30	46
33 33	14
33 37	40
33 40	20
33 41	19
33 42	49
33 43	38
33 45	44
33 46	47
33 47	5
33 48	48
33 49	43
34 0	18
34 2	38
34 4	39
34 6	40
34 7	9
34 9	37
34 10	7
34 11	32
34 13	6
34 14	42
34 15	17
34 17	12
34 18	29
34 19	47
34 21	11
34 24	14
34 25	48
34 26	25
34 31	13
34 33	15
34 34	5
34 37	36
34 38	21
34 40	4
34 43	27
34 45	35
34 46	1
34 47	22
34 48	10
35 0	23
35 3	20
35 5	1
35 7	39
35 9	46
35 10	24
35 12	43
35 13	0
35 15	10
35 16	28
35 18	34
35 19	3
35 22	7
35 26	45
35 27	26
35 31	25
35 32	27
35 33	48
35 34	49
35 35	5
35 37	30
35 38	29
35 41	17
35 45	12
35 47	13
35 48	8
35 49	6
36 0	19
36 4	48
36 6	20
36 7	6
36 9	2
36 11	41
36 13	35
36 14	5
36 22	26
36 25	39
36 27	22
36 28	24
36 31	33
36 33	34
36 41	44
36 42	28
36 43	1
36 45	30
36 46	15
36 47	32
37 0	12
37 1	25
37 3	18
37 5	41
37 6	4
37 9	7
37 11	28
37 12	6
37 13	29
37 14	10
37 15	0
37 19	38
37 23	44
37 24	30
37 30	49
37 31	22
37 33	11
37 34	20
37 35	2
37 36	34
37 38	9
37 42	40
37 45	13
37 46	14
38 0	28
38 1	36
38 3	27
38 4	12
38 7	11
38 8	0
38 9	41
38 10	40
38 11	37
38 14	6
38 15	39
38 20	20
38 22	10
38 23	32
38 24	43
38 27	25
38 29	47
38 32	17
38 33	2
38 35	3
38 36	38
38 37	15
38 38	1
38 41	8
38 42	33
38 43	5
38 44	29
38 46	45
38 47	26
38 48	13
38 49	31
39 0	37
39 2	29
39 4	20
39 6	32
39 7	36
39 9	0
39 10	35
39 12	19
39 15	12
39 16	44
39 17	33
39 19	30
39 22	39
39 23	43
39 26	15
39 27	6
39 28	28
39 37	8
39 40	38
39 41	9
39 43	17
39 44	10
39 49	42
40 1	45
40 2	2
40 3	37
40 4	7
40 5	9
40 6	38
40 7	5
40 8	25
40 9	6
40 10	48
40 12	16
40 14	30
40 17	36
40 20	24
40 21	35
40 23	17
40 24	42
40 26	44
40 29	12
40 32	0
40 36	20
40 37	21
40 38	22
40 41	40
40 45	10
40 46	4
40 47	33
41 0	16
41 2	11
41 5	46
41 7	20
41 8	47
41 9	28
41 16	3
41 17	14
41 18	8
41 19	1
41 22	49
41 23	37
41 25	44
41 26	23
41 31	45
41 32	40
41 33	24
41 34	29
41 35	0
41 39	12
41 41	6
41 42	9
41 46	18
41 49	19
42 0	38
42 1	42
42 2	20
42 5	31
42 6	10
42 8	23
42 9	33
42 11	49
42 13	32
42 14	35
42 15	1
42 17	7
42 19	48
42 21	12
42 22	34
42 23	18
42 24	16
42 25	11
42 27	14
42 28	40
42 29	29
42 30	0
42 32	3
42 35	43
42 39	30
42 40	22
42 41	41
42 42	47
42 44	21
42 46	17
42 47	46
42 48	45
43 0	25
43 3	10
43 7	49
43 9	42
43 10	31
43 12	3
43 13	7
43 16	6
43 17	1
43 19	23
43 20	5
43 21	40
43 28	46
43 29	19
43 30	32
43 31	20
43 32	33
43 33	18
43 38	43
43 44	17
43 45	34
43 48	14
43 49	4
44 0	48
44 1	32
44 4	17
44 5	29
44 7	1
44 8	5
44 10	0
44 11	3
44 12	49
44 14	39
44 15	6
44 16	13
44 17	20
44 18	4
44 19	40
44 20	43
44 21	23
44 25	35
44 26	10
44 30	8
44 32	12
44 34	7
44 35	26
44 37	28
44 38	45
44 40	25
44 41	14
44 42	42
44 43	37
44 44	33
44 48	41
45 1	27
45 2	17
45 5	37
45 6	25
45 8	12
45 16	8
45 17	43
45 19	22
45 21	1
45 27	45
45 28	0
45 31	18
45 32	31
45 34	32
45 35	42
45 36	21
45 39	6
45 42	39
45 49	47
46 1	17
46 3	14
46 6	44
46 7	38
46 13	27
46 18	19
46 19	28
46 20	30
46 21	29
46 26	0
46 28	4
46 29	8
46 31	24
46 32	36
46 34	41
46 37	12
46 39	48
46 41	34
46 42	3
46 45	26
46 46	39
46 47	2
46 49	9
47 0	43
47 4	0
47 5	39
47 8	22
47 10	11
47 14	38
47 15	5
47 18	32
47 22	19
47 23	27
47 24	45
47 27	20
47 30	26
47 32	37
47 33	42
47 35	47
47 38	35
47 39	25
47 41	12
47 43	49
47 45	7
47 46	40
47 47	24
47 48	9
47 49	23
48 0	40
48 2	21
48 3	29
48 5	6
48 6	48
48 7	37
48 9	36
48 10	20
48 11	43
48 12	15
48 14	27
48 19	45
48 21	8
48 24	22
48 26	4
48 27	47
48 30	44
48 32	19
48 33	35
48 34	25
48 35	14
48 37	17
48 38	2
48 39	3
48 43	28
48 44	7
48 46	5
48 47	1
48 49	16
49 1	33
49 3	39
49 5	19
49 6	46
49 9	43
49 14	49
49 24	6
49 25	26
49 26	22
49 27	9
49 28	14
49 29	5
49 30	25
49 33	47
49 34	11
49 35	23
49 36	28
49 39	29
49 41	35
49 43	40
49 44	12
49 45	3
49 46	13
49 47	48
49 49	18
