50
0 1	43
0 5	21
0 7	34
0 8	9
0 12	31
0 19	42
0 20	17
0 22	39
0 26	36
0 28	22
0 31	38
0 32	6
0 33	30
0 37	12
0 41	11
1 4	41
1 6	44
1 7	21
1 9	42
1 12	6
1 13	31
1 15	7
1 21	33
1 23	34
1 25	19
1 27	2
1 28	9
1 29	14
1 32	5
1 34	25
1 36	17
1 37	32
1 39	36
1 40	11
1 42	20
1 43	3
1 44	30
1 49	23
2 0	39
2 1	2
2 4	27
2 8	40
2 10	17
2 12	1
2 15	12
2 16	22
2 17	5
2 18	0
2 24	33
2 26	16
2 28	37
2 31	15
2 33	29
2 34	6
2 36	34
2 39	14
2 41	48
2 47	38
2 48	31
3 0	0
3 4	22
3 5	2
3 6	19
3 7	3
3 10	44
3 11	33
3 12	26
3 13	30
3 15	1
3 19	14
3 21	28
3 22	11
3 28	13
3 29	46
3 33	4
3 35	34
3 36	47
3 38	17
3 41	16
3 42	40
3 43	32
3 49	21
4 2	0
4 4	1
4 5	15
4 7	42
4 9	13
4 10	19
4 11	9
4 14	21
4 15	28
4 16	17
4 18	27
4 19	47
4 20	36
4 21	16
4 22	33
4 24	6
4 29	2
4 35	20
4 38	7
4 40	22
4 42	11
4 44	23
5 0	25
5 1	31
5 2	7
5 8	34
5 11	30
5 15	9
5 16	21
5 20	5
5 24	35
5 25	15
5 26	40
5 27	43
5 28	14
5 29	24
5 31	28
5 32	8
5 33	47
5 37	11
5 41	38
5 42	26
5 43	0
5 45	39
5 46	6
5 47	42
6 0	40
6 1	3
6 5	14
6 9	30
6 10	48
6 11	17
6 14	46
6 16	41
6 17	10
6 19	16
6 23	12
6 28	11
6 31	23
6 33	37
6 34	47
6 37	44
6 38	8
6 40	5
6 41	18
6 47	20
6 49	39
7 1	8
7 3	22
7 5	28
7 12	13
7 13	38
7 19	34
7 20	20
7 23	43
7 25	25
7 27	5
7 30	26
7 33	6
7 35	24
7 36	1
7 38	19
7 39	40
7 40	32
7 42	3
7 43	39
7 48	15
8 0	16
8 1	10
8 3	23
8 4	2
8 5	37
8 6	8
8 7	25
8 8	12
8 9	9
8 10	39
8 12	19
8 21	4
8 25	5
8 26	43
8 31	31
8 34	1
8 36	26
8 38	46
8 49	45
9 0	36
9 1	9
9 3	42
9 5	17
9 7	41
9 8	44
9 9	24
9 11	23
9 14	22
9 15	14
9 18	11
9 19	31
9 22	46
9 23	30
9 24	27
9 31	13
9 44	5
9 48	33
10 3	18
10 10	31
10 12	14
10 13	44
10 14	35
10 17	45
10 21	20
10 24	48
10 25	29
10 26	22
10 35	33
10 37	19
10 39	25
10 41	17
10 43	49
10 45	28
10 47	21
10 49	36
11 0	14
11 1	39
11 6	6
11 8	48
11 10	15
11 11	34
11 12	35
11 16	47
11 20	12
11 29	4
11 30	40
11 31	25
11 34	46
11 41	26
11 42	36
11 45	33
11 48	3
12 1	22
12 10	6
12 11	32
12 12	25
12 16	7
12 17	38
12 21	34
12 24	20
12 26	37
12 29	31
12 31	40
12 32	3
12 33	17
12 35	45
12 36	36
12 39	46
12 41	19
12 43	1
12 44	0
12 46	18
13 0	47
13 3	5
13 4	0
13 7	38
13 9	12
13 15	31
13 21	40
13 25	9
13 26	23
13 27	17
13 29	27
13 31	46
13 33	32
13 35	14
13 37	3
13 38	18
13 41	49
13 42	33
13 48	13
14 5	0
14 7	30
14 8	42
14 11	2
14 13	35
14 17	44
14 22	21
14 26	1
14 27	12
14 34	33
14 35	9
14 37	47
14 38	34
14 40	41
14 41	24
14 42	28
14 44	26
14 45	18
15 1	41
15 2	4
15 3	38
15 5	6
15 7	45
15 9	0
15 11	7
15 12	17
15 15	33
15 17	46
15 23	20
15 25	3
15 28	47
15 30	8
15 32	2
15 35	49
15 36	18
15 38	9
15 39	23
15 40	36
15 45	14
15 46	28
15 47	5
16 1	40
16 6	15
16 9	31
16 13	1
16 14	10
16 16	38
16 17	11
16 18	20
16 19	37
16 21	43
16 24	47
16 25	24
16 26	2
16 27	8
16 28	3
16 33	28
16 35	32
16 36	4
16 37	18
16 38	23
16 39	49
16 45	44
16 48	9
17 3	19
17 5	20
17 7	13
17 9	48
17 13	2
17 18	4
17 19	8
17 24	32
17 26	24
17 29	21
17 32	40
17 33	7
17 35	30
17 39	15
17 41	35
17 43	27
17 49	31
18 2	19
18 3	44
18 6	18
18 9	22
18 10	47
18 12	34
18 16	46
18 17	1
18 18	5
18 20	14
18 23	27
18 25	43
18 26	17
18 28	42
18 29	0
18 30	2
18 37	20
18 40	24
18 41	9
18 42	39
18 43	8
19 6	49
19 9	14
19 10	22
19 11	26
19 12	24
19 13	46
19 15	44
19 16	10
19 20	42
19 24	30
19 28	36
19 33	43
19 40	9
19 41	12
19 42	8
19 43	11
19 45	23
19 46	5
19 47	2
20 0	18
20 1	16
20 2	48
20 3	9
20 6	42
20 7	46
20 8	13
20 10	8
20 11	10
20 12	27
20 14	15
20 16	6
20 17	23
20 20	44
20 21	26
20 25	35
20 26	47
20 27	4
20 31	20
20 33	14
20 34	17
20 35	39
20 37	28
20 40	31
20 42	41
20 43	21
21 6	38
21 7	26
21 8	24
21 9	18
21 12	4
21 13	45
21 16	13
21 17	7
21 19	36
21 22	10
21 24	9
21 29	41
21 34	48
21 35	43
21 38	14
21 39	5
21 44	40
21 47	39
22 0	23
22 3	28
22 5	35
22 7	4
22 8	5
22 10	33
22 12	3
22 15	19
22 16	39
22 19	0
22 23	18
22 32	17
22 35	25
22 38	48
22 39	31
22 41	36
22 42	34
22 46	38
22 49	24
23 2	34
23 3	1
23 4	19
23 9	39
23 10	26
23 11	15
23 12	40
23 15	20
23 16	42
23 17	33
23 18	43
23 21	6
23 22	31
23 24	5
23 32	16
23 36	45
23 38	11
23 41	32
23 42	4
23 49	49
24 1	27
24 3	37
24 8	46
24 10	2
24 11	45
24 12	23
24 14	48
24 17	4
24 18	3
24 22	40
24 24	28
24 26	19
24 27	42
24 34	49
24 37	17
24 38	21
24 39	41
24 40	20
24 41	6
24 42	10
24 44	14
24 45	32
24 46	39
24 47	33
25 2	13
25 8	20
25 11	41
25 14	18
25 22	16
25 23	42
25 24	40
25 29	26
25 35	37
25 37	10
25 38	38
25 41	23
25 44	2
25 45	48
25 47	22
25 49	32
26 2	10
26 3	17
26 4	31
26 6	22
26 8	36
26 13	25
26 14	1
26 16	35
26 19	43
26 20	8
26 22	34
26 23	46
26 24	24
26 25	41
26 26	11
26 30	45
26 31	12
26 32	14
26 33	27
26 35	15
26 37	5
26 40	23
26 42	37
26 43	9
26 44	20
26 45	2
27 2	30
27 3	29
27 6	4
27 9	2
27 11	0
27 12	48
27 13	15
27 15	21
27 16	8
27 24	34
27 27	22
27 30	6
27 31	16
27 35	13
27 37	25
27 42	12
27 44	43
27 45	37
27 49	46
28 0	15
28 2	33
28 5	9
28 9	21
28 13	37
28 15	43
28 18	31
28 19	44
28 22	13
28 23	41
28 24	1
28 27	28
28 28	0
28 31	27
28 34	23
28 42	25
28 43	16
28 44	6
28 45	8
28 47	40
28 48	48
28 49	17
29 0	35
29 2	44
29 4	29
29 6	32
29 7	37
29 9	19
29 10	28
29 11	47
29 14	33
29 16	11
29 21	31
29 24	36
29 25	10
29 32	23
29 33	1
29 35	8
29 41	22
29 47	17
30 2	2
30 5	1
30 8	27
30 9	5
30 11	29
30 12	44
30 13	19
30 18	34
30 24	31
30 25	22
30 26	28
30 27	16
30 28	4
30 30	12
30 31	30
30 32	37
30 33	11
30 34	39
30 39	47
30 40	13
30 42	9
30 43	25
30 44	18
30 45	21
30 47	41
30 48	36
31 0	10
31 1	4
31 5	31
31 6	20
31 8	38
31 10	41
31 13	9
31 14	19
31 16	5
31 18	29
31 21	30
31 23	7
31 24	39
31 26	6
31 27	26
31 34	16
31 36	14
31 37	48
31 38	40
31 39	12
31 44	17
31 47	46
31 49	43
32 0	9
32 2	5
32 4	30
32 9	25
32 15	27
32 16	1
32 17	48
32 18	49
32 19	10
32 22	15
32 23	8
32 31	37
32 38	6
32 40	21
32 44	41
32 46	36
32 49	38
33 4	35
33 6	1
33 8	6
33 9	16
33 15	11
33 16	43
33 19	49
33 24	41
33 26	9
33 27	47
33 33	38
33 37	24
33 39	39
33 40	27
33 43	4
33 46	21
33 47	28
33 49	18
34 0	5
34 3	25
34 4	6
34 5	32
34 6	10
34 8	43
34 11	44
34 13	16
34 14	41
34 15	17
34 17	21
34 18	37
34 24	42
34 27	24
34 28	2
34 30	19
34 32	35
34 34	18
34 36	15
34 37	23
34 38	49
34 44	8
34 48	14
34 49	1
35 6	36
35 12	39
35 17	16
35 20	25
35 21	29
35 22	20
35 23	33
35 24	8
35 28	44
35 30	49
35 31	45
35 35	2
35 36	42
35 38	31
35 46	12
35 47	19
36 3	3
36 10	13
36 13	8
36 16	29
36 18	21
36 24	11
36 29	10
36 31	34
36 32	9
36 36	32
36 39	37
36 41	14
36 48	6
37 3	49
37 6	39
37 7	47
37 11	6
37 13	34
37 18	36
37 19	5
37 22	41
37 23	48
37 27	9
37 28	19
37 29	44
37 31	14
37 33	21
37 34	12
37 35	7
37 42	31
37 46	20
37 48	30
38 0	42
38 3	21
38 4	4
38 8	31
38 9	17
38 13	49
38 14	2
38 16	19
38 24	26
38 25	40
38 30	23
38 31	22
38 33	0
38 35	18
38 36	35
38 37	8
38 41	39
38 49	44
39 2	31
39 4	5
39 5	11
39 7	28
39 9	32
39 12	41
39 13	33
39 17	17
39 18	8
39 21	1
39 22	26
39 24	25
39 26	10
39 29	42
39 31	43
39 38	47
39 39	45
39 40	39
39 41	3
39 43	24
39 44	15
39 47	14
39 49	9
40 0	34
40 1	25
40 2	32
40 3	36
40 5	40
40 7	29
40 8	37
40 10	21
40 12	30
40 13	47
40 17	8
40 19	9
40 21	7
40 22	1
40 23	35
40 24	46
40 25	17
40 26	0
40 28	39
40 32	49
40 35	3
40 36	38
40 38	5
40 39	42
40 40	15
40 44	33
40 45	16
40 48	28
41 0	29
41 11	48
41 12	11
41 13	13
41 18	1
41 23	44
41 27	38
41 35	36
41 37	6
41 41	5
41 42	17
41 44	47
41 48	42
41 49	14
42 1	20
42 2	47
42 7	12
42 13	10
42 16	23
42 17	9
42 19	26
42 20	41
42 22	5
42 26	14
42 27	39
42 28	1
42 30	46
42 31	18
42 32	4
42 36	19
42 38	13
42 40	37
42 42	42
43 1	0
43 2	3
43 3	35
43 11	36
43 13	6
43 14	13
43 16	40
43 17	43
43 18	16
43 21	32
43 27	37
43 33	18
43 37	14
43 38	4
43 39	8
43 42	15
43 43	10
43 44	48
43 45	5
44 0	21
44 1	33
44 2	9
44 6	11
44 9	10
44 11	28
44 12	20
44 13	18
44 16	31
44 22	38
44 24	23
44 25	4
44 27	46
44 31	19
44 33	42
44 36	13
44 41	40
44 43	36
44 46	47
44 47	49
44 49	35
45 2	43
45 4	45
45 7	15
45 11	31
45 12	29
45 20	33
45 23	2
45 26	4
45 29	36
45 31	48
45 33	41
45 36	22
45 37	1
45 40	8
45 43	13
45 49	5
46 0	7
46 1	36
46 2	40
46 4	37
46 5	8
46 7	24
46 8	3
46 10	32
46 13	5
46 14	49
46 16	25
46 18	33
46 22	12
46 24	19
46 27	23
46 29	39
46 33	10
46 35	31
46 36	43
46 40	30
46 44	45
46 45	42
47 0	45
47 1	7
47 5	49
47 6	29
47 9	41
47 11	12
47 12	43
47 15	2
47 17	0
47 25	33
47 30	32
47 31	4
47 33	48
47 34	9
47 39	3
47 42	21
47 44	13
47 45	6
47 49	16
48 0	1
48 1	5
48 3	2
48 5	47
48 10	25
48 12	22
48 15	45
48 16	28
48 20	6
48 22	9
48 23	0
48 24	10
48 26	8
48 28	31
48 33	24
48 34	40
48 36	21
48 37	41
48 40	34
48 41	33
48 43	15
48 44	29
48 46	26
49 3	33
49 5	3
49 16	49
49 17	27
49 18	18
49 29	25
49 31	26
49 33	39
49 35	46
49 42	44
49 43	28
49 44	10
49 48	21
