50
0 4	42
0 5	14
0 6	21
0 8	11
0 11	23
0 12	40
0 13	4
0 14	0
0 15	48
0 18	38
0 19	20
0 20	18
0 21	28
0 23	37
0 26	31
0 29	45
0 30	29
0 31	26
0 34	39
0 35	34
0 42	19
0 49	33
1 1	24
1 8	22
1 9	11
1 10	7
1 12	4
1 14	1
1 16	10
1 20	12
1 22	35
1 25	13
1 26	8
1 29	37
1 32	49
1 33	36
1 45	30
1 48	41
1 49	14
2 0	21
2 1	20
2 3	46
2 4	26
2 6	29
2 7	23
2 10	6
2 14	40
2 20	0
2 23	13
2 25	41
2 27	37
2 28	11
2 33	16
2 36	14
2 41	9
2 45	2
2 46	18
3 2	48
3 4	32
3 13	30
3 15	44
3 17	33
3 19	38
3 21	21
3 23	34
3 25	29
3 27	4
3 28	1
3 33	15
3 35	9
3 39	31
3 41	2
3 42	47
3 44	45
3 47	25
4 0	44
4 3	20
4 5	40
4 6	43
4 10	3
4 11	4
4 12	27
4 14	13
4 15	46
4 16	41
4 17	29
4 18	17
4 22	2
4 26	47
4 28	32
4 29	31
4 30	0
4 35	48
4 36	45
4 41	37
4 42	12
4 43	10
4 44	25
4 45	39
4 49	24
5 4	25
5 6	14
5 8	46
5 9	20
5 14	28
5 18	3
5 22	13
5 23	6
5 25	15
5 28	31
5 31	42
5 32	4
5 40	49
5 43	29
5 45	10
5 48	22
6 3	21
6 4	4
6 5	38
6 8	12
6 12	9
6 14	11
6 16	43
6 24	33
6 26	3
6 27	7
6 28	30
6 32	23
6 33	49
6 34	8
6 37	19
6 38	18
6 40	42
6 41	31
6 42	44
6 45	46
6 47	34
7 1	3
7 2	34
7 3	15
7 13	13
7 14	7
7 16	18
7 17	22
7 18	41
7 21	45
7 23	42
7 24	47
7 30	30
7 32	19
7 35	4
7 36	1
7 40	38
7 41	25
7 43	31
7 44	44
7 45	35
7 48	43
8 1	26
8 3	0
8 4	21
8 6	31
8 7	44
8 11	20
8 13	12
8 16	7
8 18	13
8 19	29
8 21	11
8 23	27
8 26	2
8 27	18
8 28	47
8 30	14
8 31	4
8 33	40
8 34	16
8 36	42
8 37	38
8 40	17
8 42	24
8 44	33
8 47	1
9 7	8
9 8	17
9 9	12
9 10	44
9 12	3
9 14	39
9 15	9
9 16	37
9 25	26
9 26	34
9 28	45
9 30	13
9 31	11
9 32	30
9 35	18
9 39	46
9 43	5
9 44	10
9 45	0
9 47	23
9 48	24
10 2	39
10 10	45
10 12	10
10 13	0
10 14	29
10 15	21
10 18	23
10 22	1
10 24	44
10 28	12
10 34	32
10 36	26
10 37	31
10 38	3
10 40	22
10 42	37
10 45	27
11 3	31
11 5	13
11 7	17
11 9	35
11 13	36
11 14	10
11 15	41
11 16	8
11 17	18
11 19	11
11 20	30
11 21	44
11 22	25
11 29	0
11 30	23
11 31	5
11 34	37
11 37	21
11 38	7
11 39	9
11 42	40
11 43	34
11 47	15
12 1	37
12 2	0
12 6	5
12 9	4
12 10	25
12 12	6
12 13	38
12 14	17
12 15	26
12 16	9
12 17	39
12 20	24
12 23	36
12 25	33
12 28	44
12 31	10
12 35	8
12 37	18
12 39	41
12 40	48
12 42	43
12 47	42
12 49	22
13 0	43
13 2	21
13 14	24
13 15	32
13 16	15
13 19	45
13 20	40
13 21	10
13 25	4
13 26	5
13 30	3
13 31	20
13 35	39
13 36	23
13 45	22
13 48	16
14 5	49
14 9	13
14 12	38
14 13	44
14 14	30
14 18	7
14 19	32
14 22	3
14 24	46
14 26	22
14 31	8
14 32	21
14 33	34
14 34	45
14 39	25
14 43	39
15 1	35
15 5	37
15 6	33
15 7	1
15 9	10
15 15	24
15 16	30
15 23	46
15 24	19
15 25	32
15 26	21
15 27	45
15 29	13
15 30	16
15 31	9
15 33	3
15 41	6
15 42	18
15 43	42
16 5	15
16 6	39
16 8	16
16 12	8
16 15	34
16 17	6
16 20	4
16 21	37
16 22	12
16 25	11
16 26	19
16 30	2
16 32	27
16 33	31
16 38	44
16 41	28
16 42	45
16 44	20
16 45	49
17 1	0
17 3	18
17 4	6
17 10	35
17 11	34
17 12	13
17 14	45
17 15	3
17 19	2
17 21	23
17 24	49
17 28	5
17 29	48
17 36	8
17 37	41
17 39	1
17 44	4
17 45	33
17 47	29
17 48	12
18 0	12
18 1	15
18 3	44
18 9	1
18 12	11
18 13	33
18 15	49
18 16	17
18 21	13
18 22	0
18 25	14
18 28	8
18 31	25
18 37	10
18 39	27
18 45	29
18 46	35
18 47	40
18 48	21
19 1	5
19 2	26
19 3	11
19 5	22
19 7	28
19 8	19
19 11	6
19 13	42
19 14	38
19 16	45
19 17	13
19 18	35
19 20	8
19 28	29
19 29	3
19 30	4
19 33	10
19 36	15
19 37	47
19 39	16
19 41	48
19 42	31
19 44	14
19 45	18
19 46	1
19 48	30
20 0	34
20 4	18
20 8	20
20 9	36
20 12	48
20 14	22
20 17	31
20 19	21
20 21	3
20 22	29
20 23	12
20 24	41
20 26	17
20 31	40
20 33	47
20 38	37
20 39	43
20 40	9
20 41	26
20 43	45
20 49	15
21 1	25
21 2	49
21 5	0
21 7	47
21 9	33
21 10	2
21 11	43
21 14	44
21 15	10
21 17	30
21 18	9
21 20	3
21 21	26
21 29	20
21 32	36
21 33	5
21 34	23
21 38	46
21 40	39
21 44	8
21 45	7
21 46	22
21 48	6
21 49	48
22 1	23
22 2	14
22 5	17
22 7	11
22 10	46
22 14	36
22 17	49
22 23	44
22 25	9
22 26	29
22 32	22
22 35	43
22 36	39
22 38	13
22 42	42
22 43	7
22 44	47
22 49	40
23 0	29
23 1	21
23 2	3
23 3	4
23 6	26
23 10	9
23 13	46
23 14	6
23 16	27
23 20	35
23 23	20
23 24	25
23 30	1
23 32	45
23 34	18
23 38	11
23 40	44
23 45	12
23 46	42
23 47	31
24 0	35
24 4	37
24 10	43
24 14	48
24 16	12
24 18	20
24 21	22
24 23	1
24 27	46
24 28	7
24 32	24
24 33	44
24 36	40
24 38	28
24 39	29
24 41	36
24 42	5
24 44	34
24 46	9
25 0	7
25 1	10
25 3	3
25 4	20
25 7	46
25 10	33
25 12	29
25 15	40
25 18	48
25 21	36
25 24	9
25 27	44
25 28	49
25 29	8
25 30	27
25 34	11
25 38	16
25 39	28
25 41	17
25 42	38
25 44	37
25 49	31
26 0	46
26 2	30
26 6	2
26 9	45
26 11	37
26 13	35
26 14	19
26 15	22
26 20	47
26 21	14
26 22	18
26 26	32
26 28	43
26 30	17
26 37	5
26 38	41
26 39	26
26 41	8
26 42	49
26 43	0
26 46	10
27 0	39
27 1	46
27 4	9
27 5	47
27 6	44
27 8	33
27 10	4
27 11	16
27 12	30
27 16	14
27 22	22
27 23	7
27 27	36
27 30	42
27 32	1
27 36	34
27 42	27
27 44	5
27 45	28
27 46	24
27 48	20
28 2	5
28 3	43
28 4	10
28 9	41
28 12	47
28 22	31
28 24	30
28 25	34
28 28	39
28 34	21
28 35	1
28 38	24
28 39	22
28 40	3
28 41	33
28 42	32
28 47	7
28 48	38
29 1	44
29 5	36
29 14	8
29 15	47
29 17	42
29 19	3
29 21	0
29 22	27
29 23	45
29 25	21
29 28	6
29 33	7
29 39	18
29 41	30
29 42	41
29 46	33
30 1	7
30 3	5
30 4	40
30 5	28
30 7	20
30 8	36
30 10	0
30 13	31
30 17	43
30 18	12
30 25	37
30 28	22
30 30	25
30 43	21
30 44	15
31 8	6
31 11	10
31 12	7
31 15	31
31 17	16
31 21	25
31 22	21
31 23	11
31 24	26
31 26	20
31 29	17
31 31	48
31 34	38
31 37	15
31 38	29
31 43	49
31 48	33
32 0	30
32 2	37
32 4	43
32 13	41
32 18	46
32 19	36
32 20	22
32 21	42
32 22	45
32 23	9
32 25	38
32 26	12
32 29	25
32 31	0
32 36	29
32 37	8
32 38	39
32 40	20
32 41	14
32 42	3
32 46	2
32 47	4
32 48	5
32 49	1
33 0	18
33 2	29
33 3	32
33 4	16
33 7	3
33 9	31
33 10	20
33 13	2
33 14	25
33 15	13
33 16	21
33 18	49
33 20	9
33 23	14
33 27	10
33 30	28
33 35	33
33 40	47
33 41	7
33 42	6
33 43	27
33 45	34
33 49	43
34 0	47
34 3	28
34 8	32
34 12	24
34 13	15
34 14	31
34 15	14
34 18	10
34 20	1
34 21	12
34 27	39
34 29	9
34 33	2
34 35	46
34 39	44
34 44	16
34 45	37
34 46	17
34 47	38
34 48	8
35 0	15
35 3	45
35 5	29
35 8	43
35 11	9
35 12	20
35 15	11
35 19	25
35 20	49
35 24	23
35 25	7
35 26	13
35 28	19
35 31	12
35 34	17
35 38	26
35 41	4
35 43	22
35 46	48
35 48	39
36 0	49
36 1	19
36 6	35
36 7	9
36 8	18
36 9	21
36 12	16
36 14	27
36 21	40
36 22	24
36 25	22
36 26	44
36 31	43
36 32	31
36 34	20
36 35	36
36 36	4
36 37	1
36 39	32
36 40	11
36 41	0
36 43	46
36 44	41
37 2	46
37 4	14
37 8	24
37 10	30
37 11	11
37 13	39
37 15	19
37 20	7
37 22	23
37 23	5
37 26	18
37 29	2
37 33	48
37 35	40
37 41	47
37 45	44
37 46	34
37 48	0
37 49	35
38 0	45
38 6	11
38 7	2
38 9	30
38 12	25
38 15	12
38 16	32
38 19	16
38 20	14
38 24	37
38 25	17
38 27	0
38 32	6
38 34	34
38 37	27
38 38	23
38 40	29
38 44	43
38 45	20
39 0	22
39 1	8
39 4	46
39 5	42
39 7	5
39 8	30
39 10	41
39 12	17
39 16	26
39 18	40
39 19	9
39 21	18
39 22	44
39 28	35
39 29	38
39 30	19
39 31	16
39 34	49
39 37	3
39 38	48
39 40	6
39 46	0
39 47	12
40 3	33
40 5	21
40 6	36
40 7	40
40 8	37
40 15	35
40 16	23
40 17	45
40 18	44
40 22	11
40 26	41
40 29	29
40 30	31
40 32	20
40 33	12
40 34	0
40 37	13
40 38	43
40 40	25
40 42	1
40 43	32
40 44	28
40 45	38
41 0	33
41 2	44
41 3	47
41 5	25
41 10	49
41 16	46
41 17	1
41 18	24
41 21	19
41 22	26
41 23	22
41 24	14
41 25	43
41 30	8
41 32	48
41 34	9
41 36	20
41 37	36
41 38	0
41 39	10
41 44	21
41 47	30
41 49	41
42 1	33
42 2	27
42 3	19
42 4	8
42 6	40
42 9	6
42 13	32
42 14	20
42 22	7
42 23	24
42 25	31
42 26	25
42 28	28
42 31	23
42 35	45
42 36	22
42 39	42
42 44	46
42 45	43
42 46	16
42 48	9
43 0	32
43 1	16
43 8	48
43 12	44
43 13	49
43 15	20
43 17	4
43 18	2
43 19	22
43 23	30
43 33	46
43 35	38
43 36	10
43 37	25
43 38	12
43 39	15
43 41	35
43 42	7
43 43	19
43 48	45
44 4	27
44 6	15
44 7	21
44 12	36
44 17	41
44 19	0
44 20	42
44 21	5
44 25	19
44 26	35
44 27	8
44 32	7
44 35	6
44 36	43
44 38	22
44 40	34
44 41	46
44 42	28
44 43	18
44 45	48
44 46	25
44 47	14
44 48	40
45 6	9
45 7	29
45 14	3
45 16	34
45 20	39
45 22	5
45 24	48
45 25	23
45 28	41
45 31	27
45 32	47
45 38	21
45 43	30
45 49	6
46 0	27
46 2	33
46 4	49
46 6	25
46 7	38
46 10	21
46 17	8
46 21	47
46 23	10
46 31	46
46 32	17
46 34	14
46 40	1
46 45	15
47 0	36
47 2	45
47 3	26
47 8	2
47 9	9
47 10	5
47 11	18
47 18	22
47 21	48
47 23	0
47 26	10
47 27	40
47 28	20
47 29	33
47 30	11
47 37	49
47 38	34
47 40	31
47 41	16
47 42	13
47 43	38
47 44	32
47 45	17
47 48	42
47 49	44
48 2	12
48 6	22
48 7	10
48 10	15
48 15	1
48 19	39
48 22	33
48 25	48
48 29	27
48 33	43
48 37	46
48 40	37
48 43	11
48 44	35
49 4	28
49 5	44
49 6	23
49 8	13
49 10	12
49 11	36
49 12	21
49 15	29
49 21	4
49 29	7
49 30	39
49 34	27
49 39	14
49 40	41
49 42	9
49 43	25
49 45	31
49 47	47
