50
0 0	23
0 2	45
0 3	46
0 4	9
0 5	24
0 7	41
0 8	47
0 10	35
0 11	2
0 12	14
0 13	34
0 21	12
0 24	21
0 25	7
0 26	0
0 33	29
0 35	22
0 36	25
0 37	27
0 39	31
0 41	38
0 42	1
0 43	30
0 45	8
1 4	36
1 6	38
1 15	17
1 17	1
1 22	28
1 23	5
1 25	31
1 27	35
1 29	30
1 30	12
1 36	8
1 40	11
1 44	49
1 46	29
2 0	20
2 2	10
2 3	47
2 4	0
2 5	15
2 7	31
2 8	11
2 15	7
2 19	3
2 24	43
2 26	1
2 28	45
2 29	24
2 34	41
2 38	21
2 39	38
2 40	22
2 44	39
2 47	28
3 1	28
3 5	25
3 6	46
3 12	30
3 14	23
3 16	48
3 17	20
3 18	16
3 23	6
3 24	40
3 25	45
3 29	29
3 32	39
3 35	32
3 37	35
3 38	12
3 39	17
3 43	11
3 44	3
3 47	8
4 4	46
4 7	18
4 8	39
4 9	37
4 13	44
4 14	9
4 16	34
4 18	1
4 19	11
4 20	19
4 22	30
4 26	2
4 28	3
4 34	29
4 35	6
4 37	5
4 40	13
4 45	0
4 46	24
4 49	12
5 1	0
5 2	31
5 6	16
5 9	15
5 16	1
5 17	4
5 20	45
5 21	27
5 22	48
5 23	38
5 25	47
5 28	34
5 33	32
5 38	13
5 39	2
5 40	12
5 41	43
5 48	3
6 1	22
6 3	15
6 6	8
6 9	3
6 10	16
6 16	23
6 19	31
6 21	13
6 22	44
6 23	9
6 26	46
6 27	47
6 29	42
6 30	24
6 33	19
6 34	17
6 42	36
6 44	33
6 46	49
6 48	29
6 49	20
7 3	17
7 6	42
7 8	25
7 12	16
7 13	31
7 15	43
7 16	35
7 17	30
7 18	10
7 23	23
7 24	3
7 25	26
7 26	5
7 29	32
7 36	37
7 45	39
7 47	48
7 48	41
7 49	15
8 3	48
8 6	35
8 7	36
8 9	0
8 11	32
8 14	24
8 19	45
8 21	8
8 26	37
8 27	28
8 28	6
8 30	47
8 31	49
8 35	26
8 36	11
8 37	21
8 38	4
8 40	20
8 45	33
8 47	12
8 48	10
9 2	43
9 4	37
9 15	45
9 17	24
9 19	16
9 22	41
9 23	10
9 27	14
9 28	8
9 32	13
9 36	18
9 37	9
9 38	17
9 39	40
9 47	30
9 48	12
9 49	31
10 1	38
10 3	44
10 6	37
10 13	26
10 15	28
10 21	24
10 26	13
10 28	9
10 29	20
10 35	21
10 37	40
10 39	0
10 42	10
10 43	34
10 45	43
10 46	1
10 47	25
11 0	42
11 2	15
11 4	19
11 5	20
11 6	10
11 7	3
11 8	0
11 9	49
11 12	44
11 15	32
11 16	27
11 17	39
11 24	25
11 27	7
11 28	23
11 29	40
11 30	2
11 31	12
11 32	8
11 38	34
11 39	35
11 41	45
11 45	30
11 46	17
12 0	6
12 3	36
12 6	2
12 8	26
12 13	17
12 14	37
12 16	46
12 17	40
12 18	34
12 21	41
12 23	39
12 25	27
12 28	11
12 30	28
12 39	12
12 49	45
13 4	40
13 9	21
13 12	24
13 13	39
13 15	0
13 18	11
13 19	28
13 20	34
13 22	26
13 23	15
13 24	18
13 32	17
13 37	30
13 40	43
13 41	47
13 42	12
13 43	7
13 44	6
13 45	22
13 48	31
13 49	38
14 1	31
14 2	20
14 4	4
14 5	47
14 10	22
14 11	12
14 13	25
14 16	43
14 17	38
14 19	18
14 21	33
14 25	24
14 31	35
14 38	30
14 42	17
14 43	45
14 44	15
14 47	34
14 48	1
15 1	29
15 2	19
15 7	14
15 11	37
15 13	23
15 16	16
15 17	10
15 19	36
15 24	42
15 27	43
15 30	4
15 31	11
15 32	24
15 37	32
15 38	25
15 40	40
15 46	27
15 47	18
16 0	3
16 1	7
16 2	4
16 5	41
16 6	0
16 7	9
16 13	47
16 16	14
16 17	25
16 21	1
16 23	46
16 29	18
16 31	22
16 32	11
16 33	49
16 34	2
16 35	37
16 36	21
16 37	13
16 38	44
16 39	10
16 42	43
16 44	42
17 2	28
17 4	33
17 6	20
17 7	16
17 9	6
17 10	3
17 11	31
17 13	30
17 14	46
17 16	18
17 19	10
17 26	41
17 27	21
17 30	14
17 31	39
17 32	36
17 35	0
17 40	35
17 41	37
17 44	34
17 45	40
17 47	1
17 48	25
17 49	9
18 2	11
18 5	45
18 8	35
18 10	38
18 11	21
18 12	2
18 13	20
18 14	25
18 19	39
18 22	5
18 26	7
18 29	0
18 30	6
18 33	40
18 34	19
18 36	24
18 40	41
18 41	1
18 44	37
18 45	29
18 48	28
18 49	44
19 1	11
19 4	5
19 6	6
19 7	25
19 8	38
19 19	32
19 20	47
19 22	29
19 24	33
19 25	49
19 27	16
19 28	24
19 31	10
19 33	45
19 34	13
19 36	31
19 38	46
19 39	20
19 41	34
19 44	26
19 45	12
19 48	48
20 0	44
20 4	45
20 6	7
20 7	17
20 10	9
20 11	47
20 16	49
20 17	11
20 18	12
20 19	43
20 24	5
20 25	34
20 27	13
20 28	15
20 29	27
20 35	35
20 38	10
20 39	1
20 42	39
20 46	20
20 48	30
20 49	14
21 0	39
21 4	31
21 6	11
21 7	20
21 9	13
21 12	47
21 15	38
21 16	19
21 18	8
21 20	10
21 27	45
21 28	25
21 29	34
21 30	36
21 31	26
21 40	32
21 41	30
21 42	22
21 43	15
22 0	41
22 3	27
22 7	7
22 8	13
22 10	4
22 13	35
22 16	25
22 18	17
22 21	38
22 22	39
22 24	24
22 26	22
22 31	36
22 33	10
22 34	48
22 35	1
22 40	21
22 42	19
22 43	26
22 46	32
22 48	2
23 0	33
23 1	30
23 2	22
23 3	42
23 4	12
23 8	14
23 9	9
23 14	11
23 18	43
23 20	48
23 21	37
23 24	7
23 25	41
23 27	20
23 29	10
23 31	4
23 34	21
23 35	36
23 37	17
23 39	45
23 49	29
24 1	27
24 3	31
24 4	10
24 7	28
24 9	2
24 14	14
24 18	4
24 20	33
24 24	44
24 25	12
24 29	22
24 31	32
24 35	41
24 37	7
24 38	35
24 39	42
24 41	21
24 42	45
24 44	24
24 46	6
24 47	39
24 49	48
25 0	1
25 1	44
25 3	12
25 4	27
25 5	16
25 13	15
25 15	30
25 17	9
25 18	14
25 20	8
25 24	34
25 26	39
25 27	31
25 31	6
25 32	46
25 35	47
25 37	18
25 38	24
25 39	48
25 40	42
25 44	19
25 46	45
25 49	4
26 5	6
26 6	33
26 7	43
26 9	47
26 11	42
26 12	46
26 15	48
26 19	17
26 22	27
26 26	28
26 30	31
26 33	22
26 41	0
26 44	18
26 45	44
26 48	13
26 49	25
27 0	25
27 1	49
27 3	24
27 6	31
27 7	4
27 8	45
27 11	5
27 12	27
27 13	9
27 14	17
27 15	14
27 16	30
27 18	22
27 20	39
27 23	35
27 24	41
27 26	44
27 28	32
27 34	8
27 42	6
27 44	7
27 46	10
28 0	40
28 1	16
28 2	17
28 4	21
28 5	12
28 6	24
28 7	48
28 9	25
28 10	11
28 11	3
28 12	20
28 16	37
28 19	1
28 22	14
28 28	41
28 32	49
28 34	6
28 40	4
28 45	42
28 46	15
29 3	37
29 4	29
29 7	27
29 14	35
29 16	11
29 18	26
29 20	12
29 21	14
29 26	47
29 29	46
29 30	22
29 32	20
29 33	43
29 36	6
29 38	7
29 39	24
29 41	23
29 43	10
29 45	48
29 46	33
29 47	32
30 0	34
30 2	38
30 3	10
30 4	11
30 6	21
30 8	20
30 10	23
30 12	29
30 14	15
30 15	36
30 18	46
30 20	25
30 26	32
30 31	43
30 32	0
30 35	31
30 36	49
30 40	3
30 42	5
30 43	16
30 44	45
30 46	30
31 2	44
31 4	20
31 5	8
31 10	14
31 11	13
31 13	11
31 14	22
31 15	49
31 16	21
31 22	37
31 26	38
31 33	31
31 36	45
31 37	10
31 40	25
31 41	3
31 49	5
32 3	1
32 8	18
32 9	38
32 10	45
32 11	39
32 12	48
32 14	36
32 15	24
32 16	42
32 17	46
32 18	41
32 23	20
32 24	16
32 25	32
32 27	34
32 37	14
32 39	26
32 40	49
32 42	31
32 44	0
32 46	8
32 48	43
33 0	5
33 6	26
33 7	0
33 8	24
33 9	18
33 11	16
33 13	14
33 15	1
33 16	12
33 17	42
33 18	47
33 20	15
33 21	43
33 24	27
33 25	10
33 27	4
33 30	25
33 31	28
33 33	34
33 36	39
33 37	36
33 38	33
33 41	7
33 44	21
33 45	35
33 47	45
34 0	4
34 3	5
34 4	8
34 5	23
34 9	42
34 11	46
34 15	29
34 16	20
34 18	15
34 22	13
34 26	10
34 32	30
34 33	9
34 34	31
34 36	2
34 40	16
34 41	14
34 42	47
34 44	43
34 48	26
34 49	49
35 1	23
35 8	48
35 11	40
35 12	43
35 13	6
35 14	3
35 15	27
35 17	14
35 19	46
35 21	26
35 22	22
35 23	1
35 28	5
35 30	42
35 31	41
35 32	33
35 39	49
35 42	11
35 46	16
35 48	21
36 4	13
36 10	12
36 12	39
36 14	44
36 15	26
36 22	9
36 24	45
36 26	17
36 27	25
36 28	36
36 33	0
36 35	4
36 39	6
36 43	2
36 44	11
36 45	34
36 47	47
36 49	32
37 1	9
37 2	40
37 3	19
37 8	15
37 11	6
37 14	47
37 15	42
37 16	22
37 17	41
37 19	0
37 20	26
37 22	33
37 24	31
37 25	38
37 26	49
37 30	30
37 40	18
37 41	29
37 44	13
37 45	45
37 46	11
38 0	10
38 7	24
38 9	11
38 12	42
38 17	23
38 21	9
38 25	25
38 26	30
38 27	0
38 39	47
38 43	38
38 46	37
38 47	2
38 48	4
39 5	31
39 6	25
39 7	38
39 9	30
39 10	29
39 11	10
39 13	40
39 14	7
39 15	19
39 20	41
39 21	42
39 24	13
39 25	44
39 27	46
39 29	39
39 34	3
39 36	17
39 39	18
39 40	8
39 41	4
39 46	36
39 47	20
40 2	7
40 4	35
40 6	14
40 7	13
40 8	22
40 9	12
40 11	18
40 13	0
40 14	33
40 17	49
40 18	2
40 20	40
40 22	21
40 23	42
40 26	29
40 27	30
40 32	27
40 36	9
40 40	45
40 41	48
40 42	15
40 43	24
40 46	28
40 47	38
41 0	37
41 1	15
41 2	30
41 5	29
41 8	5
41 10	18
41 15	22
41 20	31
41 21	10
41 25	19
41 26	3
41 27	32
41 29	16
41 31	27
41 34	34
41 38	9
41 39	43
41 41	2
41 43	25
41 48	49
42 1	13
42 5	33
42 7	40
42 9	34
42 15	39
42 19	24
42 20	37
42 22	46
42 24	20
42 26	9
42 27	42
42 28	31
42 29	45
42 30	7
42 33	18
42 36	0
42 37	4
42 39	36
42 41	35
42 43	5
42 47	22
42 49	28
43 4	43
43 6	1
43 8	27
43 17	5
43 19	34
43 21	21
43 22	38
43 24	28
43 27	18
43 29	25
43 31	33
43 34	16
43 35	30
43 37	11
43 47	40
44 0	45
44 2	34
44 9	7
44 11	35
44 12	9
44 13	19
44 16	41
44 17	32
44 19	26
44 20	36
44 21	20
44 22	15
44 24	37
44 25	40
44 30	17
44 34	4
44 41	6
44 44	14
44 46	12
44 49	22
45 6	15
45 8	46
45 9	10
45 10	25
45 13	5
45 16	28
45 19	35
45 28	30
45 29	31
45 30	11
45 34	49
45 35	42
45 36	12
45 41	24
45 47	9
45 48	14
45 49	40
46 0	15
46 10	49
46 14	10
46 16	0
46 22	36
46 25	30
46 26	12
46 27	26
46 30	16
46 34	27
46 36	32
46 37	39
46 40	31
46 41	20
46 43	6
46 46	25
47 3	20
47 5	44
47 6	30
47 10	36
47 16	9
47 22	7
47 25	23
47 28	28
47 29	48
47 31	13
47 34	32
47 36	4
47 41	27
47 42	41
47 43	43
47 45	21
47 46	35
47 49	34
48 1	42
48 5	40
48 8	28
48 14	34
48 15	21
48 17	36
48 18	27
48 21	6
48 27	23
48 30	0
48 35	3
48 36	20
48 40	7
48 42	24
49 2	6
49 3	25
49 6	48
49 7	49
49 8	31
49 11	41
49 14	32
49 15	9
49 17	12
49 20	2
49 21	30
49 22	20
49 26	35
49 28	1
49 29	8
49 31	23
49 33	39
49 37	19
49 38	36
49 39	16
49 40	47
49 41	42
49 42	46
49 47	44
