50
0 0	48
0 1	36
0 3	35
0 5	21
0 7	45
0 9	14
0 10	39
0 11	1
0 12	32
0 13	41
0 14	46
0 15	24
0 18	25
0 19	16
0 20	19
0 21	6
0 22	18
0 24	5
0 25	15
0 26	29
0 27	9
0 30	26
0 31	12
0 32	44
0 33	4
0 34	40
0 35	38
0 37	13
0 39	17
0 40	10
0 41	0
0 42	23
0 43	33
0 44	8
0 45	31
0 48	2
0 49	7
1 0	27
1 2	42
1 3	16
1 4	21
1 5	44
1 6	0
1 7	5
1 8	11
1 9	46
1 11	8
1 12	3
1 14	2
1 15	4
1 16	19
1 17	26
1 18	36
1 19	20
1 20	39
1 21	40
1 22	12
1 23	30
1 25	32
1 26	45
1 28	13
1 29	23
1 30	25
1 32	29
1 34	28
1 35	41
1 36	31
1 37	37
1 38	18
1 40	47
1 41	33
1 43	17
1 44	6
1 45	9
1 46	49
1 47	22
1 48	14
1 49	35
2 1	12
2 2	0
2 3	31
2 4	19
2 5	46
2 6	44
2 7	2
2 8	39
2 9	4
2 10	28
2 11	16
2 12	17
2 13	11
2 14	9
2 15	48
2 16	42
2 17	35
2 18	5
2 19	14
2 20	29
2 21	30
2 22	13
2 23	1
2 24	26
2 25	21
2 26	18
2 27	27
2 28	25
2 29	45
2 30	7
2 31	49
2 32	40
2 33	22
2 34	34
2 36	36
2 40	32
2 42	20
2 43	41
2 44	15
2 45	33
2 46	47
2 47	3
2 48	23
2 49	6
3 1	4
3 2	18
3 3	22
3 4	42
3 5	16
3 6	30
3 7	43
3 8	2
3 11	33
3 13	12
3 14	38
3 15	20
3 16	37
3 17	44
3 19	23
3 20	32
3 21	8
3 26	15
3 27	49
3 29	31
3 30	29
3 31	24
3 32	3
3 35	17
3 36	47
3 37	40
3 38	14
3 39	34
3 40	5
3 41	21
3 42	1
3 44	39
3 45	0
3 47	10
3 48	26
3 49	9
4 0	43
4 1	37
4 3	28
4 4	20
4 5	11
4 6	10
4 7	8
4 8	12
4 10	33
4 12	21
4 13	39
4 14	18
4 15	47
4 16	2
4 17	40
4 18	1
4 20	38
4 21	25
4 23	35
4 24	14
4 25	34
4 26	6
4 28	36
4 31	48
4 32	22
4 33	13
4 35	9
4 36	49
4 37	7
4 38	16
4 39	45
4 40	3
4 42	30
4 43	19
4 44	17
4 45	46
4 46	32
4 47	44
4 49	15
5 0	41
5 1	9
5 3	44
5 5	28
5 6	21
5 7	3
5 8	27
5 9	11
5 10	17
5 11	23
5 12	42
5 13	7
5 14	10
5 16	18
5 17	32
5 19	45
5 20	15
5 21	13
5 22	34
5 23	29
5 24	30
5 25	19
5 26	38
5 28	47
5 29	25
5 30	39
5 31	8
5 32	20
5 33	36
5 34	37
5 35	1
5 36	40
5 39	5
5 40	48
5 41	26
5 42	46
5 43	6
5 45	24
5 46	33
5 47	14
5 48	35
5 49	22
6 0	49
6 1	32
6 2	36
6 4	12
6 5	23
6 7	35
6 8	24
6 9	9
6 11	29
6 12	5
6 13	26
6 14	21
6 15	18
6 16	7
6 17	46
6 18	40
6 20	20
6 21	15
6 22	17
6 23	44
6 25	30
6 26	11
6 28	4
6 29	19
6 30	43
6 31	0
6 32	33
6 33	25
6 34	39
6 36	45
6 37	41
6 39	42
6 40	28
6 41	34
6 42	6
6 43	3
6 44	27
6 45	47
6 46	22
6 47	38
6 48	1
6 49	37
7 0	25
7 1	3
7 2	22
7 3	40
7 4	16
7 5	12
7 7	30
7 9	23
7 11	47
7 12	26
7 13	2
7 14	11
7 15	44
7 17	13
7 18	6
7 19	21
7 20	10
7 21	34
7 22	20
7 23	5
7 24	0
7 25	49
7 26	9
7 27	32
7 28	46
7 29	42
7 30	14
7 31	36
7 32	38
7 34	8
7 35	39
7 36	29
7 37	33
7 40	17
7 41	48
7 42	37
7 43	31
7 44	35
7 45	27
7 46	28
7 47	7
7 48	45
7 49	19
8 0	4
8 1	27
8 2	31
8 3	49
8 4	14
8 8	18
8 10	10
8 14	44
8 15	0
8 16	16
8 17	5
8 18	33
8 19	30
8 20	17
8 21	3
8 23	36
8 24	12
8 26	1
8 27	46
8 29	29
8 30	6
8 32	39
8 34	47
8 35	15
8 37	9
8 38	11
8 40	42
8 41	23
8 42	24
8 43	40
8 44	7
8 46	20
8 47	45
8 48	32
8 49	26
9 0	3
9 3	17
9 4	0
9 5	31
9 6	25
9 8	10
9 9	30
9 10	29
9 12	16
9 14	24
9 15	12
9 16	44
9 17	28
9 19	36
9 20	35
9 21	21
9 22	23
9 24	37
9 25	9
9 27	22
9 28	20
9 30	2
9 31	27
9 32	41
9 33	26
9 34	4
9 35	19
9 36	18
9 37	11
9 38	6
9 39	33
9 40	49
9 42	15
9 44	5
9 45	48
9 46	1
9 47	43
9 49	8
10 1	15
10 2	39
10 5	38
10 7	14
10 9	42
10 10	22
10 13	25
10 14	35
10 15	40
10 16	31
10 18	49
10 19	13
10 20	21
10 22	32
10 24	7
10 25	27
10 26	3
10 27	45
10 28	6
10 29	10
10 30	18
10 31	46
10 32	12
10 33	23
10 34	2
10 35	26
10 36	48
10 37	0
10 38	1
10 39	8
10 40	43
10 41	9
10 42	28
10 43	36
10 44	47
10 45	37
10 46	44
10 47	33
10 48	19
10 49	24
11 1	0
11 3	24
11 5	34
11 6	28
11 7	12
11 8	43
11 9	3
11 10	15
11 11	5
11 13	4
11 14	39
11 16	17
11 17	21
11 18	46
11 19	35
11 20	47
11 21	23
11 22	19
11 23	31
11 24	44
11 25	22
11 26	10
11 27	1
11 28	49
11 29	40
11 30	16
11 31	18
11 32	13
11 34	33
11 35	45
11 36	9
11 37	26
11 38	2
11 41	7
11 45	8
11 46	42
11 47	27
11 49	25
12 1	11
12 2	14
12 3	4
12 4	6
12 5	0
12 7	41
12 8	3
12 9	16
12 12	47
12 13	32
12 14	26
12 15	17
12 16	36
12 17	27
12 18	29
12 19	22
12 20	33
12 21	2
12 22	5
12 24	45
12 27	34
12 28	21
12 32	8
12 33	7
12 34	46
12 35	35
12 36	44
12 37	12
12 38	19
12 39	43
12 40	18
12 41	40
12 42	31
12 43	28
12 45	23
12 46	13
12 47	25
12 48	9
12 49	1
13 0	30
13 1	16
13 2	5
13 3	26
13 4	37
13 5	35
13 6	43
13 7	47
13 8	36
13 9	32
13 10	12
13 11	18
13 12	19
13 14	27
13 15	15
13 16	14
13 17	42
13 18	34
13 19	11
13 20	9
13 21	49
13 23	23
13 24	41
13 25	24
13 26	31
13 29	8
13 30	17
13 31	20
13 32	0
13 33	29
13 34	1
13 35	2
13 36	7
13 37	6
13 38	13
13 39	25
13 40	38
13 41	22
13 42	44
13 44	28
13 45	45
13 46	40
13 47	21
13 48	48
13 49	4
14 0	2
14 1	45
14 4	10
14 6	9
14 7	25
14 8	17
14 9	35
14 11	41
14 12	27
14 13	48
14 15	13
14 16	5
14 17	22
14 19	31
14 20	6
14 21	47
14 22	14
14 23	4
14 24	1
14 25	36
14 26	49
14 27	7
14 28	40
14 29	37
14 30	28
14 31	34
14 33	16
14 34	12
14 35	42
14 36	8
14 37	29
14 41	20
14 44	46
14 45	30
14 46	0
14 47	19
14 48	21
14 49	44
15 0	45
15 1	26
15 2	16
15 3	5
15 4	35
15 5	8
15 6	18
15 7	28
15 9	48
15 10	20
15 11	22
15 12	29
15 13	1
15 14	15
15 15	46
15 16	25
15 17	47
15 18	41
15 19	37
15 20	14
15 21	12
15 22	30
15 23	3
15 24	6
15 27	21
15 28	17
15 29	24
15 30	49
15 31	9
15 32	32
15 33	42
15 34	31
15 35	7
15 36	39
15 37	36
15 39	0
15 40	13
15 41	4
15 42	38
15 43	23
15 44	10
15 46	2
15 47	34
15 48	40
15 49	11
16 0	15
16 1	7
16 2	1
16 3	20
16 4	43
16 7	13
16 8	40
16 9	17
16 10	9
16 11	36
16 14	5
16 15	32
16 16	45
16 18	37
16 19	29
16 20	11
16 22	6
16 23	39
16 24	10
16 25	38
16 26	26
16 27	8
16 28	3
16 29	14
16 30	27
16 31	44
16 32	2
16 34	22
16 35	47
16 37	16
16 39	35
16 40	19
16 41	18
16 42	34
16 44	23
16 46	30
16 47	49
16 48	0
16 49	42
17 0	46
17 2	41
17 3	11
17 4	9
17 5	32
17 6	19
17 7	1
17 8	21
17 9	38
17 11	7
17 12	31
17 14	16
17 15	39
17 16	48
17 18	8
17 20	40
17 21	37
17 22	33
17 23	20
17 24	23
17 25	12
17 26	22
17 28	27
17 29	5
17 30	30
17 32	4
17 33	44
17 34	15
17 35	28
17 36	24
17 37	47
17 38	3
17 39	14
17 41	42
17 42	25
17 43	29
17 45	18
17 47	26
17 48	13
18 0	9
18 1	29
18 2	7
18 3	39
18 4	46
18 5	10
18 6	5
18 7	37
18 8	8
18 10	13
18 11	3
18 12	34
18 13	6
18 14	41
18 16	23
18 17	20
18 18	35
18 20	36
18 22	0
18 23	19
18 25	17
18 26	16
18 27	30
18 29	21
18 30	24
18 31	47
18 33	33
18 34	32
18 37	27
18 38	26
18 39	49
18 40	25
18 41	44
18 42	2
18 43	22
18 44	18
18 45	42
18 46	15
18 47	28
18 49	40
19 0	29
19 1	21
19 2	19
19 5	42
19 6	49
19 7	33
19 8	22
19 9	43
19 10	27
19 11	24
19 12	38
19 13	13
19 14	28
19 18	30
19 19	26
19 20	18
19 22	10
19 23	45
19 26	17
19 27	23
19 28	34
19 29	0
19 30	8
19 31	40
19 34	16
19 35	32
19 37	35
19 39	1
19 41	14
19 42	4
19 43	48
19 44	12
19 45	41
19 46	46
19 47	15
19 48	44
19 49	39
20 0	21
20 1	34
20 2	26
20 3	10
20 4	8
20 5	13
20 6	1
20 7	6
20 8	42
20 9	2
20 10	32
20 11	28
20 12	37
20 13	44
20 14	7
20 15	16
20 16	11
20 17	23
20 18	14
20 19	5
20 20	48
20 21	43
20 22	38
20 23	41
20 24	20
20 26	35
20 27	12
20 28	9
20 29	18
20 30	19
20 31	29
20 32	24
20 34	25
20 35	22
20 36	3
20 37	30
20 39	4
20 40	46
20 41	31
20 42	0
20 44	36
20 45	49
20 46	45
20 48	27
20 49	33
21 0	44
21 2	40
21 3	7
21 4	17
21 5	45
21 6	47
21 7	23
21 8	1
21 9	41
21 10	25
21 11	15
21 13	27
21 14	22
21 15	14
21 16	9
21 17	39
21 18	3
21 19	24
21 20	0
21 22	4
21 23	8
21 24	42
21 25	31
21 26	48
21 27	26
21 29	33
21 30	35
21 31	32
21 32	37
21 33	49
21 34	21
21 35	34
21 36	6
21 37	46
21 38	29
21 39	16
21 40	20
21 42	36
21 43	5
21 44	43
21 45	11
21 46	19
21 47	13
21 49	2
22 0	33
22 2	20
22 4	28
22 5	30
22 6	41
22 8	44
22 9	40
22 10	11
22 11	6
22 12	13
22 13	23
22 15	10
22 17	31
22 18	18
22 19	49
22 21	4
22 22	21
22 23	9
22 24	38
22 25	1
22 26	2
22 28	26
22 30	48
22 31	19
22 32	7
22 33	39
22 34	29
22 38	42
22 39	3
22 40	35
22 42	8
22 43	14
22 44	22
22 45	16
22 46	27
22 47	46
22 48	37
23 0	12
23 1	14
23 3	13
23 4	36
23 6	34
23 8	35
23 9	31
23 10	7
23 11	38
23 13	8
23 14	19
23 16	33
23 18	23
23 19	41
23 20	46
23 21	44
23 22	43
23 23	22
23 24	3
23 25	10
23 26	4
23 27	15
23 28	0
23 29	30
23 30	9
23 31	26
23 32	16
23 34	20
23 35	37
23 37	48
23 38	45
23 39	28
23 40	6
23 41	39
23 42	21
23 43	32
23 44	1
23 45	2
23 46	17
23 47	40
23 48	5
23 49	29
24 1	23
24 2	30
24 3	3
24 4	32
24 5	26
24 6	13
24 7	4
24 9	37
24 10	16
24 12	15
24 13	28
24 14	48
24 16	20
24 17	45
24 18	47
24 19	7
24 20	44
24 22	8
24 23	24
24 24	19
24 26	27
24 27	36
24 28	29
24 29	41
24 30	22
24 31	5
24 32	46
24 33	18
24 34	14
24 36	34
24 37	31
24 40	40
24 43	42
24 45	21
24 48	17
24 49	43
25 1	8
25 2	10
25 3	33
25 4	5
25 5	37
25 6	26
25 7	38
25 8	41
25 12	23
25 13	30
25 16	29
25 17	48
25 19	19
25 20	25
25 21	31
25 22	46
25 23	7
25 24	35
25 25	45
25 26	32
25 27	16
25 28	24
25 30	0
25 31	42
25 32	34
25 33	21
25 34	11
25 36	17
25 37	15
25 38	28
25 39	9
25 40	39
25 41	2
25 42	43
25 43	44
25 46	12
25 47	1
25 48	4
26 0	34
26 2	9
26 3	15
26 4	38
26 5	41
26 7	27
26 8	30
26 9	10
26 10	37
26 11	17
26 12	12
26 13	22
26 14	31
26 15	19
26 16	40
26 17	43
26 18	45
26 20	7
26 21	16
26 22	24
26 23	32
26 25	29
26 28	18
26 29	28
26 30	13
26 31	14
26 32	48
26 33	11
26 34	6
26 36	26
26 37	1
26 39	21
26 40	44
26 41	35
26 42	33
26 44	0
26 46	5
26 48	49
26 49	23
27 0	19
27 1	22
27 2	44
27 3	9
27 7	32
27 8	0
27 9	29
27 10	3
27 12	43
27 13	33
27 14	34
27 15	27
27 16	41
27 17	14
27 18	2
27 19	17
27 20	42
27 21	20
27 22	39
27 23	38
27 24	31
27 25	23
27 26	12
27 27	28
27 28	11
27 29	6
27 30	4
27 31	7
27 32	36
27 33	10
27 34	49
27 36	46
27 37	25
27 39	13
27 41	45
27 42	35
27 43	18
27 44	24
27 46	48
27 47	16
27 48	15
27 49	30
28 0	17
28 1	41
28 2	11
28 3	46
28 5	18
28 7	40
28 8	37
28 9	44
28 10	2
28 11	35
28 12	33
28 13	3
28 14	6
28 16	38
28 17	19
28 18	10
28 19	39
28 21	27
28 22	1
28 23	13
28 25	43
28 26	23
28 27	25
28 28	42
28 29	48
28 30	45
28 32	15
28 34	9
28 36	4
28 38	0
28 39	20
28 40	22
28 41	24
28 42	5
28 43	47
28 44	29
28 45	14
28 46	21
28 47	12
28 48	34
28 49	28
29 0	16
29 2	6
29 4	1
29 5	7
29 6	33
29 7	22
29 8	26
29 9	25
29 10	40
29 11	43
29 13	37
29 14	0
29 17	30
29 18	38
29 19	42
29 20	23
29 21	32
29 22	11
29 23	2
29 24	34
29 25	13
29 27	35
29 28	19
29 29	17
29 30	47
29 31	3
29 33	41
29 35	48
29 36	15
29 37	14
29 38	44
29 39	18
29 40	45
29 41	28
29 42	49
29 45	20
29 46	24
29 48	8
29 49	5
30 0	31
30 1	17
30 2	8
30 3	6
30 5	9
30 6	45
30 7	10
30 8	49
30 9	27
30 11	44
30 12	36
30 13	5
30 15	33
30 16	15
30 17	29
30 18	21
30 19	1
30 21	42
30 23	37
30 24	40
30 25	11
30 26	28
30 27	48
30 28	23
30 30	41
30 31	13
30 32	14
30 33	47
30 34	18
30 35	46
30 36	2
30 37	20
30 38	4
30 39	22
30 40	12
30 41	30
30 42	32
30 43	16
30 44	19
30 45	38
30 46	7
30 47	39
30 49	0
31 1	18
31 2	33
31 3	29
31 4	47
31 5	39
31 6	27
31 7	19
31 9	8
31 10	6
31 11	32
31 12	0
31 14	17
31 16	21
31 17	11
31 19	46
31 20	34
31 21	9
31 22	44
31 25	42
31 26	5
31 27	20
31 28	2
31 30	36
31 31	16
31 32	49
31 33	37
31 35	43
31 36	1
31 37	45
31 39	12
31 40	26
31 41	3
31 42	40
31 43	30
31 44	4
31 45	10
31 46	31
31 47	23
31 48	38
32 0	47
32 1	1
32 2	21
32 5	49
32 6	7
32 7	48
32 8	38
32 9	33
32 10	42
32 11	46
32 12	39
32 14	30
32 19	9
32 20	24
32 22	37
32 23	12
32 24	8
32 25	18
32 26	0
32 27	44
32 28	28
32 29	27
32 32	45
32 33	3
32 34	43
32 37	5
32 38	23
32 39	29
32 40	15
32 41	41
32 43	20
32 44	31
32 45	4
32 47	32
32 48	11
32 49	14
33 0	20
33 1	2
33 2	32
33 3	19
33 4	18
33 6	38
33 7	16
33 8	46
33 9	49
33 13	31
33 14	45
33 15	5
33 16	4
33 18	39
33 19	27
33 21	48
33 22	41
33 25	44
33 26	13
33 27	14
33 29	9
33 30	21
33 31	10
33 32	6
33 33	12
33 34	7
33 35	36
33 36	35
33 37	43
33 38	25
33 39	47
33 41	11
33 42	29
33 43	34
33 45	15
33 47	0
33 48	28
33 49	3
34 1	44
34 2	24
34 3	48
34 4	30
34 5	22
34 6	6
34 7	11
34 8	45
34 9	13
34 10	14
34 11	25
34 12	9
34 13	29
34 14	4
34 15	21
34 16	8
34 17	3
34 18	16
34 19	32
34 20	12
34 21	33
34 22	49
34 24	18
34 25	41
34 26	36
34 27	47
34 28	5
34 29	38
34 30	37
34 31	39
34 32	28
34 34	0
34 35	31
34 36	10
34 38	20
34 39	23
34 41	15
34 43	1
34 44	40
34 45	19
34 48	42
34 49	34
35 0	42
35 1	20
35 2	45
35 3	18
35 4	23
35 5	43
35 6	46
35 7	0
35 8	32
35 10	1
35 11	49
35 13	40
35 14	13
35 16	26
35 17	12
35 18	9
35 19	47
35 21	5
35 23	25
35 24	21
35 25	4
35 26	30
35 27	11
35 28	48
35 29	3
35 31	28
35 33	15
35 34	36
35 35	44
35 36	37
35 37	24
35 38	7
35 39	27
35 41	6
35 42	19
35 43	10
35 44	2
35 45	22
35 48	16
36 0	13
36 2	2
36 4	27
36 5	25
36 6	35
36 7	46
36 8	15
36 9	26
36 10	48
36 11	40
36 12	14
36 13	17
36 14	42
36 15	23
36 16	30
36 18	24
36 19	12
36 20	4
36 21	41
36 23	33
36 25	37
36 26	47
36 27	18
36 30	31
36 31	22
36 32	19
36 33	0
36 34	44
36 35	20
36 36	28
36 37	10
36 38	5
36 39	6
36 40	34
36 41	16
36 42	9
36 43	43
36 44	11
36 45	3
36 46	8
36 47	36
36 48	39
36 49	21
37 1	13
37 2	49
37 3	41
37 5	20
37 6	39
37 8	16
37 9	6
37 11	45
37 13	38
37 15	31
37 16	34
37 18	32
37 19	33
37 20	27
37 21	28
37 22	48
37 23	26
37 24	24
37 26	21
37 27	42
37 28	43
37 29	12
37 30	15
37 32	47
37 33	17
37 34	19
37 36	14
37 38	37
37 39	40
37 41	36
37 42	11
37 43	35
37 44	9
37 46	18
37 47	30
37 48	22
37 49	46
38 2	29
38 3	43
38 6	40
38 7	24
38 10	34
38 11	14
38 12	35
38 13	42
38 14	33
38 15	11
38 16	10
38 17	18
38 18	20
38 19	4
38 20	1
38 21	22
38 22	15
38 23	47
38 24	46
38 25	7
38 26	37
38 27	2
38 28	39
38 29	16
38 30	44
38 31	23
38 32	30
38 34	48
38 35	8
38 36	5
38 37	49
38 38	9
38 39	19
38 42	17
38 43	25
38 45	6
38 47	31
38 48	12
38 49	36
39 0	14
39 2	34
39 4	31
39 5	29
39 6	4
39 7	17
39 8	7
39 9	28
39 10	41
39 11	0
39 12	22
39 13	16
39 14	20
39 15	8
39 16	49
39 17	36
39 18	44
39 21	45
39 22	40
39 25	47
39 26	43
39 27	19
39 29	46
39 32	11
39 34	26
39 35	30
39 36	12
39 37	38
39 38	33
39 39	48
39 40	23
39 41	13
39 42	42
39 43	37
39 44	25
39 45	35
39 46	39
39 47	5
39 48	18
39 49	10
40 0	36
40 1	40
40 2	25
40 3	1
40 4	39
40 5	5
40 6	2
40 7	31
40 8	48
40 10	45
40 11	19
40 12	18
40 15	6
40 16	12
40 17	10
40 18	4
40 19	43
40 20	28
40 21	17
40 22	22
40 23	0
40 24	11
40 25	26
40 28	35
40 29	13
40 30	46
40 31	37
40 32	9
40 33	38
40 35	21
40 36	33
40 37	44
40 38	34
40 40	27
40 41	32
40 42	47
40 43	49
40 44	42
40 45	7
40 47	41
40 49	16
41 0	37
41 1	33
41 2	15
41 3	21
41 5	2
41 8	47
41 9	7
41 10	43
41 12	24
41 13	14
41 14	29
41 15	38
41 17	6
41 19	3
41 20	13
41 21	1
41 22	16
41 23	49
41 24	22
41 25	0
41 27	5
41 28	8
41 29	4
41 30	40
41 32	10
41 33	30
41 34	35
41 35	23
41 36	42
41 37	28
41 38	31
41 40	11
41 42	41
41 43	9
41 44	44
41 45	39
41 46	25
41 47	18
41 48	46
41 49	32
42 0	0
42 1	19
42 2	3
42 3	2
42 4	26
42 5	15
42 6	14
42 8	33
42 10	21
42 11	30
42 12	46
42 13	9
42 14	47
42 15	37
42 16	22
42 17	24
42 18	43
42 19	44
42 20	49
42 24	27
42 25	16
42 26	39
42 27	41
42 28	10
42 29	7
42 30	42
42 31	6
42 32	23
42 33	8
42 34	17
42 37	18
42 38	40
42 39	31
42 40	29
42 44	32
42 45	12
42 46	38
42 47	4
42 48	20
42 49	45
43 0	40
43 1	46
43 2	17
43 3	42
43 4	33
43 5	1
43 6	8
43 9	21
43 10	5
43 12	45
43 13	34
43 14	32
43 15	2
43 16	43
43 18	22
43 19	28
43 20	30
43 21	38
43 22	47
43 24	49
43 25	14
43 26	24
43 27	0
43 29	39
43 30	20
43 31	25
43 32	35
43 33	48
43 35	18
43 36	11
43 37	3
43 38	10
43 39	26
43 40	31
43 41	19
43 43	4
43 44	41
43 45	13
43 46	29
43 48	36
43 49	27
44 0	38
44 2	13
44 3	37
44 7	29
44 8	23
44 9	20
44 11	2
44 12	7
44 13	49
44 14	12
44 15	22
44 16	24
44 17	1
44 18	27
44 21	36
44 22	26
44 23	18
44 24	48
44 25	46
44 26	40
44 27	6
44 28	45
44 29	15
44 30	5
44 31	11
44 33	14
44 34	30
44 36	19
44 37	42
44 38	41
44 39	44
44 40	9
44 41	47
44 42	39
44 43	0
44 44	33
44 45	34
44 46	10
44 47	35
44 48	43
44 49	31
45 0	10
45 1	42
45 2	38
45 3	45
45 5	40
45 6	36
45 7	49
45 8	5
45 9	18
45 10	19
45 11	21
45 12	1
45 13	47
45 14	37
45 16	35
45 17	0
45 18	31
45 19	15
45 20	43
45 21	26
45 22	9
45 23	48
45 24	28
45 25	20
45 26	7
45 27	29
45 28	41
45 29	2
45 30	34
45 31	33
45 32	25
45 34	27
45 36	23
45 37	17
45 39	24
45 40	4
45 41	46
45 42	22
45 44	13
45 47	11
45 49	12
46 0	6
46 1	43
46 2	35
46 3	34
46 4	15
46 5	19
46 6	23
46 8	31
46 9	47
46 12	2
46 13	0
46 14	1
46 16	28
46 17	4
46 19	40
46 20	37
46 21	29
46 23	21
46 25	5
46 26	41
46 27	13
46 29	36
46 30	11
46 31	38
46 32	18
46 33	32
46 34	45
46 36	22
46 37	39
46 38	30
46 39	10
46 40	33
46 41	49
46 42	3
46 43	7
46 44	14
46 45	44
46 46	26
46 48	24
47 0	7
47 1	10
47 2	48
47 3	8
47 4	41
47 5	6
47 6	3
47 7	44
47 8	20
47 10	4
47 11	9
47 12	49
47 13	18
47 15	43
47 16	0
47 17	25
47 18	17
47 19	34
47 21	39
47 22	29
47 24	15
47 26	19
47 28	14
47 30	32
47 31	31
47 33	2
47 34	38
47 35	12
47 37	21
47 38	35
47 39	46
47 40	36
47 41	5
47 42	16
47 43	27
47 44	37
47 46	23
47 47	24
47 48	47
47 49	13
48 1	6
48 2	23
48 3	0
48 4	45
48 6	11
48 8	9
48 9	34
48 10	49
48 11	10
48 12	44
48 13	43
48 14	25
48 17	15
48 18	28
48 19	38
48 20	31
48 21	46
48 22	7
48 23	14
48 24	39
48 25	35
48 26	20
48 27	40
48 29	22
48 31	17
48 32	5
48 33	27
48 34	42
48 35	16
48 36	32
48 37	19
48 38	47
48 39	2
48 40	30
48 41	37
48 43	24
48 44	3
48 45	29
48 47	48
48 48	33
49 1	25
49 2	4
49 3	27
49 5	14
49 6	29
49 7	20
49 8	13
49 9	1
49 10	47
49 11	11
49 12	41
49 13	19
49 14	49
49 15	28
49 16	46
49 17	38
49 18	7
49 19	18
49 20	5
49 21	10
49 23	6
49 24	32
49 25	40
49 29	44
49 30	12
49 31	35
49 32	42
49 33	9
49 34	24
49 35	0
49 36	21
49 37	22
49 38	15
49 39	39
49 41	8
49 43	26
49 44	34
49 46	43
49 47	2
49 48	30
49 49	48
