50
0 0	13
0 1	30
0 3	7
0 5	37
0 11	6
0 12	8
0 13	0
0 14	10
0 15	9
0 16	34
0 17	19
0 18	49
0 19	44
0 20	31
0 21	48
0 22	4
0 23	33
0 24	29
0 25	3
0 26	1
0 28	26
0 29	43
0 35	23
0 36	11
0 37	25
0 40	39
0 42	28
0 43	35
0 45	47
0 46	36
0 48	46
0 49	18
1 0	29
1 2	36
1 3	35
1 4	41
1 7	8
1 8	45
1 11	15
1 12	44
1 13	18
1 14	4
1 15	5
1 16	24
1 18	12
1 23	48
1 25	23
1 26	7
1 27	38
1 28	47
1 30	27
1 35	28
1 39	49
1 41	6
1 42	32
1 43	17
1 44	2
1 45	33
1 47	34
1 48	42
1 49	20
2 0	44
2 1	49
2 3	20
2 4	8
2 6	25
2 8	6
2 12	35
2 13	32
2 15	17
2 16	47
2 18	19
2 19	10
2 20	12
2 24	7
2 25	2
2 26	31
2 27	13
2 28	4
2 32	9
2 34	28
2 35	30
2 37	21
2 38	15
2 41	46
2 42	42
2 43	43
2 48	5
3 0	37
3 2	29
3 4	30
3 6	46
3 7	34
3 10	1
3 11	25
3 12	14
3 13	22
3 15	28
3 16	32
3 19	36
3 21	2
3 24	31
3 25	49
3 28	3
3 29	16
3 31	27
3 33	42
3 36	23
3 37	4
3 39	39
3 42	5
3 43	26
3 46	45
3 48	17
4 0	17
4 1	14
4 2	49
4 3	22
4 4	3
4 7	0
4 9	42
4 12	4
4 13	36
4 14	21
4 15	31
4 16	37
4 19	13
4 22	23
4 23	47
4 24	44
4 27	5
4 29	20
4 30	26
4 31	1
4 32	24
4 33	40
4 34	29
4 37	48
4 38	11
4 39	32
4 41	25
4 42	45
4 43	39
4 46	15
4 47	7
4 48	19
5 1	22
5 2	3
5 4	44
5 5	40
5 7	28
5 9	9
5 12	5
5 13	34
5 15	26
5 17	46
5 18	27
5 20	24
5 21	1
5 22	31
5 25	0
5 28	13
5 29	30
5 30	37
5 33	6
5 34	36
5 35	35
5 36	7
5 37	49
5 40	41
5 42	33
5 43	10
5 44	38
5 47	11
6 0	0
6 2	20
6 3	23
6 6	33
6 8	9
6 10	44
6 12	19
6 13	24
6 14	42
6 16	46
6 18	36
6 20	30
6 21	14
6 23	27
6 24	38
6 25	13
6 26	10
6 27	41
6 28	12
6 29	7
6 31	17
6 32	31
6 34	48
6 35	22
6 37	11
6 38	5
6 40	37
6 41	47
6 42	8
6 44	49
6 46	35
6 47	43
6 48	34
6 49	29
7 1	28
7 2	31
7 3	42
7 5	0
7 6	38
7 7	24
7 9	25
7 10	27
7 12	41
7 16	39
7 18	34
7 19	23
7 21	8
7 22	17
7 23	7
7 27	20
7 28	49
7 29	32
7 30	15
7 32	19
7 33	29
7 35	2
7 36	36
7 37	45
7 40	21
7 43	47
7 44	10
7 45	6
7 46	4
7 47	37
7 48	48
7 49	22
8 0	5
8 3	4
8 6	47
8 7	3
8 9	43
8 10	9
8 11	41
8 12	22
8 13	37
8 14	23
8 15	48
8 16	16
8 17	30
8 20	32
8 21	40
8 22	24
8 24	20
8 25	36
8 26	26
8 27	31
8 28	17
8 30	2
8 32	28
8 33	25
8 34	18
8 36	39
8 38	13
8 39	38
8 40	29
8 42	35
8 44	45
8 45	19
8 46	8
8 48	6
8 49	11
9 0	7
9 4	2
9 5	20
9 6	17
9 7	46
9 8	49
9 10	45
9 11	35
9 14	29
9 15	6
9 16	22
9 17	0
9 19	27
9 20	8
9 22	37
9 24	12
9 26	19
9 27	15
9 29	10
9 30	9
9 31	32
9 32	13
9 33	41
9 34	11
9 35	21
9 37	33
9 42	39
9 43	34
9 44	40
9 47	5
9 48	36
10 0	28
10 1	19
10 3	1
10 4	11
10 7	10
10 8	37
10 10	48
10 11	36
10 12	27
10 13	33
10 14	24
10 16	17
10 22	0
10 23	25
10 24	16
10 27	3
10 29	8
10 31	23
10 32	32
10 34	15
10 35	12
10 36	40
10 38	26
10 39	2
10 40	20
10 42	31
10 45	41
10 47	22
10 48	44
11 3	36
11 4	38
11 5	13
11 6	37
11 7	20
11 10	24
11 11	8
11 12	45
11 15	44
11 17	35
11 18	26
11 20	39
11 21	49
11 24	3
11 25	41
11 27	48
11 29	42
11 30	32
11 33	22
11 36	17
11 37	27
11 38	6
11 39	31
11 43	46
11 45	16
11 47	12
11 49	21
12 0	1
12 1	2
12 2	24
12 3	12
12 5	47
12 7	18
12 8	13
12 9	40
12 11	17
12 14	19
12 16	30
12 19	15
12 20	14
12 21	3
12 24	49
12 25	26
12 26	11
12 27	27
12 31	39
12 32	5
12 33	34
12 36	28
12 37	22
12 38	29
12 40	45
12 44	44
12 45	35
12 46	10
12 47	21
13 0	15
13 1	31
13 2	34
13 6	35
13 8	14
13 10	49
13 11	26
13 12	13
13 13	42
13 14	16
13 16	28
13 18	21
13 19	5
13 20	7
13 21	45
13 23	40
13 25	33
13 26	37
13 27	4
13 29	12
13 30	46
13 31	22
13 32	1
13 33	9
13 38	39
13 40	44
13 47	0
13 49	25
14 0	19
14 4	13
14 6	39
14 8	10
14 9	32
14 11	24
14 12	46
14 13	16
14 15	1
14 19	42
14 21	35
14 24	36
14 26	43
14 29	9
14 32	29
14 34	49
14 35	4
14 39	18
14 40	0
14 41	2
14 43	37
14 44	3
14 45	20
14 47	6
14 48	28
14 49	40
15 0	6
15 1	20
15 2	23
15 4	33
15 5	21
15 7	12
15 8	2
15 10	7
15 12	38
15 13	48
15 15	39
15 16	44
15 17	5
15 19	9
15 20	29
15 21	18
15 24	22
15 27	34
15 29	3
15 30	25
15 31	19
15 33	43
15 38	10
15 43	14
15 44	15
15 45	46
15 46	37
15 48	11
15 49	26
16 2	37
16 3	6
16 6	49
16 7	13
16 8	43
16 9	34
16 10	41
16 15	36
16 16	15
16 17	24
16 18	29
16 19	18
16 20	9
16 23	17
16 24	47
16 25	14
16 26	32
16 27	44
16 28	40
16 29	35
16 30	22
16 31	3
16 32	4
16 33	46
16 34	1
16 35	8
16 37	23
16 38	30
16 39	11
16 44	42
16 45	45
16 46	0
16 47	48
16 48	2
16 49	27
17 0	16
17 2	10
17 3	44
17 7	15
17 11	30
17 12	9
17 14	0
17 16	31
17 17	11
17 20	13
17 22	1
17 23	39
17 24	24
17 27	14
17 28	19
17 30	49
17 31	21
17 32	18
17 33	45
17 35	48
17 36	33
17 37	38
17 38	4
17 39	20
17 40	22
17 41	28
17 44	41
17 45	40
17 46	3
17 47	25
17 48	8
17 49	36
18 1	40
18 2	38
18 5	46
18 6	34
18 8	47
18 9	28
18 11	29
18 12	18
18 13	30
18 14	39
18 15	14
18 16	35
18 20	0
18 22	25
18 24	13
18 27	17
18 28	32
18 29	4
18 30	33
18 31	2
18 32	16
18 35	11
18 36	22
18 37	1
18 40	3
18 41	48
18 47	27
18 49	5
19 1	42
19 3	25
19 4	48
19 5	2
19 6	1
19 7	19
19 8	4
19 11	16
19 12	49
19 13	13
19 14	36
19 15	38
19 16	23
19 18	35
19 19	24
19 20	45
19 21	41
19 22	47
19 25	10
19 26	18
19 27	32
19 28	29
19 29	11
19 30	7
19 31	5
19 32	0
19 33	39
19 34	27
19 35	31
19 36	30
19 37	15
19 38	34
19 43	6
19 44	37
19 45	44
19 47	28
19 48	43
20 0	3
20 5	10
20 6	40
20 7	43
20 8	18
20 10	6
20 11	19
20 12	32
20 14	33
20 16	42
20 19	16
20 22	2
20 24	5
20 25	1
20 27	9
20 29	48
20 30	36
20 31	24
20 33	17
20 36	45
20 37	34
20 38	0
20 39	14
20 42	20
20 43	21
20 44	8
20 45	31
20 46	49
20 47	13
20 48	27
20 49	28
21 0	45
21 2	7
21 4	31
21 7	35
21 9	39
21 10	47
21 11	22
21 16	3
21 20	4
21 22	42
21 24	2
21 25	37
21 26	16
21 28	44
21 29	18
21 34	46
21 35	26
21 36	41
21 37	9
21 38	25
21 40	1
21 46	13
21 47	36
21 49	6
22 1	6
22 3	16
22 5	23
22 6	43
22 7	38
22 11	3
22 13	11
22 14	1
22 21	39
22 24	15
22 27	0
22 28	10
22 29	27
22 30	17
22 33	49
22 34	41
22 35	20
22 39	4
22 41	12
22 42	14
22 45	22
22 46	42
22 48	45
23 2	0
23 3	30
23 4	36
23 7	2
23 8	31
23 11	49
23 12	37
23 14	11
23 15	8
23 16	14
23 18	40
23 19	22
23 21	46
23 23	3
23 24	10
23 25	18
23 29	29
23 30	23
23 31	35
23 34	42
23 35	7
23 36	4
23 37	13
23 39	1
23 40	34
23 41	38
23 43	12
23 45	48
23 46	16
23 47	9
23 49	32
24 0	35
24 2	2
24 3	5
24 5	41
24 8	30
24 12	16
24 16	33
24 19	11
24 20	21
24 23	24
24 24	4
24 26	14
24 28	36
24 30	38
24 31	6
24 33	13
24 36	15
24 38	44
24 42	1
24 44	9
24 45	3
24 46	43
24 47	8
24 48	18
25 0	21
25 1	32
25 2	40
25 3	9
25 4	24
25 5	17
25 7	49
25 8	29
25 10	4
25 12	2
25 18	6
25 20	3
25 21	30
25 23	35
25 24	25
25 25	16
25 27	11
25 28	34
25 29	37
25 31	26
25 32	15
25 34	13
25 36	1
25 37	7
25 38	23
25 39	10
25 40	18
25 41	41
25 47	38
25 49	43
26 1	41
26 3	37
26 5	36
26 8	17
26 9	16
26 10	42
26 11	33
26 12	23
26 13	21
26 17	44
26 18	15
26 19	25
26 20	46
26 25	40
26 26	20
26 27	7
26 28	31
26 29	19
26 34	26
26 35	9
26 37	2
26 39	45
26 40	4
26 42	24
26 44	39
26 45	1
26 46	11
26 47	49
26 48	10
27 0	41
27 1	44
27 2	17
27 3	32
27 7	48
27 11	13
27 12	42
27 13	23
27 14	46
27 15	18
27 16	19
27 20	37
27 21	10
27 22	14
27 23	22
27 24	30
27 26	45
27 30	21
27 31	40
27 33	27
27 34	34
27 35	5
27 37	28
27 38	36
27 39	25
27 40	9
27 41	8
27 43	31
27 44	29
27 45	49
27 47	20
27 48	15
27 49	1
28 2	42
28 3	40
28 5	26
28 6	9
28 7	30
28 9	47
28 10	15
28 11	10
28 12	12
28 13	19
28 14	49
28 15	22
28 17	23
28 18	11
28 19	6
28 20	38
28 21	25
28 22	33
28 25	31
28 31	4
28 32	35
28 33	14
28 35	3
28 36	27
28 39	17
28 40	16
28 41	7
28 42	46
28 45	2
28 47	24
28 49	37
29 3	27
29 7	22
29 8	20
29 9	15
29 10	30
29 11	45
29 13	28
29 15	3
29 16	12
29 19	41
29 20	25
29 21	32
29 22	26
29 23	19
29 24	35
29 27	1
29 28	11
29 29	47
29 30	4
29 31	44
29 32	21
29 33	38
29 35	0
29 38	8
29 39	42
29 41	13
29 42	40
29 44	31
29 45	37
29 47	10
29 48	24
29 49	14
30 0	8
30 1	18
30 4	28
30 6	6
30 11	5
30 12	36
30 13	20
30 14	15
30 15	12
30 16	0
30 17	34
30 18	22
30 19	7
30 20	44
30 21	11
30 22	38
30 23	9
30 24	14
30 25	19
30 26	30
30 27	37
30 28	25
30 29	31
30 30	41
30 33	35
30 34	10
30 35	40
30 36	26
30 37	3
30 38	47
30 39	43
30 41	33
30 42	48
30 43	1
30 44	32
30 47	2
30 48	49
31 1	46
31 3	49
31 4	32
31 5	18
31 6	26
31 8	33
31 9	35
31 11	27
31 14	38
31 15	23
31 16	4
31 17	42
31 19	48
31 23	12
31 25	24
31 28	28
31 31	10
31 32	14
31 33	20
31 34	0
31 36	31
31 37	16
31 38	17
31 39	9
31 42	21
31 43	11
31 44	47
31 45	8
31 49	15
32 0	32
32 2	19
32 4	45
32 5	24
32 6	2
32 7	36
32 8	11
32 12	26
32 14	35
32 16	40
32 17	22
32 20	15
32 21	0
32 23	31
32 27	47
32 29	6
32 32	30
32 34	21
32 35	14
32 36	44
32 39	5
32 40	27
32 43	41
32 44	25
32 46	48
32 47	4
32 49	13
33 2	8
33 5	31
33 6	14
33 7	21
33 8	42
33 9	13
33 10	22
33 12	25
33 13	35
33 14	3
33 15	30
33 17	45
33 18	47
33 20	34
33 22	41
33 23	23
33 25	15
33 27	49
33 28	27
33 30	24
33 31	18
33 32	11
33 35	19
33 37	32
33 38	12
33 41	10
33 43	48
33 44	7
33 45	5
33 46	44
33 47	29
33 48	26
34 2	30
34 4	47
34 6	42
34 9	46
34 12	33
34 14	41
34 16	25
34 17	2
34 18	10
34 20	49
34 24	43
34 27	19
34 28	20
34 29	13
34 30	18
34 31	15
34 34	31
34 35	38
34 36	8
34 37	17
34 38	40
34 39	0
34 42	22
34 43	28
34 47	3
34 49	24
35 3	21
35 7	37
35 8	40
35 12	3
35 13	15
35 15	34
35 17	39
35 18	43
35 22	44
35 25	8
35 26	12
35 27	28
35 28	14
35 31	16
35 34	33
35 35	24
35 37	26
35 40	23
35 42	47
35 44	6
35 45	0
35 46	29
35 47	1
35 48	4
35 49	38
36 0	46
36 2	27
36 3	31
36 4	34
36 5	30
36 7	23
36 8	8
36 9	49
36 10	38
36 11	40
36 12	17
36 13	10
36 14	48
36 15	11
36 16	7
36 17	36
36 18	32
36 19	12
36 20	2
36 21	13
36 22	15
36 24	18
36 25	47
36 26	29
36 27	6
36 32	20
36 33	26
36 35	45
36 36	35
36 39	19
36 40	28
36 41	43
36 42	37
36 43	44
36 44	4
36 46	33
36 49	0
37 3	19
37 8	39
37 12	24
37 18	0
37 19	38
37 22	13
37 23	30
37 24	32
37 26	27
37 27	22
37 28	16
37 29	40
37 30	31
37 32	25
37 33	11
37 37	6
37 38	3
37 42	9
37 44	23
37 45	18
37 47	46
38 0	49
38 2	4
38 9	48
38 10	3
38 11	43
38 12	47
38 14	9
38 15	20
38 17	37
38 18	31
38 19	0
38 20	18
38 22	46
38 24	23
38 26	22
38 27	10
38 29	26
38 30	35
38 31	12
38 35	1
38 36	21
38 38	32
38 39	40
38 42	13
38 43	30
38 44	33
38 46	2
38 47	42
38 48	7
38 49	44
39 0	10
39 1	15
39 4	22
39 6	24
39 7	32
39 10	34
39 11	42
39 13	17
39 15	16
39 16	5
39 17	20
39 21	9
39 23	49
39 24	33
39 26	41
39 27	46
39 28	39
39 29	45
39 30	11
39 31	8
39 34	3
39 35	18
39 36	38
39 37	44
39 38	35
39 41	29
39 43	7
39 44	1
39 46	21
39 47	23
40 1	13
40 3	14
40 4	40
40 7	11
40 8	3
40 12	6
40 17	49
40 19	4
40 22	8
40 26	21
40 27	12
40 28	23
40 29	38
40 30	34
40 32	44
40 33	5
40 34	30
40 36	29
40 37	42
40 38	43
40 41	18
40 42	36
40 43	16
40 45	32
40 46	7
40 47	39
40 49	35
41 5	3
41 7	31
41 8	16
41 9	36
41 11	11
41 13	7
41 14	28
41 15	4
41 16	21
41 19	30
41 20	1
41 21	38
41 22	48
41 24	45
41 27	42
41 28	35
41 31	49
41 33	8
41 36	10
41 38	27
41 40	26
41 41	24
41 42	43
41 43	40
41 45	17
41 46	25
41 48	9
41 49	41
42 0	9
42 3	41
42 4	15
42 6	18
42 8	21
42 9	17
42 10	36
42 13	31
42 15	19
42 16	48
42 19	20
42 20	43
42 21	4
42 22	12
42 24	11
42 25	38
42 26	0
42 28	6
42 29	28
42 31	29
42 33	47
42 34	37
42 36	25
42 37	40
42 38	2
42 39	27
42 42	44
42 43	3
42 44	30
42 46	39
42 49	7
43 1	8
43 2	9
43 4	19
43 7	26
43 8	12
43 9	4
43 13	3
43 15	32
43 16	2
43 17	10
43 18	18
43 19	17
43 22	28
43 23	42
43 25	7
43 27	29
43 28	33
43 34	23
43 35	41
43 36	34
43 38	46
43 39	35
43 43	45
43 44	13
43 45	14
43 47	16
44 0	4
44 1	5
44 4	49
44 5	6
44 7	27
44 8	7
44 9	37
44 10	11
44 13	41
44 14	44
44 15	25
44 17	29
44 19	46
44 20	40
44 23	18
44 25	20
44 26	8
44 30	13
44 32	39
44 33	33
44 35	43
44 36	14
44 39	12
44 41	42
44 44	0
44 45	28
44 46	30
44 47	17
44 48	35
44 49	23
45 0	48
45 1	3
45 2	6
45 3	13
45 4	46
45 6	10
45 7	1
45 8	22
45 9	7
45 11	44
45 12	20
45 14	30
45 15	27
45 16	9
45 18	14
45 20	5
45 21	17
45 22	43
45 23	21
45 29	25
45 31	37
45 32	47
45 33	18
45 34	4
45 35	15
45 36	24
45 38	19
45 40	42
45 41	36
45 42	34
45 43	33
45 45	11
45 49	31
46 0	18
46 1	36
46 2	32
46 4	37
46 5	39
46 6	4
46 8	5
46 11	12
46 12	15
46 14	13
46 15	41
46 16	38
46 17	31
46 19	47
46 22	34
46 23	43
46 24	26
46 26	3
46 27	23
46 28	24
46 29	22
46 30	6
46 31	30
46 32	48
46 33	0
46 35	25
46 38	49
46 41	11
46 42	27
46 43	9
46 44	20
46 45	7
46 47	45
46 48	33
47 0	12
47 1	43
47 2	46
47 3	17
47 5	25
47 6	7
47 7	40
47 8	41
47 9	8
47 10	16
47 11	1
47 13	5
47 14	18
47 15	10
47 17	32
47 18	39
47 20	23
47 21	26
47 22	9
47 23	20
47 24	6
47 27	36
47 28	48
47 29	2
47 31	13
47 33	24
47 35	42
47 39	44
47 40	49
47 42	11
47 43	38
47 44	28
47 45	15
47 46	34
47 48	3
48 0	40
48 1	4
48 2	13
48 3	48
48 4	9
48 5	16
48 6	44
48 10	18
48 13	46
48 14	17
48 15	21
48 16	36
48 17	8
48 18	2
48 19	26
48 20	20
48 21	5
48 23	41
48 24	34
48 25	22
48 28	45
48 29	23
48 31	33
48 32	42
48 35	32
48 37	31
48 39	29
48 40	6
48 41	27
48 42	7
48 43	24
48 44	14
48 46	12
48 48	0
49 0	24
49 2	1
49 3	18
49 4	26
49 5	12
49 6	15
49 7	9
49 8	19
49 9	0
49 10	21
49 11	23
49 12	29
49 13	49
49 14	8
49 15	47
49 17	41
49 19	34
49 22	22
49 23	6
49 24	46
49 25	42
49 26	36
49 28	37
49 31	28
49 32	45
49 34	40
49 36	2
49 37	5
49 39	33
49 42	38
49 43	13
49 44	16
49 45	4
49 49	39
