50
0 0	14
0 1	40
0 2	24
0 4	9
0 5	47
0 7	19
0 8	11
0 9	12
0 10	18
0 11	20
0 13	26
0 14	21
0 15	15
0 18	28
0 20	45
0 21	16
0 22	13
0 23	35
0 24	3
0 25	38
0 26	34
0 28	8
0 31	2
0 32	36
0 34	0
0 35	44
0 36	48
0 37	5
0 38	22
0 39	17
0 40	31
0 42	6
0 43	7
0 44	23
0 45	29
0 46	4
0 47	42
0 48	49
0 49	43
1 0	31
1 2	10
1 3	43
1 5	33
1 6	39
1 7	46
1 9	27
1 10	38
1 11	34
1 12	40
1 13	5
1 14	44
1 16	23
1 18	14
1 20	1
1 22	28
1 25	32
1 26	15
1 28	2
1 29	16
1 30	26
1 31	11
1 32	35
1 33	45
1 34	13
1 38	41
1 39	9
1 40	20
1 42	12
1 43	19
1 45	3
1 46	42
1 47	29
1 48	36
2 0	2
2 1	31
2 2	41
2 3	6
2 4	23
2 5	43
2 8	9
2 10	39
2 11	48
2 15	0
2 17	47
2 19	35
2 24	24
2 25	44
2 26	3
2 27	30
2 28	19
2 29	12
2 31	29
2 32	34
2 33	17
2 34	21
2 36	40
2 37	45
2 38	46
2 39	25
2 40	36
2 41	15
2 42	32
2 43	42
2 44	5
2 49	26
3 0	24
3 1	35
3 2	40
3 3	13
3 4	38
3 5	21
3 6	27
3 7	12
3 14	3
3 15	23
3 16	29
3 17	17
3 19	10
3 20	2
3 23	44
3 24	14
3 27	32
3 29	49
3 30	33
3 31	9
3 35	15
3 36	5
3 37	34
3 38	20
3 39	26
3 40	37
3 42	36
3 44	25
3 46	19
4 0	13
4 1	2
4 3	23
4 4	42
4 6	44
4 7	10
4 9	24
4 10	22
4 13	25
4 14	45
4 16	30
4 19	32
4 20	9
4 21	27
4 23	15
4 25	33
4 29	14
4 31	6
4 33	1
4 35	16
4 37	7
4 38	47
4 39	28
4 40	17
4 44	20
4 45	40
4 47	38
4 48	48
5 0	42
5 4	19
5 5	17
5 7	15
5 8	28
5 9	32
5 11	27
5 12	45
5 14	0
5 15	38
5 21	3
5 23	10
5 24	41
5 27	49
5 28	46
5 31	12
5 32	40
5 37	44
5 38	30
5 39	37
5 41	14
5 42	23
5 46	5
5 47	18
5 48	22
5 49	1
6 0	18
6 1	9
6 4	49
6 5	20
6 7	2
6 8	21
6 9	46
6 10	44
6 11	17
6 12	3
6 13	37
6 15	19
6 16	27
6 17	23
6 18	22
6 19	40
6 20	4
6 23	48
6 24	13
6 25	31
6 27	8
6 28	15
6 34	14
6 35	0
6 37	10
6 38	25
6 39	30
6 40	33
6 41	32
6 42	47
6 43	5
6 46	12
6 48	34
6 49	38
7 3	30
7 5	25
7 7	26
7 8	18
7 11	13
7 12	47
7 13	3
7 14	20
7 17	33
7 18	15
7 19	45
7 22	48
7 24	17
7 25	29
7 26	6
7 27	21
7 28	12
7 29	1
7 32	0
7 33	7
7 34	23
7 36	4
7 38	44
7 39	16
7 40	40
7 41	28
7 42	27
7 43	9
7 44	38
7 47	41
8 0	45
8 2	2
8 3	0
8 5	18
8 6	20
8 7	44
8 9	23
8 10	13
8 11	4
8 12	5
8 13	41
8 14	42
8 17	16
8 18	48
8 20	11
8 21	28
8 22	6
8 23	3
8 24	40
8 25	25
8 26	19
8 27	27
8 28	33
8 29	36
8 31	43
8 33	29
8 34	15
8 35	46
8 36	24
8 38	9
8 39	22
8 42	1
8 43	49
8 45	12
8 46	26
9 0	28
9 1	34
9 3	3
9 5	14
9 6	23
9 7	1
9 9	15
9 10	31
9 11	10
9 13	48
9 14	43
9 15	42
9 16	8
9 17	35
9 21	47
9 22	45
9 23	30
9 24	29
9 27	26
9 28	40
9 29	38
9 30	21
9 33	27
9 34	9
9 35	49
9 38	24
9 40	13
9 41	6
9 43	46
9 44	17
9 45	0
9 46	20
9 47	36
9 48	5
10 0	30
10 1	17
10 2	4
10 3	20
10 5	19
10 6	33
10 7	38
10 8	5
10 9	11
10 10	47
10 11	40
10 12	41
10 13	6
10 14	37
10 15	10
10 16	13
10 17	27
10 18	29
10 19	25
10 20	24
10 21	44
10 23	9
10 25	12
10 26	2
10 27	0
10 29	45
10 32	43
10 33	22
10 34	3
10 35	8
10 37	35
10 38	18
10 39	32
10 40	39
10 41	7
10 43	1
10 44	15
10 45	21
10 46	49
10 48	31
11 1	12
11 3	15
11 5	8
11 6	29
11 7	33
11 8	34
11 9	3
11 10	11
11 11	1
11 13	24
11 16	2
11 17	14
11 19	23
11 20	30
11 21	22
11 22	16
11 23	18
11 25	42
11 26	35
11 27	43
11 28	20
11 30	49
11 31	45
11 33	0
11 36	19
11 38	26
11 40	4
11 41	40
11 42	10
11 44	7
11 45	28
11 46	6
11 47	21
11 48	13
12 0	41
12 2	34
12 3	40
12 5	10
12 6	16
12 7	20
12 8	4
12 9	42
12 10	26
12 11	19
12 12	12
12 13	29
12 14	18
12 15	31
12 16	0
12 17	8
12 18	5
12 19	2
12 21	37
12 22	32
12 23	38
12 24	36
12 27	25
12 28	11
12 29	44
12 30	46
12 31	39
12 32	33
12 33	13
12 35	28
12 36	9
12 37	24
12 38	6
12 40	22
12 42	7
12 44	47
12 45	14
12 46	21
12 47	1
12 48	35
13 0	12
13 1	19
13 2	33
13 3	11
13 4	24
13 5	35
13 7	21
13 9	36
13 10	1
13 11	42
13 12	27
13 13	9
13 16	15
13 17	45
13 19	8
13 20	22
13 22	0
13 23	46
13 24	34
13 25	18
13 26	10
13 27	7
13 28	48
13 29	47
13 30	3
13 31	41
13 32	25
13 33	38
13 34	32
13 35	13
13 36	2
13 38	39
13 40	44
13 41	30
13 44	37
13 46	28
13 47	17
13 49	40
14 0	35
14 4	33
14 6	31
14 7	13
14 8	0
14 9	29
14 13	32
14 14	27
14 19	7
14 20	48
14 21	46
14 23	34
14 24	1
14 26	26
14 27	36
14 28	37
14 29	11
14 31	47
14 32	20
14 34	18
14 35	38
14 38	16
14 40	3
14 42	41
14 43	21
14 44	39
14 46	2
14 47	49
14 48	42
14 49	17
15 0	9
15 2	15
15 4	7
15 5	49
15 6	0
15 7	6
15 8	47
15 10	16
15 12	42
15 13	11
15 14	38
15 15	34
15 16	25
15 17	40
15 18	26
15 20	46
15 21	8
15 22	36
15 23	37
15 24	18
15 25	43
15 29	2
15 30	20
15 32	39
15 33	28
15 34	31
15 36	33
15 38	29
15 39	5
15 40	12
15 41	13
15 42	17
15 43	45
15 45	27
15 47	3
15 48	23
15 49	30
16 0	29
16 2	32
16 4	2
16 5	31
16 6	35
16 7	3
16 8	12
16 11	38
16 12	15
16 13	22
16 15	6
16 17	48
16 18	34
16 19	30
16 20	33
16 21	26
16 22	27
16 23	24
16 25	45
16 26	5
16 28	7
16 30	25
16 31	4
16 32	42
16 34	1
16 35	37
16 36	49
16 37	14
16 38	19
16 39	46
16 41	8
16 43	47
16 45	11
16 46	41
16 47	20
16 48	10
16 49	44
17 0	16
17 1	6
17 3	29
17 4	30
17 5	2
17 6	24
17 7	14
17 11	11
17 12	13
17 13	42
17 14	46
17 16	7
17 18	9
17 19	5
17 20	19
17 21	4
17 22	40
17 23	28
17 24	32
17 25	36
17 26	47
17 31	1
17 32	37
17 34	45
17 35	20
17 37	22
17 38	31
17 39	39
17 40	0
17 41	35
17 42	15
17 43	18
17 45	17
17 46	33
17 47	43
17 48	26
17 49	8
18 0	3
18 1	42
18 2	30
18 3	26
18 6	21
18 8	45
18 9	38
18 11	15
18 12	11
18 13	34
18 14	41
18 15	35
18 16	33
18 17	32
18 18	27
18 20	13
18 21	12
18 22	46
18 23	39
18 24	20
18 26	43
18 30	28
18 31	5
18 33	8
18 34	25
18 35	29
18 36	18
18 37	40
18 38	36
18 40	16
18 42	48
18 45	37
18 46	17
18 47	44
18 48	6
18 49	22
19 0	39
19 1	27
19 2	31
19 3	34
19 4	0
19 5	30
19 6	3
19 7	45
19 8	24
19 9	16
19 10	21
19 11	7
19 12	43
19 13	18
19 14	9
19 15	22
19 16	46
19 17	42
19 18	19
19 19	26
19 20	6
19 21	5
19 24	49
19 27	35
19 28	25
19 30	47
19 31	14
19 32	32
19 33	40
19 34	2
19 35	12
19 36	20
19 37	48
19 38	28
19 39	13
19 40	11
19 41	38
19 42	29
19 43	36
19 44	10
19 45	33
19 47	23
19 48	8
20 2	13
20 3	36
20 4	17
20 6	43
20 7	27
20 8	19
20 9	44
20 10	29
20 11	39
20 13	45
20 14	22
20 15	1
20 16	11
20 17	26
20 19	28
20 20	37
20 22	2
20 23	7
20 24	23
20 25	20
20 27	33
20 29	41
20 31	25
20 34	6
20 35	4
20 36	8
20 38	40
20 42	21
20 43	10
20 44	16
20 46	18
20 47	34
20 48	12
20 49	15
21 2	28
21 3	4
21 5	38
21 6	32
21 7	37
21 9	35
21 11	43
21 13	19
21 16	16
21 17	39
21 19	33
21 20	47
21 22	24
21 23	0
21 24	10
21 25	30
21 28	34
21 30	14
21 32	44
21 34	48
21 35	42
21 37	6
21 38	8
21 41	36
21 42	3
21 44	27
21 45	18
21 46	22
21 47	31
21 48	9
21 49	20
22 0	5
22 1	49
22 2	1
22 3	35
22 5	7
22 6	18
22 7	29
22 8	8
22 12	34
22 13	40
22 14	48
22 15	21
22 18	41
22 20	38
22 21	2
22 22	3
22 23	22
22 25	6
22 26	33
22 27	9
22 28	14
22 29	32
22 30	15
22 31	46
22 32	27
22 33	24
22 34	16
22 35	19
22 36	36
22 37	20
22 38	0
22 39	23
22 40	42
22 42	28
22 43	4
22 44	12
22 46	43
22 47	13
22 48	25
22 49	39
23 0	46
23 3	1
23 5	9
23 6	37
23 7	5
23 8	2
23 9	28
23 10	35
23 12	22
23 13	12
23 17	0
23 20	39
23 21	34
23 24	44
23 25	40
23 26	29
23 27	45
23 29	7
23 30	43
23 31	10
23 33	32
23 34	26
23 35	24
23 36	25
23 37	3
23 38	17
23 39	19
23 40	21
23 41	20
23 43	6
23 44	42
23 45	38
23 46	31
23 47	4
23 48	18
23 49	36
24 0	22
24 1	3
24 3	49
24 5	6
24 6	12
24 9	4
24 14	5
24 15	32
24 16	31
24 18	35
24 19	48
24 21	9
24 22	26
24 24	39
24 25	7
24 26	23
24 27	42
24 29	21
24 31	38
24 32	8
24 34	40
24 36	43
24 38	2
24 39	11
24 40	41
24 41	46
24 42	19
24 43	13
24 44	14
24 47	30
24 48	17
24 49	29
25 0	23
25 1	32
25 2	29
25 5	26
25 6	45
25 8	27
25 9	49
25 12	6
25 13	2
25 14	4
25 16	36
25 17	11
25 18	40
25 19	20
25 20	16
25 21	18
25 22	38
25 23	17
25 24	30
25 28	3
25 29	22
25 30	48
25 32	21
25 34	5
25 35	9
25 36	1
25 37	42
25 38	33
25 39	0
25 42	39
25 44	13
25 45	7
25 47	46
25 49	24
26 1	23
26 2	21
26 3	37
26 4	39
26 7	18
26 8	16
26 9	40
26 10	41
26 12	9
26 13	36
26 14	30
26 15	20
26 17	4
26 19	49
26 20	14
26 21	15
26 22	1
26 23	25
26 24	35
26 25	46
26 29	8
26 30	17
26 32	2
26 33	33
26 34	42
26 35	43
26 37	26
26 40	27
26 41	5
26 42	45
26 43	31
26 44	3
26 46	32
26 47	24
26 49	28
27 0	4
27 1	22
27 2	3
27 3	33
27 5	34
27 8	44
27 9	37
27 11	29
27 12	7
27 13	43
27 14	39
27 16	14
27 17	1
27 18	16
27 19	21
27 20	26
27 21	17
27 23	8
27 25	23
27 26	25
27 27	38
27 28	45
27 30	6
27 31	36
27 32	13
27 33	20
27 34	35
27 35	10
27 36	30
27 38	27
27 39	12
27 40	9
27 41	49
27 42	31
27 44	0
27 45	2
27 46	15
27 47	40
27 48	32
27 49	46
28 1	24
28 2	43
28 3	45
28 4	41
28 5	42
28 6	10
28 7	40
28 8	14
28 10	37
28 12	23
28 13	27
28 14	15
28 15	48
28 16	34
28 18	8
28 21	19
28 25	5
28 27	4
28 28	49
28 29	9
28 31	18
28 32	30
28 33	35
28 34	11
28 37	31
28 38	38
28 39	1
28 41	39
28 44	46
28 45	13
28 47	22
28 49	32
29 0	47
29 2	18
29 3	19
29 4	14
29 5	48
29 6	22
29 7	36
29 8	15
29 9	43
29 10	2
29 11	25
29 12	0
29 13	17
29 14	31
29 15	28
29 16	24
29 17	21
29 19	11
29 20	8
29 22	9
29 23	45
29 25	27
29 26	38
29 27	20
29 28	4
29 30	44
29 31	7
29 32	10
29 33	46
29 34	49
29 35	6
29 36	41
29 38	32
29 39	34
29 41	16
29 42	30
29 43	40
29 44	1
29 45	26
29 46	13
29 47	39
29 49	3
30 0	0
30 2	20
30 3	27
30 5	37
30 7	7
30 8	17
30 9	19
30 10	48
30 11	32
30 14	16
30 15	39
30 16	41
30 18	11
30 19	24
30 20	43
30 21	25
30 23	40
30 27	44
30 28	10
30 29	6
30 30	45
30 31	21
30 32	3
30 33	36
30 35	23
30 36	12
30 37	15
30 40	30
30 41	47
30 42	46
30 43	8
30 45	35
30 46	14
30 47	26
30 48	2
30 49	33
31 0	1
31 2	36
31 4	12
31 5	5
31 6	9
31 7	32
31 8	26
31 10	25
31 11	49
31 13	35
31 15	40
31 17	30
31 18	44
31 19	27
31 23	31
31 24	47
31 25	39
31 26	42
31 27	13
31 28	41
31 30	22
31 33	48
31 35	17
31 36	46
31 38	4
31 42	24
31 43	11
31 45	43
31 49	34
32 0	15
32 1	13
32 2	49
32 3	5
32 4	28
32 5	16
32 6	6
32 7	4
32 9	31
32 10	30
32 11	8
32 14	47
32 15	43
32 16	3
32 17	19
32 18	46
32 20	29
32 21	39
32 24	25
32 25	11
32 26	40
32 28	23
32 31	26
32 32	41
32 34	34
32 35	14
32 36	32
32 37	0
32 39	35
32 41	12
32 42	22
32 43	37
32 44	44
32 47	45
32 49	27
33 0	21
33 2	19
33 3	46
33 4	11
33 5	28
33 7	9
33 8	13
33 9	22
33 10	15
33 11	6
33 12	16
33 13	38
33 14	23
33 15	24
33 16	1
33 17	31
33 18	2
33 19	44
33 20	12
33 21	35
33 25	48
33 26	27
33 28	36
33 29	25
33 30	41
33 32	45
33 33	34
33 35	26
33 36	37
33 37	32
33 38	3
33 39	20
33 40	49
33 42	33
33 44	18
33 45	5
33 47	8
33 48	4
33 49	14
34 1	4
34 4	31
34 5	24
34 6	26
34 7	39
34 8	6
34 9	10
34 10	14
34 11	47
34 14	19
34 15	36
34 16	9
34 18	32
34 19	34
34 20	0
34 21	40
34 22	44
34 23	5
34 24	21
34 25	41
34 26	11
34 27	1
34 28	22
34 29	3
34 30	29
34 32	18
34 39	49
34 41	37
34 43	16
34 45	25
34 46	8
34 48	38
35 1	26
35 2	9
35 3	38
35 4	46
35 5	4
35 6	25
35 7	35
35 8	32
35 9	21
35 10	33
35 11	37
35 12	10
35 13	15
35 17	34
35 18	17
35 20	41
35 21	0
35 22	20
35 24	2
35 25	47
35 27	29
35 28	6
35 31	22
35 32	48
35 34	36
35 35	7
35 36	13
35 39	24
35 42	43
35 43	27
35 44	49
35 46	3
35 47	5
35 48	44
35 49	31
36 0	49
36 3	9
36 7	42
36 8	30
36 9	6
36 10	40
36 11	26
36 12	20
36 13	44
36 14	13
36 17	3
36 18	38
36 20	35
36 21	29
36 22	47
36 24	19
36 25	14
36 27	41
36 28	32
36 29	46
36 30	2
36 31	28
36 32	7
36 33	31
36 34	39
36 36	10
36 37	33
36 39	18
36 40	8
36 42	34
36 43	24
36 44	36
36 45	22
36 48	37
36 49	0
37 0	34
37 1	28
37 2	22
37 3	14
37 4	35
37 5	12
37 6	15
37 7	30
37 8	38
37 11	2
37 12	29
37 14	17
37 15	13
37 16	40
37 17	44
37 18	0
37 19	46
37 21	49
37 22	43
37 23	20
37 24	6
37 25	21
37 28	1
37 31	48
37 34	27
37 35	3
37 36	7
37 37	16
37 38	37
37 40	19
37 41	10
37 42	25
37 43	32
37 44	11
37 46	36
37 47	9
37 49	4
38 1	10
38 3	24
38 4	40
38 5	27
38 6	17
38 9	18
38 10	19
38 15	45
38 16	21
38 17	7
38 19	42
38 21	41
38 24	12
38 25	13
38 26	4
38 27	2
38 29	31
38 31	49
38 32	16
38 33	3
38 35	30
38 38	34
38 39	15
38 40	28
38 41	22
38 43	0
38 45	46
38 48	1
39 0	40
39 1	37
39 4	15
39 5	44
39 6	46
39 7	17
39 8	25
39 9	9
39 16	19
39 17	5
39 19	13
39 20	42
39 21	21
39 22	34
39 24	33
39 25	28
39 26	16
39 27	24
39 29	27
39 34	8
39 35	2
39 36	14
39 37	1
39 38	11
39 39	36
39 40	38
39 41	31
39 42	4
39 43	43
39 46	23
39 48	3
40 0	43
40 1	14
40 3	42
40 4	29
40 6	7
40 10	24
40 11	41
40 12	21
40 13	0
40 14	36
40 16	44
40 18	13
40 19	4
40 22	22
40 23	12
40 24	45
40 25	49
40 26	8
40 29	39
40 31	32
40 32	31
40 33	26
40 34	10
40 36	6
40 37	9
40 38	15
40 39	48
40 41	3
40 42	38
40 43	17
40 44	35
40 45	47
40 47	2
40 49	11
41 0	33
41 1	30
41 4	13
41 5	46
41 8	10
41 9	1
41 10	32
41 11	14
41 12	35
41 13	8
41 14	24
41 15	2
41 16	12
41 17	43
41 19	6
41 20	21
41 22	11
41 23	19
41 24	37
41 25	17
41 26	28
41 27	3
41 28	9
41 29	0
41 30	4
41 31	16
41 32	29
41 33	18
41 34	44
41 35	5
41 39	47
41 40	26
41 41	34
41 42	42
41 43	15
41 45	45
41 46	40
41 47	25
41 48	39
42 1	16
42 4	20
42 5	13
42 6	49
42 8	36
42 9	47
42 10	27
42 11	5
42 12	19
42 13	1
42 14	12
42 15	9
42 16	32
42 17	2
42 18	10
42 19	3
42 20	28
42 21	30
42 22	25
42 24	7
42 25	35
42 27	46
42 28	26
42 29	43
42 30	42
42 31	8
42 32	4
42 33	21
42 35	18
42 36	0
42 37	38
42 41	11
42 42	37
42 45	34
42 46	45
42 47	33
42 48	15
42 49	23
43 0	37
43 1	36
43 3	18
43 5	32
43 6	8
43 7	25
43 8	7
43 10	5
43 13	4
43 15	47
43 16	20
43 17	15
43 18	1
43 19	29
43 20	40
43 21	13
43 24	31
43 25	9
43 27	11
43 28	42
43 29	28
43 30	16
43 31	17
43 33	6
43 35	21
43 36	22
43 37	23
43 39	3
43 41	41
43 42	44
43 43	38
43 44	33
43 45	30
43 46	39
43 49	12
44 0	20
44 1	48
44 2	26
44 4	34
44 6	14
44 7	28
44 9	2
44 11	12
44 13	30
44 14	7
44 16	5
44 18	6
44 20	25
44 21	11
44 23	23
44 24	16
44 25	0
44 26	9
44 27	15
44 28	21
44 31	27
44 32	22
44 34	46
44 36	38
44 37	39
44 38	43
44 39	31
44 40	32
44 41	1
44 42	49
44 43	33
44 44	29
44 48	19
45 1	29
45 4	3
45 8	40
45 11	28
45 12	4
45 13	7
45 14	34
45 15	17
45 16	18
45 17	9
45 18	36
45 20	15
45 21	24
45 23	21
45 24	27
45 25	22
45 26	20
45 27	6
45 29	48
45 30	30
45 31	33
45 32	23
45 33	11
45 35	1
45 36	42
45 37	13
45 38	10
45 39	43
45 42	14
45 43	25
45 44	26
45 45	32
45 46	38
45 47	37
45 48	46
45 49	45
46 0	48
46 1	0
46 2	38
46 3	10
46 4	6
46 5	15
46 6	30
46 7	41
46 8	46
46 9	7
46 11	18
46 12	14
46 13	23
46 17	13
46 19	9
46 20	34
46 21	32
46 22	49
46 23	36
46 24	22
46 25	26
46 26	17
46 27	28
46 28	31
46 29	29
46 32	1
46 33	39
46 34	37
46 35	27
46 36	21
46 37	25
46 38	35
46 39	8
46 40	24
46 41	45
46 43	3
46 45	4
46 46	44
47 1	18
47 3	41
47 4	45
47 6	48
47 7	11
47 8	31
47 9	5
47 10	46
47 12	44
47 13	14
47 16	38
47 17	36
47 18	30
47 21	6
47 23	26
47 24	15
47 26	24
47 28	13
47 29	42
47 30	32
47 31	34
47 32	47
47 33	25
47 34	20
47 35	39
47 36	3
47 38	21
47 40	10
47 42	40
47 43	28
47 44	2
47 45	23
47 47	16
47 48	33
47 49	7
48 0	11
48 1	43
48 2	6
48 3	12
48 4	26
48 6	40
48 7	31
48 8	33
48 9	41
48 11	3
48 12	36
48 13	46
48 15	44
48 17	18
48 18	39
48 19	15
48 21	20
48 23	2
48 26	32
48 28	0
48 30	23
48 32	38
48 33	37
48 34	28
48 35	25
48 36	27
48 37	17
48 38	49
48 39	21
48 40	14
48 41	4
48 42	9
48 43	34
48 45	24
48 46	47
48 48	30
48 49	42
49 0	27
49 1	5
49 4	37
49 5	3
49 7	43
49 8	35
49 9	30
49 12	39
49 13	21
49 14	11
49 15	26
49 17	10
49 18	45
49 19	22
49 20	7
49 22	23
49 23	6
49 25	24
49 26	36
49 27	34
49 28	17
49 29	18
49 30	31
49 31	40
49 33	49
49 34	4
49 37	2
49 38	1
49 39	33
49 40	29
49 41	0
49 42	8
49 43	20
49 44	32
49 45	15
49 46	46
49 47	28
49 48	14
49 49	19
