50
0 0	28
0 1	46
0 2	22
0 3	9
0 4	10
0 5	15
0 7	13
0 10	35
0 11	29
0 12	5
0 13	19
0 15	36
0 17	20
0 18	0
0 20	48
0 21	27
0 22	24
0 23	33
0 24	39
0 25	38
0 26	4
0 27	25
0 28	14
0 29	43
0 30	40
0 31	7
0 32	6
0 33	34
0 35	30
0 36	49
0 37	45
0 38	18
0 39	31
0 40	16
0 41	23
0 43	3
0 44	44
0 45	2
0 48	42
1 0	40
1 2	41
1 3	30
1 4	43
1 5	8
1 6	27
1 8	45
1 11	36
1 14	14
1 15	17
1 16	13
1 17	24
1 18	6
1 19	22
1 20	18
1 21	19
1 22	1
1 23	7
1 25	29
1 27	3
1 28	31
1 29	48
1 30	16
1 31	9
1 33	28
1 34	20
1 35	35
1 36	47
1 37	23
1 38	33
1 39	11
1 40	12
1 41	37
1 42	34
1 43	25
1 44	32
1 45	26
1 46	4
1 47	15
1 48	10
2 0	46
2 1	9
2 2	31
2 3	21
2 4	3
2 5	26
2 6	29
2 7	28
2 8	24
2 9	11
2 10	16
2 14	30
2 15	44
2 16	27
2 17	17
2 18	41
2 19	33
2 20	12
2 21	1
2 22	39
2 24	4
2 25	49
2 26	25
2 27	0
2 28	13
2 29	35
2 30	5
2 31	36
2 32	43
2 33	2
2 35	37
2 37	48
2 38	32
2 40	23
2 41	19
2 42	45
2 43	40
2 44	18
2 45	6
2 46	47
2 47	8
2 48	7
3 3	2
3 4	44
3 5	36
3 6	13
3 7	33
3 9	40
3 10	18
3 11	27
3 12	22
3 13	6
3 14	35
3 15	31
3 16	28
3 17	7
3 18	1
3 19	34
3 21	5
3 22	16
3 24	26
3 25	19
3 26	8
3 27	9
3 28	4
3 30	48
3 31	23
3 32	49
3 33	11
3 34	46
3 35	45
3 36	15
3 37	0
3 38	39
3 39	14
3 41	43
3 42	29
3 43	30
3 46	42
3 48	3
4 0	7
4 1	0
4 2	6
4 3	14
4 4	32
4 5	39
4 6	37
4 8	26
4 9	43
4 10	36
4 11	23
4 12	42
4 13	49
4 14	19
4 16	33
4 17	11
4 18	16
4 22	28
4 23	15
4 24	40
4 25	20
4 26	2
4 27	41
4 29	8
4 31	27
4 32	24
4 33	30
4 34	18
4 35	34
4 36	38
4 37	3
4 39	25
4 40	9
4 41	12
4 42	22
4 43	1
4 45	10
4 47	4
4 48	45
4 49	5
5 0	17
5 1	26
5 2	44
5 4	0
5 5	27
5 7	34
5 8	28
5 9	21
5 10	10
5 11	2
5 12	47
5 13	37
5 15	20
5 16	31
5 18	13
5 19	23
5 21	4
5 22	3
5 23	14
5 24	6
5 25	48
5 26	38
5 27	1
5 28	19
5 29	15
5 30	33
5 31	46
5 32	22
5 33	12
5 34	40
5 35	7
5 38	42
5 39	18
5 40	32
5 41	24
5 42	5
5 43	9
5 44	36
5 45	35
5 46	29
5 47	49
5 48	30
5 49	43
6 1	3
6 3	33
6 6	28
6 7	10
6 8	4
6 9	34
6 10	47
6 11	24
6 12	0
6 13	30
6 14	49
6 15	23
6 18	18
6 19	16
6 23	1
6 24	45
6 25	32
6 26	46
6 27	31
6 28	21
6 29	13
6 30	9
6 33	20
6 34	37
6 36	22
6 37	38
6 38	8
6 40	43
6 41	41
6 42	19
6 43	44
6 44	48
6 45	7
6 48	26
7 0	42
7 1	10
7 2	40
7 3	29
7 4	47
7 5	45
7 6	18
7 7	22
7 8	19
7 9	27
7 10	11
7 11	44
7 12	25
7 13	12
7 14	31
7 15	41
7 16	9
7 17	2
7 18	26
7 19	5
7 20	16
7 21	21
7 22	6
7 24	37
7 25	13
7 26	17
7 27	48
7 29	33
7 30	4
7 32	38
7 33	35
7 34	3
7 36	14
7 37	36
7 38	15
7 39	34
7 40	49
7 42	20
7 43	7
7 44	46
7 45	43
7 46	24
7 47	23
7 48	1
7 49	28
8 0	36
8 3	27
8 4	8
8 5	35
8 7	29
8 8	17
8 9	4
8 10	41
8 12	14
8 15	3
8 16	26
8 17	0
8 18	2
8 20	49
8 21	22
8 23	21
8 24	12
8 25	46
8 27	47
8 28	42
8 30	7
8 31	37
8 32	15
8 33	16
8 34	32
8 36	1
8 37	10
8 38	45
8 41	44
8 42	38
8 43	23
8 45	25
8 47	33
8 48	28
8 49	31
9 0	18
9 1	28
9 2	42
9 3	37
9 4	9
9 6	4
9 7	23
9 8	14
9 9	6
9 11	17
9 14	46
9 15	8
9 16	3
9 17	47
9 18	38
9 19	35
9 20	27
9 21	30
9 23	36
9 24	34
9 25	43
9 26	39
9 27	22
9 29	31
9 30	44
9 31	1
9 33	21
9 34	45
9 35	40
9 36	13
9 39	24
9 40	11
9 41	49
9 43	29
9 45	48
9 46	2
9 47	5
9 49	10
10 0	41
10 1	48
10 2	46
10 3	45
10 4	21
10 6	43
10 8	30
10 10	19
10 11	22
10 12	26
10 13	18
10 15	35
10 18	12
10 19	28
10 20	15
10 23	49
10 24	2
10 25	17
10 27	10
10 28	1
10 29	40
10 30	47
10 32	23
10 33	3
10 34	7
10 35	9
10 36	4
10 37	16
10 38	6
10 39	8
10 41	42
10 43	24
10 44	11
10 45	29
10 46	13
10 47	44
10 48	36
10 49	37
11 0	5
11 1	12
11 2	16
11 3	0
11 4	27
11 5	18
11 6	39
11 7	48
11 8	10
11 9	30
11 12	34
11 13	28
11 14	23
11 15	25
11 17	8
11 19	40
11 20	36
11 22	46
11 23	29
11 24	7
11 25	42
11 26	9
11 27	15
11 28	41
11 30	21
11 31	13
11 32	26
11 35	47
11 36	19
11 37	44
11 39	37
11 40	45
11 41	3
11 42	4
11 43	31
11 45	32
11 46	20
11 47	1
11 48	35
12 0	11
12 1	49
12 3	26
12 4	42
12 5	41
12 7	20
12 8	9
12 9	7
12 10	34
12 11	28
12 12	37
12 13	31
12 14	33
12 15	39
12 17	35
12 18	45
12 19	12
12 20	0
12 21	25
12 22	17
12 23	40
12 24	47
12 26	6
12 28	18
12 30	13
12 31	43
12 32	5
12 33	10
12 34	48
12 35	29
12 36	36
12 37	27
12 38	44
12 39	32
12 41	4
12 42	23
12 43	16
12 45	38
12 46	3
12 47	46
12 48	15
12 49	8
13 0	20
13 3	11
13 4	30
13 5	22
13 6	48
13 7	3
13 8	15
13 9	45
13 10	12
13 11	40
13 12	7
13 14	39
13 15	24
13 16	37
13 17	49
13 19	26
13 21	34
13 22	14
13 23	35
13 26	29
13 27	27
13 28	36
13 29	42
13 30	10
13 31	44
13 33	0
13 34	31
13 37	5
13 38	47
13 39	13
13 40	17
13 41	25
13 42	6
13 43	2
13 44	16
13 45	8
13 46	23
13 47	38
13 48	9
13 49	19
14 0	6
14 1	27
14 2	32
14 4	35
14 5	23
14 6	19
14 7	31
14 8	18
14 10	46
14 16	15
14 17	13
14 18	42
14 19	17
14 20	10
14 21	16
14 22	37
14 23	11
14 24	25
14 26	7
14 27	29
14 29	34
14 30	2
14 31	3
14 32	1
14 34	33
14 36	44
14 37	47
14 38	4
14 39	21
14 41	48
14 42	41
14 43	38
14 44	8
14 45	22
14 46	36
14 47	40
14 49	39
15 0	8
15 1	7
15 2	35
15 3	38
15 4	23
15 5	48
15 7	25
15 8	13
15 9	22
15 10	3
15 13	34
15 14	10
15 15	4
15 16	36
15 17	15
15 18	21
15 19	0
15 20	29
15 21	28
15 22	18
15 24	27
15 25	16
15 26	19
15 28	5
15 29	26
15 30	12
15 32	39
15 33	24
15 34	1
15 35	42
15 36	31
15 38	41
15 39	46
15 41	40
15 42	9
15 43	49
15 45	47
15 46	11
15 47	45
15 49	44
16 1	14
16 2	4
16 3	42
16 4	13
16 5	47
16 6	38
16 7	0
16 8	43
16 10	23
16 11	32
16 12	21
16 13	7
16 14	9
16 15	5
16 17	27
16 18	31
16 19	30
16 20	34
16 21	20
16 22	33
16 23	19
16 25	37
16 27	17
16 28	45
16 29	44
16 31	40
16 32	46
16 33	41
16 34	10
16 35	2
16 37	22
16 38	36
16 39	29
16 40	6
16 41	1
16 42	3
16 43	8
16 44	28
16 45	15
16 47	11
16 48	18
16 49	49
17 0	3
17 1	43
17 2	11
17 3	13
17 4	33
17 6	1
17 7	19
17 8	2
17 10	37
17 12	29
17 13	36
17 14	4
17 15	7
17 17	42
17 18	44
17 20	25
17 21	40
17 22	23
17 23	26
17 27	8
17 28	16
17 30	45
17 31	22
17 32	9
17 33	49
17 34	6
17 36	5
17 37	31
17 38	12
17 40	18
17 41	30
17 42	27
17 43	39
17 44	35
17 45	21
17 46	38
17 48	17
18 0	43
18 3	18
18 4	29
18 5	28
18 6	49
18 8	23
18 9	8
18 10	4
18 12	10
18 14	38
18 15	2
18 16	0
18 17	31
18 18	20
18 20	9
18 21	24
18 22	22
18 24	3
18 25	27
18 26	34
18 28	37
18 29	21
18 30	30
18 31	39
18 32	19
18 33	33
18 34	12
18 35	36
18 36	16
18 37	32
18 40	46
18 41	14
18 42	40
18 44	1
18 45	11
18 46	35
18 47	7
18 48	13
18 49	15
19 0	0
19 1	47
19 2	9
19 3	25
19 4	31
19 5	40
19 6	22
19 7	35
19 8	48
19 11	7
19 12	11
19 13	8
19 15	26
19 17	6
19 18	15
19 19	41
19 20	30
19 22	2
19 23	28
19 25	12
19 26	23
19 27	16
19 28	46
19 30	1
19 31	18
19 32	10
19 33	36
19 34	43
19 40	39
19 41	38
19 42	14
19 44	5
19 45	45
19 47	27
19 49	21
20 0	15
20 1	38
20 2	28
20 3	3
20 4	22
20 5	31
20 7	17
20 8	27
20 9	1
20 10	13
20 11	9
20 12	40
20 13	33
20 15	16
20 16	19
20 17	26
20 18	8
20 19	10
20 22	44
20 24	35
20 25	34
20 26	20
20 27	36
20 28	2
20 29	5
20 30	24
20 31	30
20 32	7
20 33	43
20 34	49
20 35	48
20 36	11
20 37	41
20 38	46
20 40	0
20 41	29
20 42	18
20 44	21
20 46	45
20 47	47
20 48	23
20 49	4
21 0	39
21 1	16
21 4	5
21 5	4
21 7	11
21 8	25
21 9	38
21 11	8
21 12	15
21 15	46
21 17	44
21 18	40
21 21	31
21 22	10
21 23	0
21 25	41
21 27	30
21 28	20
21 29	9
21 30	35
21 31	14
21 33	26
21 34	29
21 35	18
21 36	12
21 37	43
21 38	19
21 39	23
21 40	42
21 41	33
21 43	48
21 45	37
21 46	22
21 47	32
21 48	27
21 49	24
22 0	19
22 1	32
22 2	37
22 4	1
22 5	9
22 6	42
22 7	36
22 8	33
22 9	15
22 11	13
22 12	18
22 13	23
22 14	48
22 15	30
22 18	39
22 19	2
22 20	46
22 22	31
22 24	28
22 25	25
22 26	21
22 27	4
22 28	7
22 29	22
22 30	20
22 31	12
22 32	11
22 33	6
22 34	35
22 35	10
22 37	49
22 38	5
22 39	27
22 40	26
22 41	8
22 42	47
22 43	17
22 45	40
22 47	14
22 48	29
23 1	29
23 2	12
23 3	28
23 4	41
23 6	35
23 7	14
23 8	42
23 9	23
23 10	8
23 11	1
23 12	6
23 13	27
23 14	40
23 15	18
23 16	20
23 18	49
23 19	32
23 20	17
23 21	15
23 22	47
23 24	19
23 25	22
23 26	26
23 28	44
23 29	11
23 30	0
23 31	25
23 32	36
23 33	13
23 34	39
23 36	48
23 37	24
23 38	31
23 39	10
23 40	34
23 41	7
23 42	16
23 46	21
23 47	30
23 48	46
23 49	38
24 0	21
24 1	30
24 2	36
24 3	46
24 5	12
24 6	15
24 7	42
24 8	34
24 10	2
24 11	3
24 12	33
24 13	32
24 15	29
24 17	16
24 18	35
24 20	20
24 21	14
24 22	26
24 23	18
24 24	48
24 25	5
24 26	40
24 27	7
24 29	39
24 30	8
24 31	38
24 32	47
24 33	31
24 34	41
24 35	43
24 38	11
24 39	0
24 42	13
24 43	10
24 44	24
24 45	28
24 46	27
24 47	25
24 48	49
25 0	23
25 1	36
25 2	8
25 3	31
25 4	2
25 5	37
25 7	45
25 8	6
25 11	30
25 12	43
25 13	47
25 14	7
25 15	34
25 16	49
25 17	39
25 18	19
25 19	20
25 20	38
25 21	29
25 22	48
25 23	3
25 24	5
25 25	14
25 26	41
25 29	46
25 30	22
25 32	33
25 34	28
25 35	13
25 37	17
25 38	1
25 39	35
25 40	15
25 41	9
25 42	25
25 43	4
25 44	40
25 45	42
25 48	32
25 49	18
26 0	44
26 1	22
26 2	14
26 3	12
26 4	4
26 5	1
26 6	47
26 7	46
26 8	31
26 9	18
26 10	27
26 12	2
26 13	13
26 15	33
26 16	40
26 17	9
26 18	48
26 20	8
26 21	35
26 22	20
26 23	25
26 24	30
26 25	23
26 26	32
26 27	39
26 29	41
26 30	6
26 34	19
26 35	15
26 36	3
26 37	11
26 39	17
26 40	37
26 41	45
26 42	10
26 44	34
26 46	43
26 49	0
27 0	35
27 1	4
27 2	38
27 3	32
27 4	25
27 5	16
27 6	2
27 9	3
27 10	31
27 11	33
27 12	17
27 13	29
27 15	37
27 16	48
27 17	23
27 18	36
27 19	13
27 20	24
27 21	12
27 23	44
27 24	42
27 25	47
27 26	22
27 27	34
27 28	27
27 29	7
27 30	39
27 32	18
27 33	40
27 35	19
27 36	20
27 37	30
27 38	10
27 40	8
27 41	15
27 42	26
27 44	0
27 46	6
27 47	28
27 48	11
28 0	9
28 2	19
28 3	15
28 4	46
28 5	3
28 6	45
28 7	21
28 9	28
28 10	39
28 11	25
28 12	13
28 13	0
28 14	34
28 15	6
28 16	18
28 17	22
28 18	24
28 19	14
28 20	4
28 21	2
28 22	49
28 24	41
28 25	44
28 26	27
28 27	20
28 28	33
28 29	36
28 31	31
28 32	37
28 33	48
28 34	16
28 35	1
28 36	26
28 37	12
28 38	17
28 39	5
28 40	29
28 41	47
28 42	42
28 43	11
28 44	38
28 45	30
28 46	10
28 47	35
28 48	8
29 2	15
29 3	7
29 4	40
29 5	17
29 6	46
29 7	44
29 10	43
29 12	4
29 13	16
29 15	38
29 17	19
29 18	9
29 19	31
29 20	28
29 21	41
29 22	36
29 23	27
29 24	22
29 26	18
29 27	2
29 29	1
29 30	49
29 33	23
29 34	25
29 35	11
29 36	45
29 37	29
29 38	35
29 39	33
29 40	47
29 41	34
29 42	30
29 43	32
29 44	39
29 45	24
29 47	48
29 49	13
30 0	29
30 1	44
30 2	33
30 4	37
30 5	6
30 6	32
30 7	24
30 8	41
30 9	49
30 10	26
30 12	31
30 13	39
30 14	27
30 15	40
30 16	43
30 17	4
30 19	45
30 20	3
30 21	17
30 22	42
30 23	48
30 24	9
30 25	11
30 26	36
30 27	13
30 28	38
30 29	12
30 30	28
30 31	5
30 32	21
30 33	8
30 34	2
30 35	46
30 36	0
30 37	15
30 38	23
30 39	19
30 40	14
30 42	1
30 44	7
30 46	30
30 47	20
30 48	25
30 49	34
31 2	45
31 3	16
31 4	7
31 6	21
31 7	38
31 8	47
31 9	13
31 10	14
31 12	36
31 13	17
31 14	22
31 15	43
31 16	11
31 18	10
31 21	49
31 22	0
31 23	41
31 24	24
31 25	15
31 27	26
31 28	29
31 29	30
31 30	19
31 31	48
31 32	40
31 33	32
31 34	23
31 35	3
31 36	25
31 37	4
31 38	27
31 39	12
31 40	5
31 41	46
31 42	37
31 43	18
31 44	33
31 45	9
31 47	31
31 48	44
31 49	6
32 0	49
32 1	25
32 2	0
32 3	23
32 4	14
32 5	24
32 6	5
32 7	12
32 8	16
32 9	10
32 10	20
32 11	31
32 12	30
32 13	22
32 14	6
32 15	45
32 16	8
32 17	3
32 18	17
32 20	7
32 21	37
32 22	13
32 23	42
32 25	40
32 26	47
32 27	28
32 28	35
32 29	27
32 30	26
32 32	4
32 33	9
32 34	36
32 35	38
32 37	46
32 39	43
32 40	19
32 41	11
32 42	39
32 43	34
32 44	15
32 45	44
32 46	1
32 48	33
33 0	27
33 1	17
33 3	6
33 4	45
33 5	49
33 6	36
33 9	16
33 11	10
33 12	3
33 13	41
33 14	37
33 16	42
33 17	48
33 18	30
33 19	11
33 20	22
33 21	44
33 22	34
33 26	13
33 27	40
33 28	28
33 29	32
33 30	18
33 31	8
33 33	29
33 34	21
33 35	26
33 36	24
33 37	14
33 38	9
33 39	38
33 40	35
33 41	31
33 42	7
33 43	12
33 44	43
33 45	19
33 46	5
33 48	4
33 49	25
34 0	16
34 1	18
34 2	10
34 3	39
34 4	24
34 5	0
34 6	31
34 7	30
34 8	11
34 9	2
34 11	37
34 12	1
34 13	25
34 14	44
34 15	48
34 16	38
34 17	43
34 18	28
34 19	19
34 21	9
34 22	8
34 23	47
34 24	23
34 25	36
34 26	49
34 27	32
34 28	12
34 30	34
34 31	6
34 32	35
34 33	46
34 34	17
34 35	41
34 37	13
34 39	45
34 40	4
34 41	5
34 42	15
34 43	26
34 44	29
34 45	27
34 47	3
34 48	40
34 49	42
35 0	38
35 1	41
35 2	5
35 3	48
35 4	16
35 5	7
35 6	8
35 7	37
35 8	35
35 10	15
35 12	20
35 13	10
35 14	17
35 15	22
35 16	6
35 18	14
35 19	43
35 21	47
35 22	12
35 23	30
35 25	9
35 26	0
35 27	18
35 28	11
35 29	28
35 30	42
35 31	24
35 32	3
35 33	1
35 34	27
35 35	4
35 36	46
35 37	40
35 38	25
35 40	21
35 41	39
35 42	49
35 43	13
35 44	2
35 45	23
35 46	32
35 48	34
36 0	33
36 1	11
36 2	39
36 3	44
36 4	17
36 5	29
36 6	24
36 7	40
36 8	1
36 9	46
36 11	0
36 12	41
36 13	35
36 14	18
36 15	12
36 16	7
36 17	28
36 18	34
36 19	47
36 20	19
36 21	6
36 24	31
36 25	4
36 26	3
36 27	45
36 28	22
36 29	25
36 30	43
36 31	49
36 32	30
36 34	8
36 35	32
36 36	23
36 37	21
36 38	37
36 39	16
36 40	2
36 41	13
36 42	36
36 44	27
36 45	14
36 46	26
36 47	9
36 48	38
37 3	20
37 4	36
37 5	14
37 6	12
37 7	6
37 8	38
37 9	25
37 10	30
37 11	26
37 12	46
37 13	48
37 14	47
37 16	23
37 17	33
37 18	27
37 19	3
37 20	32
37 21	45
37 22	5
37 23	16
37 24	15
37 26	10
37 28	9
37 29	0
37 31	34
37 32	29
37 33	37
37 34	24
37 35	22
37 36	40
37 37	8
37 38	21
37 39	49
37 41	17
37 43	42
37 44	19
37 45	18
37 46	31
37 47	43
37 48	2
38 0	24
38 1	31
38 2	17
38 3	19
38 4	11
38 5	5
38 6	10
38 7	49
38 8	29
38 10	7
38 11	46
38 12	12
38 13	3
38 14	36
38 15	28
38 16	45
38 17	1
38 18	4
38 19	42
38 20	40
38 21	18
38 23	13
38 24	0
38 25	35
38 26	44
38 27	6
38 29	38
38 30	27
38 32	16
38 33	15
38 34	34
38 35	23
38 36	2
38 38	20
38 40	22
38 41	32
38 42	8
38 43	37
38 44	30
38 45	33
38 46	14
38 47	26
38 48	48
38 49	9
39 0	30
39 2	26
39 4	15
39 5	32
39 6	3
39 7	2
39 8	20
39 9	12
39 10	38
39 11	43
39 12	48
39 14	8
39 15	27
39 16	47
39 17	41
39 18	23
39 19	18
39 20	33
39 21	36
39 22	25
39 23	5
39 24	17
39 25	10
39 26	1
39 27	44
39 28	40
39 30	29
39 32	13
39 34	22
39 35	14
39 36	28
39 38	49
39 39	9
39 42	46
39 43	35
39 44	4
39 46	39
39 47	42
39 48	31
39 49	11
40 0	34
40 1	15
40 3	35
40 4	18
40 8	21
40 10	28
40 11	4
40 14	1
40 15	13
40 16	5
40 17	10
40 18	37
40 19	49
40 20	41
40 21	46
40 22	40
40 23	32
40 24	14
40 25	2
40 26	48
40 27	38
40 28	0
40 29	16
40 30	23
40 31	17
40 33	25
40 34	30
40 35	31
40 37	42
40 38	3
40 39	26
40 40	27
40 41	6
40 42	12
40 43	36
40 44	47
40 46	8
40 47	24
40 48	39
40 49	22
41 1	34
41 2	24
41 3	22
41 5	30
41 6	6
41 7	8
41 8	3
41 10	1
41 11	49
41 12	45
41 13	2
41 14	0
41 16	25
41 17	46
41 19	4
41 20	21
41 21	23
41 22	32
41 23	39
41 26	15
41 27	12
41 28	43
41 29	29
41 31	33
41 32	48
41 33	38
41 34	44
41 35	16
41 36	35
41 37	19
41 38	13
41 40	40
41 42	28
41 44	10
41 45	31
41 46	9
41 47	17
41 48	37
41 49	27
42 0	13
42 1	33
42 2	30
42 4	48
42 6	17
42 7	9
42 8	7
42 9	29
42 12	24
42 14	5
42 15	32
42 16	39
42 17	36
42 18	46
42 19	44
42 20	23
42 21	11
42 22	4
42 24	8
42 25	3
42 26	37
42 27	21
42 28	34
42 29	47
42 30	15
42 31	20
42 32	14
42 34	42
42 35	27
42 36	41
42 39	6
42 40	10
42 41	28
42 42	35
42 43	0
42 44	31
42 45	49
42 46	25
42 47	19
42 48	22
42 49	2
43 0	1
43 1	40
43 2	49
43 3	36
43 4	38
43 5	42
43 7	16
43 9	48
43 10	29
43 12	9
43 14	21
43 15	15
43 16	14
43 17	12
43 18	43
43 19	24
43 20	2
43 21	10
43 22	7
43 25	28
43 26	31
43 28	39
43 29	18
43 30	11
43 31	35
43 33	4
43 34	0
43 35	25
43 38	22
43 39	30
43 40	3
43 41	27
43 42	17
43 43	19
43 44	45
43 45	5
43 46	34
43 47	13
44 0	10
44 1	5
44 2	20
44 4	39
44 5	33
44 6	44
44 7	18
44 8	22
44 9	35
44 10	40
44 11	47
44 12	23
44 13	14
44 14	25
44 15	49
44 19	36
44 20	11
44 21	3
44 22	19
44 23	2
44 26	16
44 27	42
44 28	32
44 29	17
44 31	4
44 32	34
44 33	27
44 34	9
44 35	24
44 36	7
44 37	28
44 39	15
44 40	31
44 41	26
44 42	48
44 43	45
44 44	37
44 45	13
44 46	0
44 47	6
44 48	43
44 49	41
45 1	35
45 2	3
45 3	24
45 4	34
45 6	7
45 9	20
45 10	17
45 13	9
45 15	19
45 16	16
45 17	37
45 18	25
45 19	29
45 20	42
45 21	33
45 22	45
45 24	10
45 25	1
45 26	43
45 27	46
45 28	47
45 29	6
45 32	32
45 33	14
45 35	5
45 36	30
45 37	18
45 38	48
45 40	13
45 41	2
45 42	21
45 43	22
45 46	49
45 47	0
45 48	41
45 49	40
46 0	22
46 1	20
46 2	43
46 3	5
46 4	49
46 5	10
46 6	41
46 8	36
46 9	33
46 10	25
46 11	34
46 13	40
46 14	29
46 15	42
46 16	46
46 17	30
46 18	32
46 19	39
46 21	7
46 23	31
46 25	45
46 26	24
46 27	35
46 28	23
46 29	4
46 30	37
46 31	19
46 32	44
46 34	13
46 35	8
46 36	9
46 37	1
46 38	14
46 39	2
46 40	48
46 41	16
46 42	0
46 43	28
46 44	12
46 45	17
46 46	15
46 47	18
46 48	21
46 49	3
47 0	25
47 1	19
47 2	47
47 4	28
47 5	34
47 6	11
47 7	32
47 8	44
47 11	35
47 12	39
47 14	16
47 16	10
47 17	40
47 19	37
47 20	31
47 21	8
47 22	21
47 23	24
47 24	13
47 25	0
47 26	30
47 28	15
47 30	36
47 31	42
47 32	12
47 33	45
47 34	26
47 35	6
47 37	2
47 38	38
47 40	41
47 41	18
47 42	33
47 43	27
47 44	23
47 45	1
47 47	22
47 48	20
47 49	29
48 0	14
48 1	6
48 2	18
48 3	8
48 4	20
48 5	21
48 6	33
48 7	1
48 8	5
48 9	36
48 10	9
48 13	46
48 14	2
48 16	30
48 17	25
48 18	3
48 19	27
48 20	13
48 21	32
48 22	29
48 24	43
48 26	45
48 27	49
48 28	48
48 29	23
48 31	47
48 33	39
48 35	44
48 36	37
48 37	35
48 38	28
48 39	40
48 41	10
48 44	42
48 45	34
48 46	7
48 49	12
49 0	48
49 1	1
49 2	27
49 3	17
49 4	12
49 5	13
49 6	14
49 8	37
49 9	0
49 10	32
49 11	38
49 13	45
49 14	28
49 15	10
49 16	24
49 19	6
49 20	44
49 22	11
49 23	9
49 24	49
49 25	31
49 27	23
49 28	8
49 29	2
49 31	29
49 33	22
49 34	15
49 35	21
49 36	42
49 37	34
49 38	40
49 40	36
49 41	20
49 42	43
49 43	46
49 44	41
49 45	39
49 46	19
49 47	16
49 48	5
49 49	30
