50
0 7	30
0 8	44
0 11	38
0 12	10
0 15	31
0 18	47
0 20	39
0 34	19
0 37	25
0 38	7
0 39	48
0 40	13
0 42	18
0 44	37
0 45	8
1 2	12
1 3	48
1 5	28
1 6	25
1 9	19
1 10	45
1 15	24
1 17	20
1 19	1
1 20	29
1 21	23
1 23	36
1 27	49
1 28	33
1 30	47
1 36	7
1 37	32
1 38	22
1 39	16
1 44	15
1 45	34
1 47	43
1 49	38
2 1	6
2 4	46
2 6	24
2 8	36
2 11	42
2 14	45
2 17	39
2 20	21
2 22	9
2 23	41
2 25	16
2 26	4
2 27	11
2 28	5
2 35	26
2 44	38
2 45	35
2 47	18
2 48	29
3 0	5
3 1	14
3 2	43
3 5	20
3 6	39
3 14	22
3 15	15
3 16	44
3 17	31
3 21	37
3 25	34
3 27	47
3 39	41
3 40	48
3 41	9
3 42	3
4 0	17
4 1	20
4 4	25
4 5	29
4 6	19
4 7	10
4 10	26
4 12	43
4 13	7
4 15	36
4 21	42
4 25	18
4 27	34
4 29	33
4 33	31
4 35	32
4 38	46
4 41	23
4 43	2
4 46	35
4 47	49
4 49	15
5 3	26
5 4	41
5 9	31
5 10	19
5 12	38
5 15	14
5 16	29
5 17	12
5 20	35
5 23	34
5 24	6
5 25	24
5 26	16
5 27	32
5 33	28
5 43	17
5 46	22
6 8	7
6 9	25
6 13	10
6 17	40
6 22	48
6 30	35
6 31	44
6 32	45
6 34	12
6 38	37
6 43	23
6 46	8
7 2	25
7 3	41
7 5	45
7 7	35
7 8	6
7 10	48
7 15	28
7 16	12
7 25	49
7 26	14
7 29	1
7 31	40
7 34	11
7 35	5
7 36	46
7 39	38
7 43	19
7 44	10
7 49	18
8 0	14
8 1	35
8 4	12
8 5	15
8 6	29
8 7	34
8 10	21
8 11	27
8 12	39
8 16	19
8 19	40
8 20	22
8 23	38
8 26	18
8 28	46
8 29	24
8 30	6
8 34	16
8 36	43
8 38	42
8 39	17
8 42	30
8 43	41
8 47	32
8 49	10
9 2	6
9 6	12
9 10	41
9 11	22
9 12	40
9 13	38
9 19	17
9 21	32
9 26	24
9 28	21
9 30	11
9 34	34
9 39	5
9 45	13
9 46	14
9 47	42
10 2	17
10 6	2
10 10	42
10 13	31
10 18	34
10 19	15
10 20	45
10 22	30
10 25	36
10 28	38
10 32	37
10 34	22
10 38	40
10 39	1
10 44	32
10 45	39
10 47	28
10 48	21
10 49	47
11 0	0
11 3	39
11 4	38
11 5	40
11 6	16
11 8	33
11 9	41
11 14	42
11 16	20
11 20	11
11 21	31
11 29	12
11 30	8
11 31	6
11 33	14
11 35	35
11 36	10
11 37	18
11 40	5
11 42	28
11 44	30
11 46	27
11 47	13
11 48	45
11 49	49
12 2	3
12 3	23
12 6	44
12 8	19
12 9	38
12 11	37
12 14	21
12 15	39
12 19	4
12 20	5
12 21	13
12 29	25
12 32	26
12 34	42
12 36	28
12 38	31
12 41	24
12 43	1
12 44	43
13 0	43
13 3	20
13 4	47
13 7	39
13 12	25
13 14	6
13 15	34
13 18	12
13 21	4
13 22	42
13 24	37
13 25	45
13 26	26
13 35	49
13 36	36
13 37	16
13 38	1
13 39	14
13 40	27
13 41	46
13 42	17
13 43	33
13 44	3
13 46	48
13 47	31
13 49	11
14 0	4
14 1	48
14 2	38
14 10	6
14 13	44
14 15	12
14 21	20
14 23	42
14 24	23
14 25	31
14 28	10
14 31	21
14 34	24
14 36	11
14 38	14
14 39	3
14 44	41
14 47	39
15 5	3
15 13	20
15 14	4
15 16	42
15 17	41
15 18	19
15 20	49
15 22	39
15 23	26
15 25	6
15 26	11
15 29	29
15 31	16
15 32	1
15 34	18
15 36	8
15 41	37
15 43	48
15 44	17
15 45	25
15 49	40
16 4	26
16 8	38
16 10	33
16 11	1
16 13	45
16 16	43
16 21	29
16 22	6
16 25	22
16 26	7
16 27	40
16 31	35
16 32	15
16 34	27
16 39	20
16 42	11
16 48	32
17 3	43
17 6	13
17 9	18
17 11	28
17 14	19
17 16	45
17 19	24
17 21	30
17 23	1
17 25	4
17 26	2
17 30	14
17 35	39
17 37	26
17 39	11
17 40	17
17 45	6
17 46	44
18 1	17
18 2	45
18 3	4
18 6	42
18 7	12
18 8	47
18 9	37
18 10	18
18 11	16
18 13	3
18 14	14
18 17	11
18 18	49
18 19	28
18 21	22
18 23	25
18 24	15
18 25	13
18 26	46
18 31	20
18 32	35
18 33	27
18 34	1
18 35	6
18 39	29
18 40	23
18 44	8
19 3	27
19 4	33
19 8	40
19 10	37
19 12	3
19 13	46
19 14	30
19 15	25
19 16	2
19 20	10
19 21	38
19 30	0
19 31	1
19 34	31
19 35	47
19 37	17
19 38	19
19 40	43
19 41	28
19 45	49
19 47	35
20 3	2
20 7	28
20 9	36
20 14	41
20 20	20
20 21	15
20 23	17
20 26	34
20 28	12
20 29	14
20 30	30
20 31	42
20 32	5
20 35	48
20 37	45
20 41	26
20 42	13
20 45	9
20 48	8
21 0	30
21 11	47
21 13	22
21 17	18
21 20	36
21 21	8
21 33	49
21 35	45
21 36	34
21 37	46
21 39	31
21 41	6
21 42	23
21 43	10
21 45	26
21 46	12
21 47	48
21 48	16
21 49	37
22 3	31
22 11	11
22 14	8
22 15	18
22 16	10
22 18	35
22 20	47
22 29	17
22 30	41
22 33	45
22 37	44
22 42	36
22 43	49
22 46	23
23 1	23
23 3	6
23 5	26
23 9	10
23 15	5
23 20	44
23 21	2
23 23	30
23 26	22
23 27	42
23 28	13
23 29	19
23 30	36
23 31	38
23 32	16
23 34	47
23 35	14
23 37	21
23 39	45
23 40	1
23 41	33
23 43	0
23 45	46
23 46	43
23 48	41
24 0	41
24 3	5
24 6	21
24 7	33
24 8	49
24 9	17
24 10	30
24 13	14
24 14	35
24 15	19
24 18	38
24 23	32
24 24	27
24 25	9
24 26	43
24 27	7
24 28	16
24 30	2
24 32	3
24 34	15
24 35	29
24 36	1
24 44	4
24 45	18
24 46	28
25 0	6
25 3	12
25 7	46
25 9	4
25 10	49
25 11	44
25 12	45
25 14	25
25 15	41
25 18	26
25 29	48
25 30	22
25 34	23
25 35	8
25 36	35
25 37	42
25 39	33
25 40	10
25 43	39
25 48	28
26 0	8
26 2	39
26 6	23
26 8	24
26 9	13
26 12	21
26 16	32
26 17	6
26 18	14
26 19	22
26 20	0
26 22	43
26 26	37
26 30	40
26 33	10
26 35	34
26 36	41
26 37	11
26 38	17
26 42	42
26 46	31
27 3	19
27 4	24
27 6	8
27 12	32
27 16	48
27 17	30
27 18	45
27 19	10
27 20	28
27 21	34
27 23	21
27 26	9
27 31	14
27 33	36
27 35	44
27 37	37
27 38	0
27 41	17
27 42	16
27 43	43
27 44	35
27 45	31
27 49	41
28 1	38
28 4	1
28 5	25
28 9	26
28 10	32
28 11	31
28 13	39
28 18	30
28 19	12
28 21	49
28 25	14
28 26	17
28 29	37
28 30	42
28 32	29
28 34	9
28 36	20
28 41	18
28 42	33
28 43	47
29 4	21
29 9	34
29 11	19
29 19	30
29 20	15
29 21	12
29 27	35
29 30	24
29 31	13
29 32	14
29 33	38
29 34	36
29 38	49
29 43	26
29 44	33
29 45	0
29 46	16
30 1	28
30 5	46
30 9	3
30 12	6
30 13	30
30 14	0
30 16	49
30 17	33
30 18	41
30 20	37
30 22	36
30 23	31
30 25	42
30 27	21
30 29	20
30 31	9
30 32	2
30 34	43
30 36	32
30 37	8
30 39	35
30 46	25
30 48	26
30 49	12
31 1	18
31 3	40
31 6	49
31 7	2
31 8	10
31 11	30
31 13	34
31 20	17
31 25	1
31 26	0
31 29	32
31 31	5
31 32	38
31 33	13
31 34	8
31 35	25
31 38	20
31 39	36
31 42	46
31 46	33
31 47	3
32 1	24
32 2	32
32 3	29
32 4	42
32 6	22
32 7	43
32 8	4
32 11	0
32 12	27
32 13	48
32 15	38
32 17	35
32 18	13
32 20	23
32 21	1
32 22	12
32 26	8
32 27	2
32 28	37
32 29	11
32 32	31
32 33	6
32 37	39
32 38	15
32 40	16
32 41	20
32 43	44
32 44	47
32 45	7
32 49	25
33 3	15
33 5	31
33 8	26
33 9	24
33 11	49
33 13	33
33 15	2
33 19	13
33 20	1
33 22	27
33 23	5
33 24	25
33 25	41
33 27	16
33 32	28
33 33	46
33 34	4
33 39	8
33 42	20
33 43	35
33 44	29
33 46	3
33 47	40
33 48	44
34 0	31
34 2	46
34 6	1
34 11	8
34 14	18
34 15	11
34 17	2
34 19	39
34 20	27
34 22	28
34 27	48
34 29	9
34 31	24
34 34	41
34 35	4
34 40	15
34 41	14
34 45	44
34 48	38
35 1	30
35 5	6
35 8	20
35 10	0
35 12	33
35 13	15
35 17	28
35 19	38
35 23	43
35 25	40
35 33	21
35 34	26
35 35	18
35 39	32
35 40	24
35 42	19
35 45	22
35 46	34
35 49	14
36 9	12
36 11	43
36 12	30
36 16	28
36 17	29
36 18	2
36 20	26
36 22	10
36 24	13
36 25	33
36 27	6
36 28	31
36 30	5
36 33	25
36 34	39
36 36	37
36 38	45
36 41	44
36 43	32
36 44	22
36 46	18
36 47	21
36 48	19
36 49	16
37 6	30
37 9	15
37 10	16
37 15	48
37 16	37
37 17	27
37 20	33
37 27	25
37 29	44
37 31	47
37 32	49
37 33	40
37 34	20
37 41	22
37 42	43
37 43	8
38 1	7
38 3	21
38 4	20
38 7	31
38 9	45
38 15	26
38 16	9
38 22	38
38 24	30
38 32	48
38 34	28
38 37	23
38 40	39
38 41	42
38 46	37
38 47	47
39 3	1
39 7	18
39 8	16
39 11	6
39 13	2
39 14	12
39 15	21
39 17	9
39 18	22
39 19	26
39 24	4
39 27	41
39 28	17
39 29	45
39 34	44
39 35	13
39 36	19
39 37	36
39 39	39
39 40	7
39 41	31
39 43	24
39 44	48
39 49	8
40 7	13
40 10	20
40 12	12
40 13	41
40 15	16
40 16	17
40 18	0
40 22	23
40 23	14
40 24	32
40 25	28
40 26	25
40 33	26
40 39	7
40 44	39
40 46	1
41 1	5
41 3	34
41 4	31
41 5	7
41 8	21
41 9	39
41 10	46
41 12	47
41 15	42
41 16	24
41 24	29
41 26	48
41 27	12
41 28	27
41 36	23
41 40	2
41 42	49
41 43	15
41 46	41
42 0	19
42 1	47
42 4	34
42 6	3
42 10	44
42 14	1
42 21	35
42 22	31
42 23	29
42 24	0
42 26	45
42 31	23
42 35	22
42 36	2
42 39	6
42 40	37
42 43	30
42 44	40
42 46	13
42 47	15
43 3	11
43 4	32
43 8	46
43 9	28
43 15	33
43 18	36
43 19	29
43 24	38
43 33	24
43 37	47
43 42	2
43 46	19
43 49	30
44 0	42
44 3	8
44 5	30
44 9	14
44 12	13
44 14	10
44 16	31
44 18	4
44 20	7
44 23	47
44 24	40
44 26	20
44 29	5
44 33	1
44 35	17
44 38	18
44 39	24
44 41	0
44 44	49
44 47	12
44 49	29
45 2	44
45 4	27
45 6	43
45 7	20
45 9	47
45 13	16
45 15	0
45 17	46
45 18	48
45 22	19
45 24	33
45 33	32
45 35	15
45 37	13
45 38	25
45 40	21
45 45	4
45 47	37
45 48	18
46 1	13
46 4	39
46 7	1
46 13	0
46 18	20
46 20	43
46 22	41
46 25	44
46 28	48
46 32	19
46 33	15
46 35	3
46 37	40
46 40	33
46 41	4
46 45	36
46 46	21
46 47	8
46 48	47
47 1	44
47 5	43
47 6	10
47 10	25
47 11	2
47 13	5
47 14	13
47 15	32
47 19	9
47 25	26
47 26	12
47 28	28
47 34	0
47 35	37
47 37	33
47 38	35
47 41	27
47 42	29
47 45	42
48 1	8
48 2	18
48 3	36
48 11	5
48 15	45
48 19	25
48 20	42
48 22	14
48 25	3
48 28	30
48 30	34
48 32	0
48 33	41
48 34	40
48 35	1
48 37	48
48 38	38
48 40	47
48 41	32
48 43	9
48 48	31
49 3	16
49 4	14
49 5	17
49 6	35
49 7	15
49 10	22
49 12	49
49 13	9
49 14	37
49 18	1
49 21	45
49 26	42
49 28	43
49 31	39
49 36	40
49 38	2
49 39	4
49 49	3
