50
0 1	39
0 2	25
0 5	11
0 6	12
0 7	48
0 8	28
0 10	44
0 12	29
0 13	26
0 15	21
0 16	16
0 17	41
0 22	7
0 23	20
0 24	35
0 27	10
0 30	2
0 31	3
0 32	45
0 34	27
0 35	4
0 36	14
0 37	40
0 39	30
0 40	43
0 41	24
0 42	34
0 44	22
0 46	46
1 0	48
1 2	31
1 4	47
1 5	18
1 6	22
1 7	0
1 8	14
1 10	5
1 11	45
1 16	44
1 17	28
1 20	4
1 21	20
1 22	36
1 23	15
1 24	41
1 25	40
1 27	26
1 28	16
1 29	25
1 30	23
1 31	39
1 32	9
1 35	30
1 37	24
1 39	49
1 40	35
1 41	34
1 42	2
1 45	27
1 46	10
2 3	37
2 4	3
2 5	10
2 6	18
2 7	44
2 14	7
2 16	8
2 19	38
2 20	32
2 21	41
2 27	35
2 31	48
2 33	49
2 35	1
2 37	42
2 38	14
2 42	21
2 44	15
2 46	13
2 47	30
3 0	23
3 1	36
3 2	29
3 4	24
3 5	27
3 6	8
3 8	42
3 11	43
3 12	7
3 14	15
3 17	0
3 18	17
3 20	40
3 21	32
3 22	47
3 23	4
3 24	6
3 27	31
3 28	1
3 29	14
3 31	35
3 33	26
3 34	5
3 36	37
3 39	13
3 40	16
3 44	45
3 46	9
3 49	25
4 6	39
4 7	49
4 11	31
4 12	17
4 15	43
4 19	34
4 20	38
4 24	36
4 25	42
4 27	45
4 30	8
4 31	4
4 32	28
4 33	32
4 35	48
4 37	41
4 38	10
4 39	19
4 40	5
4 43	16
4 47	23
4 49	21
5 0	46
5 3	26
5 4	0
5 5	21
5 9	30
5 10	49
5 11	28
5 12	35
5 14	42
5 15	12
5 16	6
5 18	19
5 22	3
5 23	32
5 24	25
5 27	47
5 28	18
5 29	5
5 38	2
5 39	45
5 43	37
5 47	22
5 49	31
6 0	4
6 3	29
6 7	39
6 8	46
6 12	11
6 14	14
6 15	22
6 18	3
6 20	35
6 21	1
6 23	19
6 25	5
6 26	26
6 28	9
6 29	27
6 32	48
6 34	49
6 35	8
6 36	20
6 39	31
6 41	42
6 43	0
6 45	34
7 0	6
7 1	11
7 3	40
7 4	36
7 8	19
7 13	43
7 15	9
7 16	0
7 21	47
7 22	13
7 24	38
7 25	2
7 26	25
7 27	37
7 28	7
7 32	35
7 33	28
7 35	31
7 39	1
7 42	46
7 43	3
7 44	41
7 48	26
7 49	18
8 0	16
8 4	26
8 5	45
8 7	6
8 9	44
8 10	30
8 13	5
8 14	9
8 18	49
8 20	41
8 21	43
8 22	32
8 25	23
8 26	18
8 32	25
8 34	10
8 38	20
8 41	35
8 42	15
8 43	17
8 44	42
8 46	48
9 0	39
9 2	34
9 3	44
9 4	10
9 8	0
9 12	33
9 13	35
9 15	41
9 20	27
9 22	15
9 23	48
9 25	22
9 28	23
9 32	26
9 33	29
9 35	5
9 37	7
9 41	1
9 44	20
9 46	31
9 47	37
10 3	42
10 5	17
10 8	3
10 9	7
10 10	4
10 12	14
10 14	28
10 15	38
10 19	9
10 21	30
10 22	12
10 26	6
10 29	2
10 30	37
10 31	36
10 32	10
10 36	15
10 37	29
10 38	46
10 40	39
10 45	25
10 46	35
10 48	22
10 49	0
11 2	14
11 3	49
11 5	35
11 6	47
11 10	36
11 12	43
11 13	22
11 17	5
11 18	37
11 20	12
11 21	10
11 22	31
11 23	29
11 26	23
11 27	33
11 28	42
11 29	17
11 35	2
11 36	9
11 38	18
11 41	32
11 42	25
11 43	21
11 44	7
11 45	13
11 49	40
12 1	5
12 3	27
12 6	48
12 7	45
12 8	40
12 11	30
12 12	10
12 13	42
12 14	12
12 15	25
12 16	18
12 19	6
12 23	28
12 25	34
12 30	21
12 31	2
12 32	17
12 35	13
12 37	35
12 38	29
12 39	20
12 43	46
12 44	44
12 47	43
12 49	22
13 0	37
13 1	10
13 3	30
13 4	20
13 6	7
13 7	8
13 12	25
13 14	44
13 18	9
13 19	18
13 20	24
13 26	19
13 30	31
13 33	12
13 35	47
13 37	4
13 38	48
13 45	0
13 47	33
13 49	38
14 0	31
14 6	27
14 7	14
14 10	16
14 11	34
14 12	13
14 14	22
14 16	41
14 17	21
14 19	4
14 21	26
14 22	2
14 24	47
14 26	1
14 27	7
14 28	30
14 30	42
14 31	19
14 32	5
14 35	15
14 36	17
14 38	28
14 39	8
14 43	35
14 45	24
14 46	49
14 48	25
15 3	33
15 4	25
15 5	3
15 6	41
15 7	16
15 9	48
15 10	42
15 13	12
15 14	20
15 16	37
15 17	8
15 19	35
15 20	49
15 22	1
15 23	22
15 24	30
15 26	17
15 27	24
15 30	34
15 31	31
15 32	32
15 33	7
15 34	23
15 36	45
15 37	18
15 38	19
15 39	5
15 41	6
15 43	13
15 48	46
15 49	14
16 5	28
16 8	39
16 9	49
16 11	42
16 14	36
16 16	33
16 23	23
16 24	9
16 26	27
16 27	43
16 31	17
16 32	44
16 33	11
16 37	47
16 41	38
16 43	22
16 44	18
16 45	31
16 46	29
16 49	10
17 0	32
17 2	4
17 4	46
17 6	5
17 7	26
17 8	16
17 11	19
17 12	18
17 13	15
17 17	12
17 18	47
17 20	44
17 23	21
17 25	0
17 28	10
17 35	22
17 38	49
17 40	37
17 43	36
17 46	40
17 48	29
17 49	41
18 2	26
18 3	16
18 4	17
18 8	18
18 9	45
18 13	19
18 14	13
18 15	37
18 16	34
18 18	15
18 19	33
18 22	48
18 23	14
18 24	1
18 25	4
18 26	2
18 27	36
18 28	39
18 30	12
18 31	30
18 36	7
18 38	27
18 40	25
18 43	49
18 44	23
18 46	3
18 47	46
18 49	42
19 1	21
19 7	30
19 8	37
19 11	16
19 12	41
19 13	13
19 14	39
19 15	36
19 16	17
19 18	32
19 21	2
19 22	43
19 23	34
19 24	31
19 25	8
19 26	46
19 28	11
19 30	5
19 31	0
19 32	4
19 35	44
19 36	18
19 46	26
19 47	28
19 48	12
20 0	44
20 3	8
20 4	32
20 6	11
20 7	1
20 8	48
20 9	0
20 11	17
20 15	47
20 19	49
20 20	29
20 23	33
20 24	13
20 25	18
20 27	6
20 29	35
20 31	45
20 32	15
20 35	14
20 36	38
20 37	16
20 42	42
20 43	10
20 46	12
21 4	6
21 5	14
21 7	43
21 8	35
21 9	21
21 10	13
21 13	18
21 14	47
21 17	19
21 18	5
21 19	39
21 20	37
21 23	25
21 25	26
21 27	48
21 28	12
21 30	22
21 32	49
21 33	10
21 36	30
21 37	3
21 38	24
21 40	42
21 41	40
21 43	32
21 44	8
21 45	46
22 1	0
22 2	5
22 3	13
22 7	7
22 9	39
22 10	8
22 11	4
22 12	12
22 19	28
22 22	29
22 23	31
22 28	34
22 30	20
22 32	41
22 33	42
22 36	36
22 37	49
22 38	3
22 39	32
22 41	48
22 43	43
22 49	23
23 1	35
23 2	18
23 3	43
23 4	42
23 8	7
23 10	29
23 13	34
23 15	33
23 17	9
23 18	45
23 20	39
23 23	5
23 24	10
23 25	36
23 27	20
23 28	49
23 30	48
23 31	21
23 34	3
23 35	32
23 37	15
23 38	23
23 39	28
23 40	41
23 41	37
23 42	12
23 43	47
23 46	19
24 0	15
24 1	7
24 2	47
24 6	6
24 7	3
24 8	24
24 9	35
24 11	8
24 12	49
24 17	31
24 18	39
24 25	32
24 26	36
24 28	5
24 29	42
24 32	30
24 33	2
24 36	28
24 39	22
24 41	17
24 42	37
24 45	29
24 47	16
25 2	0
25 3	3
25 5	7
25 6	40
25 7	36
25 8	41
25 11	22
25 16	43
25 19	10
25 24	14
25 25	20
25 27	39
25 28	38
25 31	32
25 32	37
25 34	2
25 35	33
25 39	18
25 40	30
25 41	11
25 42	35
25 47	31
25 48	27
26 0	43
26 1	40
26 8	20
26 9	25
26 10	27
26 11	11
26 13	49
26 16	35
26 18	24
26 19	36
26 22	14
26 24	33
26 25	45
26 26	21
26 27	9
26 28	37
26 30	3
26 31	18
26 32	6
26 34	34
26 35	41
26 36	10
26 37	1
26 38	32
26 39	48
26 41	22
26 43	28
26 44	19
26 45	26
26 47	5
26 48	38
26 49	15
27 1	18
27 3	25
27 4	11
27 7	12
27 8	31
27 9	36
27 12	15
27 15	19
27 16	22
27 17	29
27 18	34
27 19	47
27 20	16
27 21	5
27 22	28
27 23	1
27 24	44
27 25	10
27 27	4
27 28	35
27 30	40
27 34	26
27 38	39
27 42	7
27 45	37
27 47	20
27 49	43
28 2	28
28 3	22
28 4	30
28 5	38
28 6	23
28 8	21
28 9	41
28 10	43
28 13	24
28 16	32
28 17	10
28 20	9
28 24	7
28 25	12
28 26	3
28 27	5
28 29	34
28 30	4
28 32	0
28 34	8
28 35	11
28 36	29
28 38	6
28 40	45
28 41	47
28 43	15
28 44	27
28 45	2
28 47	1
28 48	19
29 1	9
29 2	1
29 3	24
29 6	43
29 7	20
29 8	4
29 9	3
29 11	10
29 12	23
29 13	14
29 16	25
29 22	34
29 25	28
29 26	47
29 27	41
29 32	31
29 34	12
29 35	19
29 36	39
29 37	36
29 40	22
29 41	26
29 42	30
29 47	15
30 0	8
30 1	12
30 2	20
30 3	48
30 4	31
30 6	3
30 7	37
30 10	14
30 11	18
30 14	30
30 18	41
30 19	19
30 21	0
30 23	35
30 27	29
30 30	46
30 31	25
30 33	4
30 35	17
30 37	45
30 38	44
30 40	28
30 41	9
30 42	24
30 44	43
30 45	10
31 2	11
31 3	6
31 5	8
31 6	36
31 8	45
31 10	39
31 13	3
31 18	38
31 22	21
31 31	41
31 32	1
31 33	46
31 34	24
31 35	27
31 38	34
31 40	9
31 45	5
31 46	44
31 47	19
31 48	10
32 0	38
32 1	44
32 4	34
32 5	31
32 6	1
32 7	4
32 9	19
32 13	0
32 15	10
32 16	49
32 19	15
32 22	11
32 23	13
32 25	41
32 26	28
32 28	32
32 30	26
32 31	43
32 32	12
32 36	5
32 37	25
32 40	24
32 41	45
32 42	40
32 43	14
32 44	46
32 45	20
32 47	2
33 0	29
33 6	25
33 8	10
33 12	48
33 13	44
33 14	43
33 20	17
33 22	41
33 23	24
33 26	40
33 27	30
33 29	8
33 30	33
33 31	37
33 32	18
33 34	35
33 35	0
33 36	6
33 39	26
33 43	38
33 45	16
33 47	39
33 49	13
34 3	17
34 9	4
34 12	31
34 13	28
34 14	25
34 15	14
34 20	10
34 21	24
34 22	49
34 23	7
34 31	13
34 36	1
34 38	9
34 39	0
34 42	16
34 43	27
34 48	42
34 49	36
35 1	31
35 3	47
35 8	27
35 10	46
35 14	40
35 15	5
35 19	24
35 20	2
35 22	6
35 24	37
35 26	4
35 31	15
35 34	14
35 36	21
35 37	8
35 38	22
35 39	10
35 41	36
35 42	45
35 43	25
35 45	38
35 47	32
35 48	35
35 49	12
36 1	34
36 5	2
36 8	47
36 9	23
36 12	24
36 13	16
36 20	14
36 22	30
36 25	19
36 27	17
36 31	10
36 33	39
36 34	18
36 37	26
36 39	25
36 42	38
36 47	41
36 49	32
37 0	22
37 1	26
37 2	9
37 5	16
37 6	13
37 7	32
37 10	34
37 13	2
37 14	45
37 16	11
37 18	4
37 19	42
37 20	18
37 22	24
37 23	37
37 24	49
37 25	29
37 27	14
37 28	8
37 29	39
37 30	35
37 31	5
37 33	21
37 34	46
37 36	40
37 38	15
37 42	43
37 44	0
37 45	44
37 47	48
37 48	41
37 49	3
38 0	13
38 4	44
38 5	33
38 7	46
38 8	36
38 10	19
38 13	39
38 14	5
38 18	22
38 20	45
38 24	3
38 25	24
38 27	16
38 28	17
38 29	32
38 30	10
38 31	12
38 32	20
38 33	27
38 34	38
38 36	26
38 38	35
38 39	34
38 41	41
38 42	28
38 43	8
38 46	18
39 2	41
39 7	27
39 8	43
39 9	6
39 10	40
39 11	1
39 12	36
39 14	48
39 16	30
39 19	20
39 22	10
39 24	19
39 26	24
39 29	28
39 31	9
39 33	47
39 36	42
39 37	13
39 38	37
39 42	32
39 43	11
39 46	15
39 47	0
39 49	46
40 0	21
40 1	27
40 2	22
40 3	41
40 6	24
40 7	42
40 9	13
40 14	35
40 17	2
40 23	45
40 24	29
40 25	14
40 28	6
40 30	15
40 32	46
40 33	19
40 37	17
40 38	36
40 39	40
40 42	10
40 43	44
40 48	16
41 0	49
41 2	16
41 5	41
41 6	31
41 10	18
41 11	39
41 14	46
41 15	0
41 16	45
41 17	1
41 18	8
41 19	43
41 22	37
41 23	36
41 24	12
41 25	35
41 26	5
41 27	32
41 28	13
41 29	38
41 32	3
41 33	44
41 40	15
41 41	21
41 42	33
41 44	10
41 46	11
41 48	9
42 0	14
42 1	19
42 2	17
42 5	22
42 6	32
42 7	21
42 8	12
42 9	47
42 11	6
42 12	45
42 13	37
42 14	0
42 15	24
42 17	36
42 19	1
42 20	28
42 21	46
42 24	18
42 25	31
42 27	40
42 29	3
42 33	20
42 35	23
42 36	35
42 40	11
42 43	2
42 45	41
42 46	25
42 47	13
42 49	30
43 4	33
43 5	36
43 6	16
43 10	10
43 13	8
43 14	32
43 16	26
43 17	34
43 18	7
43 19	27
43 21	29
43 22	25
43 23	47
43 26	41
43 31	49
43 32	24
43 33	5
43 37	37
43 39	44
43 42	22
43 44	9
43 45	48
43 49	4
44 1	16
44 4	39
44 10	15
44 11	47
44 12	3
44 13	1
44 14	10
44 16	40
44 18	30
44 23	46
44 24	8
44 25	25
44 28	43
44 29	19
44 32	14
44 35	38
44 37	31
44 38	0
44 40	2
44 41	4
44 44	13
44 46	37
44 47	17
44 48	23
44 49	26
45 3	35
45 5	40
45 6	37
45 10	32
45 13	4
45 14	3
45 15	26
45 18	33
45 19	5
45 20	31
45 24	24
45 25	39
45 27	44
45 28	14
45 29	36
45 31	29
45 34	45
45 35	12
45 36	0
45 40	6
45 41	46
45 43	41
45 45	11
45 46	1
45 47	25
45 48	7
46 2	49
46 4	18
46 5	0
46 9	12
46 13	10
46 15	3
46 16	20
46 17	39
46 18	26
46 22	8
46 26	29
46 28	24
46 29	44
46 33	35
46 34	43
46 36	22
46 37	6
46 38	45
46 41	27
46 42	36
46 43	1
46 45	32
46 46	16
46 47	7
47 5	15
47 7	35
47 9	28
47 10	25
47 11	37
47 12	22
47 16	38
47 17	3
47 18	16
47 19	31
47 20	48
47 21	49
47 23	27
47 24	21
47 26	43
47 27	13
47 29	10
47 31	47
47 32	40
47 33	6
47 34	39
47 35	36
47 37	5
47 38	17
47 44	4
47 45	14
47 46	41
47 47	42
47 49	20
48 1	37
48 2	10
48 4	13
48 5	44
48 8	1
48 11	35
48 12	21
48 13	30
48 16	14
48 18	23
48 19	3
48 20	25
48 21	39
48 23	0
48 24	15
48 25	47
48 26	9
48 27	46
48 30	7
48 31	33
48 34	42
48 35	6
48 36	16
48 37	32
48 40	27
48 42	18
48 45	19
48 46	4
48 47	40
48 48	5
48 49	49
49 1	38
49 2	44
49 6	2
49 10	45
49 11	0
49 16	29
49 17	32
49 21	6
49 22	19
49 25	9
49 27	18
49 29	11
49 31	23
49 33	8
49 36	3
49 38	13
49 43	39
49 44	16
49 47	12
49 48	28
