50
0 0	4
0 1	0
0 3	7
0 5	13
0 6	37
0 7	49
0 9	22
0 10	2
0 12	35
0 13	12
0 15	10
0 16	14
0 17	15
0 19	38
0 20	30
0 22	48
0 23	44
0 26	25
0 27	20
0 28	23
0 29	40
0 32	21
0 33	46
0 34	31
0 39	16
0 40	32
0 41	6
0 42	41
0 43	27
0 45	17
0 47	26
0 48	42
0 49	28
1 0	48
1 1	33
1 2	3
1 3	10
1 4	36
1 5	38
1 6	35
1 7	42
1 8	40
1 10	0
1 11	20
1 12	30
1 13	28
1 14	19
1 15	18
1 16	11
1 17	45
1 18	8
1 19	13
1 20	31
1 21	7
1 22	29
1 23	21
1 24	24
1 25	4
1 26	43
1 27	12
1 28	17
1 29	15
1 31	6
1 32	41
1 33	47
1 34	32
1 35	26
1 36	22
1 37	14
1 39	37
1 40	27
1 41	2
1 43	39
1 44	44
1 45	23
1 46	46
1 47	5
1 48	49
1 49	25
2 0	29
2 2	30
2 3	23
2 4	20
2 5	48
2 6	16
2 7	25
2 8	8
2 9	21
2 10	10
2 11	42
2 12	24
2 13	36
2 14	37
2 15	31
2 16	41
2 17	12
2 18	0
2 19	32
2 20	38
2 22	15
2 23	5
2 24	47
2 26	34
2 27	17
2 28	27
2 29	19
2 30	2
2 31	11
2 32	4
2 33	28
2 34	22
2 35	39
2 36	6
2 39	44
2 40	49
2 41	43
2 42	45
2 43	40
2 44	26
2 45	33
2 47	35
2 48	14
2 49	3
3 0	23
3 1	16
3 2	9
3 4	12
3 5	44
3 6	21
3 7	26
3 8	17
3 9	40
3 10	47
3 11	41
3 12	4
3 14	42
3 15	32
3 16	2
3 17	3
3 18	30
3 19	46
3 21	34
3 22	18
3 23	31
3 25	24
3 26	39
3 28	45
3 29	7
3 30	36
3 31	19
3 32	33
3 33	37
3 34	28
3 35	25
3 36	27
3 37	1
3 38	6
3 39	10
3 40	5
3 41	15
3 43	22
3 44	11
3 45	20
3 46	49
3 47	29
3 49	43
4 1	48
4 2	32
4 4	30
4 5	35
4 6	22
4 7	19
4 8	5
4 9	34
4 10	4
4 11	13
4 12	25
4 14	9
4 15	6
4 16	36
4 17	49
4 18	27
4 19	2
4 20	44
4 21	29
4 22	26
4 23	41
4 24	15
4 25	7
4 26	11
4 28	37
4 30	23
4 32	40
4 33	31
4 34	0
4 36	21
4 37	45
4 38	24
4 39	28
4 40	20
4 41	3
4 42	43
4 43	14
4 44	12
4 45	38
4 46	42
4 48	18
4 49	39
5 0	45
5 1	31
5 2	25
5 3	33
5 5	15
5 6	46
5 8	20
5 9	27
5 10	35
5 11	4
5 13	48
5 14	36
5 16	13
5 17	29
5 18	6
5 19	8
5 21	32
5 22	3
5 23	47
5 24	21
5 25	17
5 26	9
5 27	23
5 28	16
5 30	26
5 31	18
5 36	11
5 37	28
5 38	7
5 39	30
5 41	42
5 42	12
5 43	38
5 44	2
5 45	41
5 47	22
5 48	5
5 49	14
6 1	35
6 2	48
6 5	18
6 6	49
6 7	17
6 8	13
6 9	15
6 10	9
6 13	23
6 14	3
6 15	30
6 16	46
6 17	36
6 18	4
6 19	21
6 20	1
6 21	45
6 23	12
6 24	14
6 25	26
6 26	8
6 28	41
6 30	22
6 32	5
6 33	29
6 34	47
6 35	44
6 37	2
6 39	27
6 41	37
6 42	39
6 43	43
6 45	31
6 46	11
6 47	24
6 48	25
6 49	16
7 0	32
7 1	15
7 2	45
7 3	41
7 4	5
7 5	14
7 6	6
7 8	7
7 9	10
7 10	33
7 11	43
7 12	18
7 13	39
7 14	28
7 15	47
7 16	17
7 17	11
7 20	19
7 21	25
7 22	0
7 23	36
7 25	30
7 27	16
7 28	48
7 29	4
7 30	24
7 31	26
7 32	35
7 33	27
7 34	9
7 35	34
7 36	1
7 37	49
7 38	3
7 39	29
7 40	31
7 41	13
7 42	44
7 43	42
7 44	46
7 45	21
7 46	20
7 49	2
8 0	8
8 1	25
8 3	40
8 5	17
8 6	30
8 7	12
8 8	48
8 13	24
8 14	35
8 15	15
8 16	16
8 17	37
8 18	44
8 20	33
8 21	5
8 24	31
8 25	10
8 27	49
8 29	39
8 30	21
8 31	29
8 32	28
8 33	13
8 36	41
8 37	20
8 38	11
8 39	36
8 42	23
8 43	3
8 44	34
8 45	27
8 46	22
8 48	38
8 49	42
9 0	38
9 1	19
9 2	41
9 4	29
9 5	39
9 6	48
9 7	0
9 8	24
9 9	32
9 10	44
9 11	36
9 12	31
9 13	21
9 14	27
9 16	3
9 17	47
9 20	43
9 21	35
9 22	12
9 24	28
9 25	1
9 26	18
9 27	15
9 28	5
9 29	13
9 30	33
9 31	20
9 33	26
9 34	49
9 35	2
9 36	16
9 37	30
9 38	25
9 39	4
9 40	46
9 42	6
9 43	8
9 44	9
9 45	42
9 47	45
9 48	22
9 49	7
10 0	22
10 2	14
10 3	2
10 4	32
10 5	21
10 6	39
10 7	7
10 8	6
10 10	17
10 11	33
10 12	37
10 13	15
10 14	25
10 15	8
10 17	27
10 18	29
10 19	31
10 20	5
10 21	47
10 22	28
10 23	10
10 24	26
10 25	9
10 27	46
10 28	19
10 29	34
10 30	35
10 31	45
10 32	11
10 33	48
10 34	1
10 35	4
10 36	3
10 37	38
10 38	18
10 39	40
10 40	23
10 41	49
10 42	20
10 43	0
10 44	42
10 47	43
10 48	13
10 49	36
11 0	44
11 1	11
11 2	47
11 5	25
11 7	4
11 8	29
11 9	37
11 10	36
11 11	22
11 12	3
11 13	27
11 15	28
11 16	6
11 17	17
11 19	30
11 21	2
11 22	43
11 23	13
11 24	40
11 27	32
11 29	33
11 30	46
11 32	23
11 33	8
11 34	14
11 35	18
11 36	49
11 37	21
11 38	5
11 39	42
11 40	38
11 41	39
11 42	9
11 43	12
11 44	15
11 45	34
11 46	48
11 47	31
11 48	19
11 49	41
12 0	12
12 3	42
12 4	44
12 5	19
12 6	4
12 8	38
12 9	8
12 12	46
12 13	6
12 14	29
12 15	7
12 16	1
12 17	13
12 18	24
12 19	34
12 20	26
12 21	20
12 22	5
12 24	48
12 25	49
12 27	21
12 28	18
12 30	25
12 31	0
12 32	30
12 33	23
12 34	16
12 37	37
12 38	47
12 39	39
12 40	35
12 41	14
12 42	40
12 43	15
12 44	31
12 45	32
12 46	45
12 47	11
12 48	36
13 0	16
13 1	18
13 2	37
13 3	3
13 4	33
13 5	11
13 6	0
13 7	21
13 8	10
13 10	12
13 11	9
13 12	32
13 13	2
13 14	40
13 15	41
13 17	34
13 18	13
13 19	7
13 20	29
13 21	17
13 22	23
13 23	8
13 24	43
13 25	14
13 27	24
13 29	31
13 30	5
13 31	15
13 32	25
13 33	22
13 35	38
13 37	4
13 38	28
13 39	47
13 40	36
13 41	44
13 42	1
13 43	48
13 44	27
13 45	6
13 46	30
13 47	42
13 48	46
13 49	20
14 0	21
14 1	40
14 2	28
14 3	13
14 4	43
14 5	31
14 6	34
14 7	10
14 8	23
14 9	30
14 10	18
14 11	46
14 12	27
14 14	12
14 15	2
14 16	25
14 17	32
14 18	41
14 19	48
14 20	39
14 22	22
14 23	20
14 24	6
14 25	0
14 27	4
14 28	11
14 29	44
14 30	17
14 31	36
14 32	8
14 33	3
14 34	24
14 35	9
14 36	14
14 37	33
14 38	29
14 39	26
14 40	42
14 41	19
14 43	37
14 44	5
14 45	47
14 46	38
14 47	7
14 48	45
14 49	49
15 0	15
15 2	4
15 3	6
15 4	21
15 5	45
15 6	9
15 7	22
15 8	25
15 9	20
15 10	27
15 11	30
15 12	33
15 13	47
15 14	46
15 15	39
15 16	42
15 17	44
15 19	35
15 20	11
15 21	36
15 22	38
15 23	7
15 24	23
15 25	5
15 26	17
15 27	41
15 29	49
15 30	12
15 31	13
15 32	2
15 33	43
15 35	40
15 36	48
15 38	14
15 39	1
15 40	18
15 41	31
15 42	24
15 43	34
15 44	19
15 45	28
15 46	0
15 48	10
15 49	32
16 0	24
16 2	44
16 3	27
16 4	19
16 6	11
16 7	13
16 8	0
16 9	17
16 11	14
16 12	20
16 13	32
16 14	23
16 15	25
16 16	29
16 17	31
16 18	34
16 19	3
16 20	16
16 21	28
16 22	9
16 23	26
16 25	45
16 26	10
16 27	22
16 28	46
16 29	21
16 30	49
16 31	42
16 33	2
16 34	48
16 35	8
16 36	39
16 37	36
16 38	12
16 39	38
16 40	43
16 41	4
16 42	15
16 43	47
16 45	37
16 46	5
16 47	40
16 48	41
16 49	35
17 0	40
17 1	29
17 2	19
17 3	22
17 4	47
17 5	10
17 6	26
17 7	3
17 8	44
17 9	1
17 11	34
17 12	28
17 13	41
17 14	33
17 15	24
17 17	43
17 18	31
17 19	36
17 20	14
17 21	48
17 22	7
17 23	27
17 27	25
17 29	23
17 31	2
17 32	13
17 33	6
17 34	4
17 35	15
17 37	35
17 38	21
17 39	32
17 40	0
17 41	45
17 42	11
17 43	16
17 45	49
17 46	18
17 48	37
18 0	46
18 1	4
18 2	24
18 4	16
18 6	25
18 8	26
18 13	44
18 14	47
18 15	9
18 17	19
18 18	33
18 19	42
18 20	40
18 21	23
18 23	15
18 24	1
18 25	28
18 26	27
18 27	11
18 28	12
18 29	41
18 30	10
18 32	18
18 34	34
18 36	43
18 37	0
18 40	3
18 41	36
18 42	21
18 43	5
18 46	8
18 47	13
18 49	37
19 0	37
19 1	49
19 2	11
19 3	19
19 4	9
19 6	24
19 7	27
19 10	41
19 11	7
19 12	13
19 13	16
19 14	8
19 15	34
19 18	5
19 19	25
19 20	0
19 21	10
19 22	46
19 23	39
19 24	4
19 25	21
19 26	23
19 27	1
19 29	45
19 30	47
19 31	44
19 32	32
19 33	17
19 34	12
19 36	28
19 37	15
19 38	35
19 40	14
19 41	40
19 42	36
19 43	2
19 44	18
19 45	29
19 46	33
19 47	20
19 48	48
19 49	6
20 0	47
20 1	9
20 2	29
20 3	11
20 4	2
20 5	36
20 6	45
20 9	44
20 10	26
20 11	37
20 13	3
20 14	17
20 15	33
20 17	10
20 18	14
20 21	21
20 23	16
20 24	35
20 25	23
20 26	46
20 27	40
20 28	30
20 29	25
20 30	8
20 31	38
20 32	1
20 33	12
20 34	27
20 35	32
20 36	4
20 37	41
20 38	15
20 39	5
20 41	22
20 42	7
20 43	20
20 45	19
20 46	24
20 47	49
20 48	31
21 0	49
21 2	43
21 3	34
21 4	6
21 5	16
21 6	29
21 8	9
21 9	31
21 10	24
21 11	25
21 12	10
21 15	46
21 16	28
21 17	23
21 18	21
21 19	11
21 20	4
21 21	27
21 22	40
21 23	45
21 24	38
21 25	36
21 26	14
21 27	37
21 28	33
21 29	0
21 30	13
21 31	8
21 32	12
21 33	18
21 34	20
21 35	3
21 36	15
21 37	42
21 39	17
21 42	19
21 43	35
21 44	22
21 45	2
21 47	1
21 48	47
21 49	44
22 0	36
22 1	37
22 2	7
22 3	28
22 4	45
22 5	24
22 6	38
22 7	2
22 8	33
22 9	26
22 10	1
22 11	48
22 12	9
22 13	18
22 14	44
22 15	13
22 16	20
22 17	41
22 18	43
22 19	17
22 21	49
22 22	31
22 23	3
22 24	16
22 25	40
22 26	4
22 27	35
22 28	0
22 30	34
22 31	27
22 32	22
22 33	15
22 34	6
22 35	21
22 36	8
22 37	25
22 39	46
22 40	10
22 41	29
22 42	5
22 43	32
22 44	23
22 45	12
22 46	39
22 47	14
22 48	11
22 49	19
23 0	35
23 1	21
23 2	8
23 4	31
23 5	3
23 6	2
23 7	14
23 8	36
23 9	33
23 10	38
23 11	18
23 12	41
23 13	13
23 14	7
23 15	4
23 16	5
23 17	1
23 18	47
23 19	6
23 20	12
23 21	42
23 22	27
23 24	20
23 25	25
23 26	26
23 27	45
23 28	34
23 29	43
23 30	37
23 32	48
23 33	0
23 34	15
23 35	22
23 36	17
23 37	23
23 38	49
23 39	19
23 40	9
23 41	11
23 42	32
23 45	16
23 46	28
23 47	39
23 48	44
23 49	46
24 0	27
24 2	38
24 3	49
24 4	46
24 5	30
24 8	22
24 10	32
24 11	0
24 12	29
24 14	31
24 15	21
24 16	7
24 17	9
24 18	11
24 19	23
24 20	45
24 21	6
24 22	2
24 24	13
24 25	47
24 26	37
24 27	3
24 28	8
24 29	17
24 30	4
24 31	16
24 32	15
24 34	43
24 35	33
24 36	34
24 37	10
24 38	42
24 39	14
24 40	19
24 41	24
24 42	26
24 43	41
24 44	35
24 45	5
24 47	18
24 48	40
25 0	18
25 2	22
25 4	24
25 6	14
25 7	45
25 8	35
25 9	29
25 10	39
25 11	49
25 12	15
25 13	0
25 14	5
25 15	42
25 16	21
25 17	7
25 18	10
25 19	41
25 20	28
25 21	19
25 22	36
25 24	8
25 25	37
25 26	48
25 28	38
25 29	6
25 30	44
25 32	27
25 33	20
25 34	3
25 35	31
25 37	40
25 39	23
25 40	16
25 44	47
25 46	25
25 47	9
26 0	42
26 3	26
26 4	3
26 6	23
26 7	8
26 8	41
26 9	46
26 11	31
26 13	11
26 14	32
26 15	45
26 16	35
26 19	24
26 20	34
26 21	43
26 22	4
26 23	22
26 24	29
26 25	20
26 27	36
26 28	14
26 30	15
26 31	9
26 32	6
26 34	5
26 35	10
26 36	7
26 38	44
26 39	18
26 40	33
26 41	28
26 42	27
26 43	1
26 44	13
26 45	25
26 46	21
26 47	47
26 48	0
26 49	38
27 0	17
27 1	42
27 2	35
27 3	44
27 4	48
27 5	29
27 8	18
27 9	11
27 10	34
27 11	47
27 13	33
27 14	45
27 18	20
27 19	4
27 21	46
27 22	6
27 23	24
27 24	9
27 26	32
27 29	5
27 30	43
27 31	28
27 32	38
27 33	41
27 35	14
27 38	0
27 39	49
27 40	37
27 43	19
27 44	36
27 45	1
27 46	26
27 47	3
27 48	39
27 49	15
28 1	32
28 3	17
28 4	38
28 5	12
28 6	18
28 7	29
28 8	16
28 9	5
28 10	15
28 11	1
28 12	14
28 13	7
28 15	43
28 16	22
28 17	20
28 18	26
28 19	47
28 20	48
28 21	8
28 22	37
28 23	49
28 25	42
28 26	33
28 27	39
28 28	6
28 30	28
28 31	46
28 32	31
28 33	21
28 35	11
28 37	19
28 39	0
28 40	41
28 41	10
28 42	25
28 43	4
28 44	40
28 45	35
28 46	23
28 48	27
28 49	9
29 1	28
29 2	23
29 3	45
29 4	14
29 5	4
29 7	41
29 8	15
29 9	2
29 10	5
29 12	38
29 13	37
29 14	34
29 17	0
29 18	1
29 19	26
29 20	46
29 21	16
29 22	25
29 24	49
29 25	48
29 26	24
29 27	13
29 28	40
29 30	19
29 33	30
29 34	44
29 36	31
29 37	6
29 39	11
29 41	47
29 42	10
29 43	7
29 44	39
29 46	12
29 48	9
29 49	27
30 0	34
30 2	13
30 5	6
30 6	3
30 8	12
30 9	49
30 10	40
30 12	43
30 15	27
30 16	26
30 17	30
30 19	45
30 20	32
30 21	18
30 22	8
30 23	48
30 24	44
30 26	29
30 27	28
30 28	2
30 29	1
30 30	11
30 31	24
30 32	9
30 33	16
30 34	38
30 35	0
30 36	36
30 37	47
30 38	19
30 39	25
30 40	17
30 41	23
30 42	33
30 43	21
30 44	14
30 45	22
30 46	35
30 47	10
30 48	7
31 0	9
31 1	17
31 2	18
31 3	35
31 4	22
31 5	5
31 6	27
31 7	37
31 8	3
31 9	28
31 10	31
31 12	7
31 13	38
31 14	26
31 15	49
31 17	24
31 18	39
31 19	44
31 20	6
31 23	43
31 24	32
31 26	0
31 27	29
31 28	10
31 32	42
31 33	40
31 34	41
31 35	23
31 36	45
31 37	13
31 38	34
31 39	2
31 40	4
31 41	20
31 42	48
31 43	33
31 44	25
31 46	1
31 47	21
32 0	3
32 1	26
32 2	20
32 3	18
32 5	32
32 6	1
32 7	31
32 8	49
32 11	17
32 12	47
32 13	5
32 14	22
32 15	37
32 16	27
32 17	6
32 18	9
32 19	10
32 20	25
32 21	0
32 22	41
32 23	42
32 24	12
32 25	44
32 26	7
32 27	38
32 28	21
32 29	48
32 30	30
32 32	14
32 33	4
32 36	40
32 37	8
32 39	34
32 41	46
32 42	29
32 43	24
32 45	36
32 47	15
32 48	28
33 0	10
33 1	8
33 4	25
33 5	41
33 7	16
33 8	37
33 9	13
33 10	49
33 11	23
33 12	22
33 14	2
33 16	4
33 17	39
33 19	19
33 20	15
33 21	44
33 23	30
33 24	5
33 25	32
33 26	35
33 27	42
33 28	1
33 29	11
33 30	38
33 31	14
33 32	45
33 33	24
33 34	46
33 35	20
33 36	47
33 37	31
33 38	27
33 39	7
33 40	40
33 41	9
33 42	17
33 43	28
33 44	3
33 45	0
33 46	43
33 47	6
33 49	33
34 1	20
34 2	34
34 3	21
34 4	23
34 5	27
34 6	15
34 7	18
34 8	46
34 11	10
34 12	12
34 13	22
34 14	41
34 15	26
34 16	43
34 17	48
34 19	5
34 21	31
34 22	11
34 24	39
34 25	38
34 26	49
34 27	47
34 28	36
34 29	32
34 30	6
34 32	29
34 34	7
34 35	16
34 36	33
34 38	40
34 39	13
34 40	30
34 41	8
34 42	2
34 43	9
34 44	24
34 45	44
34 46	14
34 47	28
34 48	17
34 49	0
35 0	2
35 1	27
35 2	5
35 3	9
35 4	18
35 5	47
35 6	36
35 7	34
35 9	6
35 10	23
35 11	35
35 12	21
35 15	12
35 16	31
35 17	25
35 18	32
35 19	33
35 20	22
35 21	4
35 22	39
35 24	46
35 26	40
35 27	0
35 28	42
35 30	41
35 31	30
35 33	10
35 34	17
35 35	28
35 36	20
35 39	3
35 41	1
35 42	37
35 43	45
35 44	8
35 45	7
35 46	44
35 49	11
36 0	0
36 1	36
36 2	31
36 4	13
36 6	19
36 8	42
36 9	24
36 10	22
36 11	27
36 12	44
36 13	9
36 14	10
36 15	1
36 16	40
36 18	17
36 19	20
36 20	41
36 21	37
36 22	34
36 23	14
36 24	30
36 25	35
36 26	3
36 27	43
36 28	15
36 29	12
36 31	23
36 32	39
36 33	49
36 35	45
36 36	29
36 37	26
36 38	48
36 39	21
36 40	47
36 42	28
36 43	18
36 45	11
36 46	6
36 47	2
36 48	4
36 49	5
37 1	24
37 2	42
37 3	16
37 4	28
37 5	23
37 6	44
37 7	32
37 8	1
37 9	43
37 10	46
37 11	38
37 12	11
37 13	34
37 14	6
37 15	17
37 16	45
37 17	5
37 18	25
37 19	0
37 21	9
37 22	33
37 24	10
37 25	31
37 26	41
37 29	29
37 30	27
37 32	19
37 33	14
37 34	2
37 35	37
37 36	35
37 37	22
37 39	48
37 42	47
37 44	49
37 45	3
37 46	13
37 49	30
38 0	5
38 2	15
38 3	4
38 4	1
38 5	28
38 6	31
38 8	11
38 9	38
38 10	45
38 11	8
38 12	40
38 13	43
38 14	21
38 15	23
38 16	37
38 17	33
38 20	24
38 21	22
38 22	14
38 23	6
38 24	17
38 25	34
38 26	13
38 28	35
38 29	46
38 31	25
38 32	10
38 33	36
38 34	42
38 36	0
38 37	16
38 39	9
38 40	2
38 41	12
38 42	3
38 43	44
38 44	41
38 45	26
38 46	19
38 47	27
38 49	47
39 0	14
39 1	23
39 2	21
39 3	25
39 4	37
39 7	39
39 8	4
39 9	7
39 11	45
39 12	1
39 13	42
39 14	18
39 17	28
39 18	22
39 19	27
39 20	9
39 21	40
39 22	44
39 23	0
39 24	41
39 25	12
39 26	6
39 27	26
39 28	29
39 29	2
39 30	16
39 31	31
39 32	46
39 33	34
39 34	36
39 36	19
39 37	11
39 38	38
39 39	35
39 40	24
39 41	17
39 42	13
39 45	48
39 46	47
39 47	32
40 0	25
40 1	47
40 2	0
40 4	4
40 5	9
40 6	17
40 7	5
40 8	28
40 9	23
40 10	14
40 12	16
40 13	45
40 14	39
40 16	48
40 17	40
40 18	36
40 19	49
40 20	27
40 21	38
40 22	1
40 23	37
40 24	33
40 25	43
40 26	2
40 27	44
40 28	3
40 30	32
40 31	22
40 32	24
40 33	11
40 35	7
40 36	30
40 37	46
40 39	20
40 40	8
40 44	21
40 45	18
40 46	31
40 47	41
41 0	26
41 1	14
41 3	48
41 4	17
41 5	49
41 6	47
41 8	27
41 9	45
41 10	11
41 11	39
41 12	5
41 13	19
41 14	13
41 16	18
41 17	35
41 18	38
41 19	28
41 22	30
41 23	46
41 24	3
41 25	22
41 27	6
41 29	20
41 30	40
41 32	34
41 33	33
41 34	37
41 35	42
41 36	24
41 37	32
41 38	43
41 43	31
41 44	7
41 45	9
41 46	41
41 47	25
41 48	23
41 49	29
42 0	6
42 1	41
42 2	39
42 3	43
42 4	40
42 6	28
42 7	47
42 8	2
42 9	19
42 10	37
42 11	44
42 12	0
42 14	14
42 15	5
42 16	9
42 17	4
42 19	12
42 20	36
42 22	42
42 23	32
42 24	25
42 25	8
42 26	21
42 27	7
42 28	31
42 31	49
42 32	16
42 33	35
42 34	11
42 35	27
42 38	23
42 39	45
42 40	13
42 42	18
42 43	10
42 45	24
42 46	3
42 47	38
42 48	1
42 49	22
43 0	30
43 1	10
43 2	40
43 3	39
43 6	5
43 7	11
43 9	47
43 10	48
43 11	24
43 12	2
43 13	1
43 14	38
43 15	0
43 17	26
43 19	29
43 20	17
43 22	19
43 23	4
43 24	7
43 26	42
43 27	33
43 29	8
43 30	20
43 31	35
43 32	37
43 33	45
43 34	25
43 35	36
43 36	9
43 37	43
43 40	12
43 41	18
43 44	16
43 45	14
43 46	15
43 48	21
44 0	43
44 1	38
44 2	16
44 3	12
44 4	49
44 5	46
44 6	33
44 7	24
44 8	21
44 9	18
44 10	42
44 11	15
44 12	36
44 13	31
44 15	20
44 16	19
44 17	14
44 19	37
44 20	3
44 21	13
44 22	32
44 23	9
44 24	11
44 25	41
44 26	30
44 28	7
44 29	27
44 30	0
44 31	4
44 32	26
44 33	39
44 34	10
44 35	47
44 36	23
44 37	44
44 38	2
44 41	5
44 42	35
44 43	25
44 44	17
44 46	40
44 47	48
44 48	29
44 49	45
45 0	31
45 2	6
45 3	0
45 5	1
45 6	41
45 7	35
45 8	19
45 9	42
45 10	16
45 12	26
45 13	30
45 14	48
45 15	29
45 16	23
45 17	8
45 18	12
45 19	18
45 20	49
45 21	39
45 22	47
45 23	34
45 24	27
45 26	20
45 29	28
45 30	45
45 31	3
45 32	44
45 35	43
45 36	13
45 37	5
45 38	37
45 39	24
45 40	25
45 43	36
45 44	4
45 45	10
45 46	17
45 48	2
45 49	21
46 1	2
46 2	12
46 3	8
46 4	10
46 5	34
46 6	43
46 7	6
46 9	36
46 10	28
46 13	40
46 14	49
46 15	38
46 19	15
46 20	23
46 21	30
46 22	17
46 23	35
46 24	22
46 25	13
46 26	31
46 27	9
46 31	48
46 32	20
46 33	25
46 35	19
46 37	27
46 38	32
46 39	33
46 41	21
46 42	4
46 43	46
46 45	39
46 46	37
46 48	3
46 49	1
47 0	19
47 1	34
47 3	15
47 5	0
47 7	9
47 8	30
47 9	48
47 10	13
47 12	42
47 13	49
47 15	14
47 16	10
47 17	21
47 18	3
47 19	16
47 20	8
47 21	33
47 22	20
47 23	25
47 24	45
47 26	44
47 27	2
47 28	43
47 29	47
47 31	12
47 32	36
47 33	5
47 34	39
47 35	6
47 36	32
47 37	18
47 38	1
47 39	41
47 41	38
47 42	22
47 43	17
47 44	37
47 45	4
47 46	7
47 49	26
48 0	28
48 1	45
48 2	10
48 3	31
48 4	42
48 5	37
48 6	32
48 7	1
48 9	0
48 10	7
48 11	26
48 12	48
48 13	4
48 14	16
48 15	22
48 16	33
48 17	46
48 18	23
48 19	9
48 21	41
48 23	11
48 24	19
48 25	3
48 26	36
48 28	25
48 30	18
48 33	38
48 35	49
48 36	2
48 38	17
48 40	44
48 41	35
48 45	15
48 46	27
48 49	40
49 0	11
49 1	6
49 3	5
49 4	34
49 5	42
49 6	13
49 7	46
49 8	45
49 11	32
49 15	35
49 17	38
49 20	7
49 22	49
49 23	33
49 26	28
49 27	31
49 28	47
49 29	18
49 31	41
49 32	43
49 33	9
49 34	23
49 35	12
49 36	37
49 38	22
49 39	15
49 40	39
49 41	27
49 42	30
49 44	0
49 45	40
49 46	4
49 47	16
49 48	26
49 49	24
