50
0 0	19
0 2	28
0 6	5
0 8	18
0 9	30
0 12	35
0 13	11
0 15	15
0 16	8
0 20	10
0 21	3
0 23	47
0 24	41
0 25	33
0 27	45
0 28	24
0 29	48
0 31	37
0 32	22
0 33	17
0 34	32
0 38	27
0 39	6
0 40	46
0 43	20
0 45	14
0 47	26
0 48	38
1 1	11
1 3	18
1 6	10
1 9	3
1 10	22
1 12	12
1 15	23
1 17	44
1 21	48
1 24	7
1 26	9
1 27	28
1 28	5
1 29	17
1 30	45
1 33	32
1 34	47
1 35	36
1 36	46
1 37	33
1 42	41
1 45	20
1 46	30
2 0	16
2 1	22
2 3	19
2 4	29
2 5	42
2 6	25
2 9	10
2 11	2
2 14	46
2 15	17
2 17	37
2 23	32
2 24	11
2 28	45
2 32	23
2 33	0
2 35	35
2 38	12
2 39	38
2 44	14
2 45	7
2 47	21
2 48	6
2 49	9
3 0	28
3 1	40
3 3	25
3 4	0
3 5	45
3 7	20
3 8	44
3 9	49
3 10	26
3 11	22
3 12	2
3 13	35
3 14	27
3 15	47
3 17	38
3 18	7
3 19	13
3 23	3
3 24	31
3 26	8
3 27	33
3 31	6
3 34	46
3 36	12
3 37	42
3 39	48
3 40	9
3 42	14
3 44	36
3 46	32
3 47	23
3 49	41
4 2	15
4 3	45
4 8	10
4 9	47
4 10	38
4 12	14
4 13	33
4 14	35
4 15	20
4 16	21
4 20	29
4 21	6
4 22	17
4 26	49
4 29	19
4 32	30
4 40	25
4 41	5
4 42	32
4 44	9
4 46	37
4 48	3
5 0	21
5 1	19
5 4	9
5 6	45
5 7	44
5 8	46
5 10	25
5 11	42
5 13	4
5 15	28
5 18	20
5 22	23
5 23	22
5 28	15
5 30	40
5 31	34
5 35	14
5 41	30
6 3	33
6 4	17
6 8	5
6 9	35
6 11	13
6 12	31
6 16	1
6 17	15
6 19	30
6 21	24
6 22	43
6 23	44
6 26	40
6 28	39
6 30	3
6 32	37
6 35	38
6 36	27
6 39	19
6 41	0
6 42	48
6 43	14
6 44	49
6 46	20
6 49	46
7 2	25
7 3	31
7 5	20
7 6	41
7 7	18
7 8	1
7 10	6
7 11	19
7 13	40
7 16	28
7 17	49
7 18	34
7 19	10
7 20	46
7 23	17
7 24	14
7 26	44
7 29	47
7 30	33
7 31	12
7 32	0
7 33	9
7 36	2
7 37	37
7 40	45
7 42	11
7 44	30
7 46	7
7 47	43
7 48	48
7 49	24
8 2	31
8 3	12
8 5	37
8 7	41
8 10	20
8 11	25
8 12	26
8 15	10
8 16	13
8 19	19
8 20	9
8 21	34
8 25	28
8 28	17
8 31	18
8 33	14
8 36	3
8 38	8
8 39	45
8 45	5
8 46	38
8 47	40
8 48	15
9 3	4
9 4	25
9 6	30
9 8	11
9 9	29
9 11	40
9 12	42
9 13	6
9 14	16
9 16	24
9 17	13
9 19	3
9 24	28
9 25	15
9 26	26
9 27	34
9 28	21
9 29	14
9 30	9
9 31	5
9 33	44
9 34	19
9 38	47
9 41	17
9 44	48
9 49	7
10 1	48
10 4	35
10 5	25
10 6	40
10 7	37
10 10	27
10 11	24
10 14	7
10 17	8
10 18	3
10 26	29
10 27	12
10 28	32
10 30	43
10 31	11
10 36	15
10 37	30
10 41	18
10 42	39
10 44	17
10 45	26
10 46	10
10 47	47
11 1	36
11 2	38
11 4	28
11 5	19
11 6	9
11 7	45
11 9	32
11 10	44
11 11	26
11 12	24
11 14	13
11 16	17
11 17	16
11 18	41
11 19	12
11 20	18
11 22	37
11 23	20
11 24	47
11 25	25
11 26	27
11 27	21
11 29	49
11 32	48
11 33	3
11 34	4
11 41	2
11 42	43
11 43	46
11 44	8
11 46	29
12 1	33
12 4	27
12 5	6
12 8	19
12 9	21
12 10	5
12 12	32
12 13	45
12 15	11
12 22	26
12 23	0
12 26	36
12 27	9
12 28	2
12 29	43
12 31	49
12 32	44
12 34	30
12 35	10
12 37	15
12 40	12
12 43	22
12 44	39
12 48	29
13 0	3
13 1	2
13 7	43
13 10	15
13 13	10
13 22	24
13 25	0
13 27	32
13 29	18
13 31	35
13 32	34
13 33	21
13 37	45
13 40	33
13 41	19
13 44	1
13 49	6
14 0	15
14 4	46
14 9	44
14 12	37
14 14	21
14 15	19
14 17	43
14 18	2
14 20	8
14 26	16
14 28	13
14 32	32
14 33	20
14 35	42
14 36	14
14 38	45
14 39	31
14 40	29
14 41	40
14 42	9
14 44	3
14 45	49
14 46	0
14 49	36
15 0	23
15 1	16
15 2	17
15 3	8
15 5	32
15 8	36
15 10	35
15 12	5
15 13	38
15 18	14
15 20	27
15 21	28
15 26	6
15 27	25
15 29	24
15 31	40
15 33	39
15 39	46
15 41	13
15 42	33
15 43	44
15 44	18
15 45	1
15 48	4
16 0	7
16 2	47
16 4	33
16 5	17
16 6	0
16 8	31
16 11	5
16 13	44
16 16	11
16 17	26
16 18	8
16 25	12
16 26	41
16 27	27
16 28	4
16 31	14
16 33	38
16 34	20
16 35	45
16 36	30
16 37	16
16 38	37
16 39	2
16 41	48
16 42	36
16 46	34
16 47	39
16 49	23
17 2	44
17 3	10
17 4	6
17 5	38
17 6	43
17 7	19
17 9	15
17 11	32
17 13	31
17 15	48
17 16	9
17 18	22
17 20	20
17 22	27
17 27	2
17 28	0
17 30	21
17 32	16
17 33	12
17 34	37
17 36	29
17 37	41
17 39	35
17 40	26
17 41	25
17 46	8
17 47	14
17 48	1
18 0	0
18 1	41
18 4	45
18 8	21
18 9	7
18 10	48
18 11	17
18 14	49
18 19	42
18 22	40
18 24	4
18 28	20
18 30	19
18 33	47
18 34	18
18 36	43
18 37	1
18 41	28
18 42	16
18 46	35
18 47	10
18 48	8
19 0	49
19 1	21
19 2	29
19 3	9
19 6	6
19 7	32
19 12	22
19 17	11
19 19	48
19 20	35
19 22	8
19 23	38
19 24	36
19 26	42
19 27	43
19 30	34
19 32	5
19 40	4
19 41	46
19 42	37
19 44	13
19 46	1
19 48	14
19 49	47
20 0	29
20 1	18
20 2	7
20 4	5
20 5	28
20 8	9
20 9	11
20 12	41
20 13	30
20 16	42
20 17	19
20 18	35
20 19	15
20 21	22
20 22	47
20 23	16
20 25	20
20 26	48
20 28	33
20 29	31
20 30	6
20 32	27
20 37	10
20 38	43
20 39	13
20 40	0
20 41	44
20 43	37
20 44	45
20 45	32
20 47	46
21 1	24
21 2	11
21 3	30
21 4	14
21 5	3
21 6	29
21 9	34
21 10	36
21 12	49
21 13	47
21 17	20
21 18	42
21 21	7
21 30	8
21 35	12
21 37	44
21 38	1
21 39	23
21 40	15
21 43	31
21 45	33
21 49	48
22 1	30
22 2	20
22 3	24
22 5	5
22 6	2
22 7	36
22 11	12
22 13	8
22 14	37
22 16	46
22 17	21
22 19	31
22 21	0
22 23	48
22 24	18
22 27	49
22 32	40
22 36	4
22 37	9
22 43	13
22 44	19
22 48	44
23 1	42
23 3	7
23 4	44
23 8	49
23 9	19
23 11	3
23 17	48
23 19	9
23 20	28
23 22	6
23 25	36
23 26	10
23 29	12
23 30	15
23 31	17
23 32	2
23 33	33
23 34	43
23 35	41
23 37	35
23 39	18
23 41	14
23 43	11
23 44	26
23 45	25
23 48	47
24 0	20
24 1	9
24 2	48
24 3	28
24 5	7
24 7	8
24 9	13
24 10	29
24 12	3
24 13	41
24 15	25
24 17	10
24 19	40
24 22	18
24 25	30
24 26	35
24 28	46
24 29	34
24 30	24
24 31	21
24 32	15
24 33	27
24 34	23
24 37	2
24 38	31
24 41	45
24 42	4
24 46	5
24 47	49
24 48	36
25 0	12
25 3	29
25 4	48
25 5	49
25 8	41
25 11	18
25 12	30
25 13	46
25 14	1
25 17	4
25 18	11
25 23	21
25 24	0
25 25	35
25 26	22
25 29	13
25 43	27
25 45	40
26 0	46
26 2	27
26 3	39
26 4	49
26 5	41
26 7	23
26 8	14
26 11	21
26 12	44
26 14	40
26 18	38
26 19	29
26 20	48
26 21	1
26 22	33
26 23	42
26 24	2
26 26	7
26 28	3
26 29	8
26 33	45
26 36	26
26 38	22
26 40	16
26 42	5
26 46	19
26 47	12
26 48	34
26 49	37
27 1	28
27 3	27
27 4	23
27 6	48
27 11	1
27 12	33
27 13	12
27 15	45
27 17	2
27 21	5
27 22	4
27 23	29
27 24	24
27 26	3
27 28	26
27 29	25
27 31	31
27 32	18
27 36	32
27 38	15
27 39	11
27 40	44
27 43	41
27 44	37
27 45	43
27 47	6
28 0	26
28 2	6
28 5	1
28 9	12
28 10	14
28 13	20
28 14	4
28 16	36
28 17	3
28 19	11
28 20	24
28 25	17
28 26	43
28 29	40
28 31	44
28 33	49
28 34	15
28 35	29
28 37	8
28 38	16
28 39	27
28 41	21
28 42	2
28 43	28
28 47	18
28 48	41
29 4	20
29 7	33
29 8	8
29 9	24
29 11	48
29 12	40
29 15	43
29 16	27
29 17	6
29 18	36
29 19	34
29 20	7
29 21	42
29 22	39
29 25	10
29 26	21
29 28	31
29 29	3
29 32	29
29 34	0
29 42	18
29 46	15
29 47	4
29 49	26
30 0	14
30 1	1
30 2	5
30 6	23
30 11	47
30 12	13
30 13	18
30 16	7
30 17	27
30 18	16
30 19	36
30 21	41
30 25	2
30 26	4
30 28	9
30 31	42
30 32	12
30 33	28
30 34	3
30 35	30
30 36	10
30 37	24
30 38	11
30 39	29
30 40	19
30 41	26
30 43	43
30 45	37
30 46	45
30 48	25
30 49	17
31 0	10
31 3	37
31 4	34
31 7	24
31 8	3
31 10	0
31 12	27
31 13	43
31 14	6
31 16	35
31 17	40
31 22	28
31 23	13
31 30	7
31 32	26
31 35	44
31 37	21
31 38	9
31 39	32
31 40	30
31 41	33
31 47	36
32 1	10
32 4	30
32 6	20
32 7	35
32 10	21
32 11	39
32 12	8
32 13	2
32 17	47
32 20	6
32 21	49
32 22	5
32 23	34
32 28	1
32 30	46
32 32	7
32 35	40
32 38	38
32 40	42
32 41	15
32 43	23
32 47	24
33 0	27
33 3	49
33 6	37
33 8	40
33 10	34
33 11	11
33 13	48
33 14	42
33 16	26
33 17	36
33 18	24
33 21	10
33 23	14
33 24	39
33 26	18
33 27	47
33 28	41
33 29	38
33 32	28
33 35	20
33 41	4
33 42	15
33 44	12
33 48	21
33 49	30
34 0	44
34 3	22
34 6	36
34 9	4
34 11	0
34 12	17
34 13	16
34 16	20
34 20	13
34 21	8
34 23	7
34 24	26
34 25	14
34 26	1
34 27	6
34 29	23
34 30	42
34 33	48
34 37	27
34 38	24
34 39	21
34 40	5
34 42	46
34 43	3
34 48	35
35 0	31
35 1	3
35 4	13
35 5	39
35 6	7
35 10	4
35 14	15
35 15	41
35 16	0
35 18	9
35 20	45
35 23	33
35 25	32
35 27	35
35 29	20
35 30	37
35 31	47
35 32	42
35 33	40
35 34	49
35 35	46
35 38	21
35 39	36
35 41	16
35 42	27
35 45	24
35 47	30
36 3	5
36 4	7
36 7	16
36 8	2
36 9	14
36 10	49
36 11	6
36 16	22
36 17	33
36 19	21
36 21	30
36 24	40
36 26	24
36 27	23
36 28	8
36 29	10
36 31	15
36 32	4
36 34	29
36 35	3
36 36	34
36 37	28
36 40	41
36 41	27
36 42	25
36 43	9
36 47	11
36 49	39
37 2	3
37 3	26
37 9	41
37 19	14
37 20	22
37 24	27
37 25	9
37 28	40
37 29	36
37 30	31
37 32	10
37 34	21
37 35	32
37 39	25
37 40	38
37 41	37
37 46	49
37 47	42
37 49	43
38 3	48
38 5	47
38 8	35
38 9	8
38 10	16
38 11	41
38 12	4
38 14	5
38 16	49
38 17	31
38 19	6
38 20	33
38 25	19
38 26	13
38 27	0
38 28	27
38 30	29
38 33	11
38 34	40
38 35	24
38 37	25
38 38	36
38 39	20
38 40	43
38 42	10
38 44	42
38 46	21
38 48	28
38 49	45
39 1	29
39 2	16
39 4	24
39 7	42
39 8	27
39 9	38
39 10	10
39 11	37
39 17	1
39 18	21
39 19	8
39 24	35
39 27	26
39 28	25
39 30	48
39 31	30
39 34	31
39 36	40
39 37	20
39 41	36
39 42	28
39 43	0
39 46	17
39 49	12
40 0	40
40 4	21
40 5	8
40 7	22
40 11	43
40 13	9
40 14	33
40 16	16
40 19	24
40 23	41
40 25	42
40 26	30
40 27	7
40 30	0
40 34	34
40 35	6
40 37	47
40 38	18
40 39	12
40 41	29
40 42	45
40 44	11
40 45	2
40 46	3
40 49	20
41 1	20
41 2	33
41 3	34
41 5	36
41 6	21
41 8	32
41 10	13
41 13	17
41 15	2
41 16	23
41 17	14
41 18	46
41 23	9
41 28	42
41 33	10
41 34	45
41 38	30
41 39	39
41 47	31
41 48	43
42 1	34
42 3	0
42 5	35
42 11	30
42 15	49
42 16	15
42 19	38
42 28	11
42 29	7
42 30	17
42 33	5
42 34	25
42 35	28
42 38	2
42 40	13
42 43	8
42 44	10
42 45	41
42 46	27
42 47	20
43 0	43
43 1	14
43 2	21
43 3	23
43 4	8
43 6	11
43 7	49
43 9	37
43 13	29
43 14	24
43 15	6
43 16	41
43 17	34
43 18	48
43 19	25
43 20	32
43 21	47
43 26	5
43 27	40
43 29	0
43 32	35
43 33	30
43 37	12
43 39	17
43 42	26
43 45	10
43 46	31
43 47	28
43 49	38
44 0	45
44 2	40
44 3	32
44 5	44
44 7	10
44 9	42
44 10	37
44 13	15
44 15	3
44 16	39
44 17	5
44 18	4
44 20	49
44 22	22
44 25	23
44 29	26
44 31	38
44 33	36
44 37	11
44 38	0
44 39	43
44 40	8
44 41	24
44 46	6
44 48	7
44 49	27
45 0	6
45 5	33
45 6	16
45 7	34
45 8	24
45 9	40
45 10	17
45 12	47
45 14	2
45 16	25
45 17	30
45 21	36
45 28	19
45 35	26
45 36	41
45 40	14
45 41	22
45 42	38
45 43	39
45 45	29
45 48	32
46 1	47
46 2	23
46 4	19
46 7	6
46 11	33
46 12	25
46 13	27
46 16	43
46 19	32
46 21	13
46 22	29
46 23	31
46 24	49
46 25	8
46 26	14
46 31	26
46 32	20
46 33	37
46 34	11
46 35	2
46 38	48
46 43	10
46 44	41
46 47	7
47 1	32
47 2	13
47 11	4
47 12	43
47 13	25
47 14	41
47 15	7
47 16	30
47 18	5
47 19	49
47 20	40
47 22	34
47 24	19
47 25	24
47 26	17
47 30	14
47 34	48
47 36	21
47 37	39
47 39	3
47 40	37
47 41	8
47 42	1
47 44	47
47 46	11
47 47	9
47 49	16
48 2	14
48 4	3
48 6	27
48 11	10
48 13	39
48 15	38
48 16	47
48 18	44
48 19	45
48 21	43
48 23	36
48 26	0
48 28	23
48 31	13
48 34	33
48 35	25
48 36	8
48 38	41
48 42	31
48 43	30
48 44	24
48 45	4
48 46	46
48 47	29
48 48	5
48 49	1
49 0	24
49 2	30
49 5	27
49 7	13
49 8	34
49 9	9
49 10	12
49 11	15
49 14	48
49 16	2
49 18	6
49 20	36
49 21	23
49 23	5
49 24	16
49 25	38
49 26	20
49 30	25
49 31	10
49 35	17
49 37	46
49 38	39
49 39	40
49 40	1
49 42	8
49 44	29
49 47	32
49 48	0
49 49	19
