50
0 0	37
0 1	13
0 2	15
0 4	44
0 5	3
0 6	9
0 8	43
0 9	30
0 10	29
0 11	25
0 12	35
0 15	27
0 17	18
0 18	49
0 21	20
0 23	19
0 24	8
0 25	1
0 26	45
0 27	5
0 28	32
0 32	47
0 33	4
0 34	2
0 38	23
0 39	0
0 42	33
0 44	22
0 45	11
0 47	16
0 49	17
1 0	33
1 1	42
1 3	45
1 4	12
1 6	18
1 8	35
1 9	25
1 10	20
1 11	2
1 14	27
1 16	15
1 18	38
1 19	21
1 20	28
1 21	7
1 23	17
1 24	1
1 25	9
1 27	22
1 28	29
1 30	36
1 31	44
1 33	30
1 34	41
1 35	23
1 36	16
1 37	24
1 38	14
1 39	46
1 40	4
1 42	13
1 43	5
1 44	34
1 45	40
1 46	3
2 0	6
2 1	40
2 2	26
2 5	7
2 6	32
2 7	4
2 8	3
2 9	48
2 11	38
2 12	10
2 16	23
2 17	35
2 19	46
2 20	2
2 21	1
2 27	41
2 28	8
2 29	12
2 32	29
2 34	44
2 35	31
2 36	34
2 37	22
2 39	49
2 40	30
2 42	47
2 44	14
2 45	0
2 46	36
2 47	37
2 48	33
2 49	18
3 0	12
3 2	17
3 3	42
3 5	30
3 6	3
3 7	35
3 11	32
3 12	28
3 13	40
3 14	2
3 15	45
3 16	26
3 17	43
3 18	22
3 20	38
3 21	27
3 22	47
3 23	5
3 24	16
3 25	36
3 26	20
3 28	41
3 29	0
3 31	13
3 32	4
3 34	15
3 36	18
3 38	49
3 39	1
3 40	14
3 43	10
3 44	7
3 45	21
3 47	48
3 48	9
3 49	11
4 0	0
4 3	44
4 4	23
4 5	29
4 7	36
4 8	6
4 9	1
4 10	7
4 12	46
4 13	14
4 14	24
4 15	43
4 16	17
4 19	8
4 21	13
4 24	19
4 26	31
4 28	12
4 29	33
4 30	10
4 32	38
4 34	27
4 35	5
4 36	20
4 37	2
4 38	34
4 42	32
4 43	30
4 44	49
4 45	16
4 46	39
4 47	45
4 48	18
4 49	3
5 0	14
5 1	17
5 2	18
5 3	0
5 4	19
5 6	39
5 7	28
5 9	12
5 11	1
5 12	31
5 14	33
5 15	20
5 17	32
5 18	25
5 22	34
5 23	29
5 25	44
5 26	40
5 27	4
5 29	46
5 31	9
5 32	13
5 33	6
5 34	26
5 38	11
5 40	37
5 42	2
5 44	21
5 47	42
5 49	15
6 1	23
6 2	1
6 6	34
6 7	30
6 9	7
6 10	45
6 11	36
6 13	22
6 14	14
6 16	31
6 17	3
6 19	49
6 20	44
6 21	16
6 22	24
6 24	4
6 25	19
6 26	18
6 27	47
6 28	10
6 29	25
6 31	39
6 33	38
6 34	40
6 35	20
6 36	0
6 38	27
6 39	26
6 40	33
6 41	17
6 47	5
6 48	8
6 49	41
7 1	30
7 2	45
7 5	5
7 6	24
7 7	25
7 10	21
7 11	15
7 14	3
7 16	6
7 20	35
7 22	37
7 23	23
7 24	41
7 26	10
7 27	18
7 28	27
7 29	2
7 30	1
7 32	0
7 33	7
7 34	22
7 35	4
7 36	44
7 37	38
7 38	40
7 40	42
7 41	8
7 42	34
7 44	47
7 45	43
7 46	28
7 47	49
7 49	26
8 2	29
8 4	39
8 5	46
8 6	21
8 7	11
8 8	31
8 9	18
8 10	1
8 11	33
8 14	19
8 16	3
8 17	36
8 18	6
8 19	17
8 21	10
8 22	22
8 23	42
8 24	37
8 25	13
8 26	47
8 27	24
8 28	7
8 29	32
8 30	9
8 31	48
8 32	30
8 34	45
8 35	40
8 36	5
8 37	12
8 38	0
8 41	4
8 43	34
8 44	20
8 45	26
8 46	44
8 47	15
8 48	41
8 49	27
9 0	13
9 2	42
9 3	38
9 4	36
9 5	17
9 6	43
9 7	47
9 9	27
9 12	22
9 14	10
9 15	49
9 19	20
9 21	28
9 22	25
9 23	4
9 25	30
9 27	8
9 28	16
9 29	35
9 30	32
9 31	46
9 32	23
9 33	11
9 34	34
9 35	3
9 37	7
9 39	41
9 40	0
9 41	33
9 42	15
9 43	29
9 46	26
9 47	31
9 48	14
9 49	40
10 0	11
10 1	29
10 2	8
10 3	25
10 4	38
10 5	36
10 7	7
10 8	14
10 12	2
10 13	17
10 17	20
10 18	18
10 19	22
10 20	47
10 21	30
10 23	21
10 24	24
10 26	15
10 29	28
10 30	48
10 32	5
10 33	46
10 34	35
10 35	19
10 37	27
10 39	23
10 40	26
10 41	16
10 42	1
10 46	6
10 47	41
10 48	4
10 49	13
11 0	49
11 1	32
11 2	2
11 5	27
11 6	44
11 7	1
11 8	11
11 11	7
11 15	6
11 16	28
11 17	22
11 18	5
11 19	14
11 20	31
11 21	33
11 22	15
11 23	25
11 24	13
11 25	18
11 28	21
11 29	9
11 31	47
11 32	39
11 33	3
11 34	0
11 35	16
11 36	23
11 37	10
11 39	30
11 41	24
11 42	4
11 43	26
11 46	17
11 47	36
11 48	43
11 49	45
12 0	41
12 4	26
12 6	45
12 8	32
12 9	14
12 11	35
12 12	39
12 14	16
12 15	31
12 16	25
12 19	19
12 21	18
12 22	48
12 23	13
12 24	28
12 26	6
12 28	46
12 29	20
12 31	27
12 32	33
12 33	15
12 35	36
12 37	40
12 39	34
12 40	2
12 41	9
12 42	11
12 44	29
12 46	1
12 47	22
12 48	23
12 49	44
13 1	21
13 5	33
13 8	20
13 9	19
13 10	23
13 12	11
13 13	39
13 14	48
13 15	35
13 16	42
13 17	47
13 18	13
13 19	32
13 20	22
13 22	49
13 23	36
13 24	40
13 27	9
13 29	15
13 30	31
13 31	45
13 32	14
13 33	8
13 35	2
13 36	25
13 37	41
13 39	38
13 40	24
13 41	10
13 43	12
13 45	3
13 46	4
13 47	46
14 0	10
14 1	44
14 3	27
14 4	15
14 6	20
14 7	45
14 9	36
14 10	46
14 11	16
14 12	23
14 14	9
14 15	38
14 16	1
14 17	30
14 18	33
14 19	5
14 20	43
14 21	26
14 23	8
14 26	11
14 27	29
14 29	3
14 31	34
14 32	25
14 39	40
14 40	18
14 42	14
14 43	28
14 45	7
14 46	22
14 47	35
14 49	6
15 0	36
15 1	31
15 2	14
15 3	26
15 4	34
15 5	15
15 7	33
15 8	13
15 9	37
15 10	17
15 12	4
15 14	20
15 16	39
15 17	44
15 18	10
15 19	41
15 21	12
15 22	43
15 27	40
15 28	47
15 29	1
15 30	38
15 32	8
15 33	9
15 34	7
15 35	49
15 36	19
15 37	32
15 38	6
15 39	48
15 40	23
15 43	25
15 46	11
15 47	28
16 0	28
16 2	27
16 3	33
16 4	17
16 6	35
16 7	39
16 8	16
16 11	9
16 12	1
16 13	31
16 14	42
16 15	13
16 18	0
16 20	32
16 21	3
16 22	26
16 24	46
16 25	14
16 27	34
16 30	41
16 31	11
16 32	20
16 36	48
16 37	8
16 38	29
16 39	12
16 40	45
16 41	2
16 42	38
16 43	44
16 44	30
16 46	40
16 48	15
17 0	7
17 1	11
17 2	43
17 3	13
17 5	8
17 6	5
17 7	0
17 9	40
17 10	38
17 12	25
17 14	21
17 15	36
17 17	10
17 18	46
17 19	23
17 20	20
17 21	2
17 23	48
17 24	18
17 26	9
17 27	45
17 28	37
17 30	17
17 31	15
17 32	41
17 33	27
17 34	12
17 35	1
17 36	26
17 38	16
17 39	19
17 40	32
17 43	35
17 44	4
17 45	31
17 47	39
17 48	29
17 49	24
18 0	20
18 1	39
18 2	34
18 3	32
18 5	44
18 7	14
18 9	42
18 10	5
18 11	40
18 13	12
18 14	11
18 15	26
18 17	2
18 18	47
18 19	31
18 20	3
18 21	43
18 22	33
18 25	10
18 26	1
18 27	21
18 28	13
18 29	17
18 30	24
18 32	46
18 33	37
18 34	38
18 35	35
18 36	4
18 37	36
18 38	28
18 39	27
18 40	7
18 41	45
18 43	15
18 44	25
18 46	49
18 47	9
18 48	19
19 0	18
19 1	3
19 2	6
19 3	22
19 5	34
19 6	47
19 7	19
19 8	4
19 10	26
19 12	29
19 13	20
19 14	43
19 15	16
19 16	32
19 17	14
19 18	40
19 19	0
19 20	17
19 21	24
19 23	10
19 24	45
19 26	48
19 27	1
19 28	15
19 29	5
19 31	41
19 34	46
19 35	9
19 36	12
19 37	11
19 38	25
19 39	44
19 40	27
19 41	42
19 42	7
19 44	33
19 45	30
19 46	23
19 49	8
20 2	20
20 3	47
20 4	2
20 6	41
20 7	48
20 8	23
20 9	4
20 11	24
20 12	45
20 15	11
20 16	18
20 17	28
20 18	12
20 19	6
20 20	49
20 22	32
20 23	9
20 24	26
20 25	17
20 26	7
20 31	31
20 33	5
20 35	33
20 36	30
20 37	35
20 38	15
20 39	43
20 40	10
20 42	40
20 43	0
20 44	1
20 45	38
20 46	34
20 48	16
20 49	14
21 0	22
21 1	14
21 2	30
21 3	2
21 4	16
21 6	25
21 7	5
21 8	27
21 10	40
21 11	6
21 12	34
21 13	42
21 14	1
21 15	10
21 16	13
21 17	38
21 18	48
21 20	18
21 22	3
21 24	12
21 25	32
21 27	43
21 28	20
21 30	33
21 31	36
21 32	44
21 35	46
21 36	29
21 38	7
21 40	8
21 41	31
21 42	26
21 44	41
21 46	45
21 47	47
21 48	28
21 49	4
22 0	27
22 1	33
22 2	4
22 3	23
22 5	47
22 6	6
22 7	10
22 9	31
22 10	12
22 12	7
22 13	0
22 14	35
22 15	24
22 16	9
22 17	39
22 23	14
22 24	29
22 25	16
22 26	42
22 27	38
22 29	11
22 30	45
22 33	22
22 34	32
22 36	40
22 37	1
22 38	48
22 40	20
22 43	49
22 45	25
22 46	30
22 47	44
22 48	3
22 49	36
23 0	5
23 1	49
23 2	24
23 3	7
23 4	37
23 5	20
23 8	1
23 9	41
23 10	33
23 11	30
23 14	46
23 15	3
23 16	48
23 17	45
23 18	15
23 20	19
23 21	25
23 22	14
23 24	47
23 26	21
23 27	31
23 29	44
23 30	34
23 32	43
23 37	26
23 39	17
23 41	28
23 42	35
23 43	16
23 48	40
24 0	35
24 3	14
24 5	16
24 6	1
24 8	26
24 11	23
24 12	38
24 13	33
24 14	29
24 15	8
24 16	40
24 17	42
24 18	36
24 19	13
24 20	5
24 21	46
24 22	39
24 23	45
24 24	2
24 25	7
24 26	30
24 27	37
24 33	0
24 35	32
24 37	48
24 38	41
24 39	22
24 40	17
24 41	15
24 42	43
24 43	9
24 44	11
24 45	47
24 46	20
24 47	6
24 48	25
25 1	47
25 3	31
25 4	11
25 6	36
25 8	29
25 9	21
25 11	5
25 13	35
25 14	4
25 15	7
25 16	2
25 17	0
25 18	30
25 21	17
25 22	42
25 23	20
25 25	6
25 26	24
25 28	40
25 29	43
25 31	22
25 34	25
25 35	45
25 39	39
25 40	28
25 42	16
25 43	46
25 44	8
25 46	48
25 49	9
26 0	9
26 1	38
26 2	47
26 3	18
26 6	49
26 7	13
26 8	15
26 13	41
26 14	0
26 15	2
26 16	4
26 17	19
26 18	27
26 21	44
26 22	29
26 25	24
26 27	36
26 28	39
26 29	7
26 30	46
26 32	22
26 33	1
26 34	3
26 35	34
26 36	21
26 37	5
26 38	45
26 39	28
26 40	35
26 42	31
26 43	32
26 44	23
26 45	12
26 46	37
26 47	11
26 48	30
26 49	20
27 0	23
27 1	26
27 3	4
27 4	30
27 5	35
27 7	42
27 8	39
27 9	5
27 10	15
27 13	6
27 14	17
27 15	21
27 16	43
27 18	45
27 19	12
27 22	40
27 23	49
27 24	44
27 26	2
27 27	48
27 28	0
27 30	18
27 31	33
27 33	41
27 34	20
27 35	29
27 37	28
27 38	37
27 39	16
27 40	3
27 41	36
27 42	25
27 43	24
27 44	38
27 45	22
27 46	9
27 47	14
27 48	27
27 49	1
28 0	29
28 1	43
28 3	5
28 4	14
28 5	12
28 7	31
28 9	35
28 11	46
28 12	44
28 13	4
28 14	7
28 16	8
28 17	17
28 18	32
28 19	26
28 20	13
28 22	16
28 23	0
28 24	3
28 25	27
28 26	41
28 27	23
28 28	38
28 30	2
28 31	20
28 32	15
28 33	39
28 34	1
28 35	22
28 36	6
28 37	45
28 39	42
28 42	9
28 43	40
28 45	28
28 46	21
28 47	24
28 48	10
28 49	25
29 0	30
29 1	6
29 2	36
29 3	40
29 4	10
29 5	43
29 7	34
29 8	12
29 9	32
29 10	35
29 12	18
29 13	45
29 15	48
29 19	33
29 20	11
29 22	4
29 23	1
29 24	38
29 25	25
29 26	19
29 28	3
29 29	14
29 30	47
29 31	29
29 34	37
29 35	17
29 36	22
29 38	5
29 39	8
29 40	15
29 42	39
29 43	31
29 44	27
29 45	44
29 47	13
29 48	2
30 2	5
30 4	29
30 6	12
30 8	8
30 9	45
30 10	22
30 11	20
30 13	25
30 14	34
30 15	30
30 20	6
30 21	37
30 23	2
30 25	46
30 26	14
30 27	0
30 28	23
30 29	40
30 34	11
30 35	41
30 36	17
30 37	15
30 40	31
30 41	18
30 42	36
30 43	42
30 44	28
30 46	24
30 47	38
30 48	26
30 49	48
31 0	42
31 3	34
31 4	4
31 5	39
31 6	28
31 9	43
31 10	0
31 12	33
31 13	15
31 14	45
31 15	23
31 16	38
31 18	16
31 19	9
31 20	29
31 21	8
31 23	41
31 24	22
31 25	35
31 26	17
31 28	19
31 30	12
31 31	32
31 32	40
31 33	14
31 34	24
31 35	37
31 36	1
31 37	6
31 38	3
31 39	7
31 40	5
31 41	13
31 43	18
31 44	36
31 45	27
31 46	31
31 48	20
31 49	47
32 0	26
32 1	7
32 2	40
32 4	24
32 5	38
32 6	37
32 7	15
32 8	22
32 9	13
32 10	3
32 11	8
32 12	21
32 13	30
32 14	12
32 16	49
32 17	29
32 18	31
32 21	4
32 22	1
32 23	32
32 24	35
32 25	11
32 29	39
32 30	0
32 31	25
32 32	27
32 33	18
32 35	42
32 36	47
32 38	33
32 39	45
32 40	16
32 43	20
32 44	10
32 45	46
32 46	2
32 47	43
32 48	6
32 49	19
33 0	45
33 1	10
33 2	16
33 3	11
33 4	22
33 5	48
33 6	33
33 10	19
33 12	27
33 14	15
33 17	25
33 18	1
33 19	42
33 20	12
33 21	6
33 23	40
33 24	5
33 25	23
33 26	39
33 27	20
33 29	8
33 32	7
33 34	47
33 36	46
33 38	2
33 39	13
33 41	0
33 43	36
33 44	9
33 45	14
33 48	35
33 49	32
34 0	48
34 1	12
34 2	21
34 3	15
34 4	18
34 5	19
34 6	22
34 7	26
34 8	10
34 9	16
34 11	4
34 12	5
34 13	23
34 14	47
34 15	14
34 16	27
34 17	33
34 18	2
34 19	11
34 21	42
34 22	0
34 23	31
34 24	34
34 25	45
34 26	3
34 27	7
34 29	41
34 30	25
34 31	24
34 32	17
34 33	40
34 34	36
34 35	39
34 37	20
34 38	46
34 39	32
34 40	6
34 43	43
34 45	9
34 46	35
34 47	29
34 48	44
34 49	49
35 0	24
35 1	15
35 3	49
35 4	20
35 5	23
35 6	16
35 7	46
35 9	34
35 11	41
35 12	30
35 13	43
35 16	11
35 17	13
35 18	14
35 20	40
35 21	5
35 22	6
35 23	12
35 24	36
35 26	4
35 28	44
35 30	7
35 31	28
35 32	2
35 34	9
35 35	38
35 36	35
35 37	33
35 38	21
35 40	29
35 41	26
35 42	22
35 43	8
35 45	48
35 46	25
35 47	32
35 48	45
35 49	42
36 0	25
36 1	27
36 2	13
36 4	32
36 5	1
36 6	31
36 8	2
36 10	47
36 11	45
36 12	42
36 13	21
36 14	22
36 15	40
36 16	34
36 17	12
36 18	4
36 20	0
36 22	46
36 23	24
36 24	20
36 25	48
36 28	30
36 29	38
36 31	26
36 32	6
36 33	33
36 34	23
36 35	28
36 36	9
36 38	8
36 39	18
36 40	11
36 43	41
36 44	5
36 45	10
36 46	14
36 47	7
36 48	37
37 0	4
37 1	36
37 2	32
37 3	17
37 4	7
37 7	20
37 8	42
37 9	15
37 10	48
37 14	25
37 16	33
37 17	21
37 18	19
37 19	38
37 20	9
37 22	35
37 23	37
37 25	39
37 26	34
37 27	14
37 28	26
37 29	16
37 30	3
37 31	40
37 33	44
37 35	12
37 36	10
37 39	6
37 40	1
37 44	2
37 45	29
37 47	27
37 48	31
38 0	46
38 1	2
38 3	39
38 5	26
38 6	11
38 7	29
38 9	20
38 11	18
38 12	43
38 13	10
38 14	38
38 17	9
38 18	28
38 19	34
38 20	41
38 21	48
38 22	36
38 24	42
38 25	40
38 27	15
38 28	45
38 29	6
38 30	21
38 31	1
38 32	49
38 34	16
38 36	24
38 37	14
38 38	35
38 41	23
38 42	19
38 44	32
38 45	5
38 46	33
39 1	28
39 2	38
39 4	40
39 5	45
39 6	42
39 7	9
39 8	21
39 9	22
39 10	4
39 11	12
39 12	15
39 13	36
39 14	8
39 15	1
39 17	27
39 18	7
39 19	44
39 20	26
39 21	14
39 22	5
39 23	34
39 24	11
39 25	37
39 27	2
39 28	33
39 29	29
39 30	6
39 31	30
39 33	48
39 34	39
39 35	10
39 37	13
39 38	17
39 39	20
39 41	41
39 42	24
39 43	23
39 45	32
39 47	18
39 48	0
39 49	46
40 0	16
40 1	9
40 3	6
40 4	0
40 5	41
40 6	8
40 7	3
40 8	5
40 9	23
40 10	28
40 11	43
40 12	49
40 13	32
40 15	22
40 16	46
40 17	1
40 18	17
40 19	27
40 21	11
40 22	20
40 24	31
40 25	12
40 30	30
40 31	14
40 33	47
40 35	18
40 36	7
40 38	4
40 39	21
40 40	40
40 41	35
40 44	15
40 46	13
40 47	34
40 48	36
41 1	41
41 2	22
41 3	1
41 4	9
41 6	27
41 7	49
41 8	40
41 9	11
41 11	14
41 14	6
41 15	47
41 16	24
41 17	37
41 19	45
41 21	34
41 22	18
41 23	26
41 25	29
41 26	43
41 27	35
41 28	48
41 29	30
41 30	44
41 31	7
41 32	28
41 33	32
41 34	4
41 36	38
41 37	16
41 38	19
41 41	12
41 43	13
41 44	17
41 45	20
41 46	10
41 47	23
41 48	5
41 49	33
42 0	15
42 1	5
42 2	48
42 3	46
42 5	0
42 7	2
42 8	34
42 9	3
42 10	30
42 12	40
42 13	19
42 15	32
42 16	41
42 18	9
42 21	47
42 24	17
42 25	4
42 26	22
42 27	13
42 30	20
42 32	37
42 35	25
42 38	31
42 40	12
42 41	44
42 43	27
42 46	29
42 47	1
42 48	49
43 0	3
43 2	28
43 3	9
43 4	46
43 5	40
43 7	22
43 9	38
43 10	44
43 11	47
43 12	32
43 13	5
43 16	20
43 17	24
43 18	26
43 19	16
43 21	45
43 22	27
43 24	6
43 26	37
43 27	25
43 29	13
43 30	11
43 31	35
43 32	19
43 33	2
43 34	31
43 36	33
43 37	23
43 38	36
43 41	29
43 42	42
43 43	17
43 44	48
43 45	8
43 46	15
43 47	12
43 48	1
43 49	39
44 0	19
44 1	20
44 2	35
44 4	1
44 5	28
44 6	14
44 7	12
44 9	2
44 10	9
44 12	16
44 13	7
44 17	4
44 22	30
44 23	33
44 26	0
44 28	42
44 29	24
44 30	29
44 31	17
44 32	48
44 33	26
44 34	6
44 35	15
44 38	39
44 39	5
44 40	13
44 42	44
44 43	45
44 44	43
44 47	40
44 48	22
44 49	31
45 0	17
45 2	39
45 3	30
45 4	6
45 5	24
45 7	8
45 8	36
45 13	2
45 14	32
45 19	48
45 21	35
45 22	13
45 23	46
45 25	22
45 26	28
45 30	40
45 31	43
45 32	16
45 35	7
45 37	3
45 38	20
45 39	37
45 41	14
45 42	45
45 44	42
45 46	5
45 49	12
46 3	37
46 4	41
46 6	13
46 7	43
46 8	45
46 10	2
46 12	0
46 13	48
46 14	44
46 15	15
46 17	40
46 18	11
46 20	24
46 21	9
46 23	16
46 24	7
46 25	3
46 26	26
46 27	10
46 28	22
46 29	21
46 30	28
46 31	6
46 35	14
46 36	49
46 40	36
46 42	27
46 44	31
46 45	17
46 48	42
46 49	38
47 0	34
47 2	44
47 3	36
47 4	35
47 5	25
47 6	15
47 7	16
47 9	28
47 10	41
47 11	10
47 12	3
47 15	12
47 16	22
47 17	48
47 18	43
47 20	4
47 22	2
47 23	27
47 25	8
47 26	33
47 27	6
47 28	18
47 29	31
47 30	14
47 31	5
47 33	29
47 34	49
47 35	11
47 36	37
47 37	39
47 38	42
47 39	24
47 40	38
47 43	19
47 45	1
47 46	0
47 47	17
47 48	32
47 49	21
48 0	31
48 1	24
48 4	47
48 6	17
48 8	25
48 9	0
48 10	10
48 11	27
48 12	12
48 13	1
48 14	36
48 15	5
48 16	44
48 17	34
48 18	8
48 19	15
48 21	23
48 22	19
48 23	35
48 24	14
48 25	33
48 27	3
48 28	49
48 30	22
48 31	18
48 32	26
48 33	42
48 34	13
48 35	6
48 36	45
48 37	29
48 38	43
48 39	9
48 42	41
48 45	37
48 46	16
48 47	30
48 48	21
48 49	28
49 0	40
49 1	0
49 2	3
49 3	8
49 4	33
49 6	4
49 7	18
49 8	49
49 9	6
49 12	47
49 13	13
49 17	15
49 18	29
49 19	28
49 20	42
49 26	35
49 27	16
49 28	24
49 30	23
49 31	2
49 32	21
49 33	45
49 34	43
49 35	44
49 36	41
49 38	1
49 39	14
49 41	25
49 42	17
49 43	48
49 44	12
49 47	20
49 48	7
49 49	30
