50
0 1	40
0 6	44
0 7	14
0 18	49
0 20	23
0 23	28
0 26	20
0 27	17
0 29	9
0 34	38
0 36	42
0 39	27
0 40	34
0 42	31
0 43	32
0 45	41
0 46	24
0 48	25
1 11	13
1 13	29
1 20	37
1 26	1
1 27	14
1 29	22
1 42	28
1 43	46
1 44	4
1 45	31
1 48	49
2 2	3
2 4	42
2 6	13
2 13	49
2 15	38
2 17	30
2 22	23
2 23	21
2 36	28
2 40	15
2 46	10
2 47	45
3 1	20
3 2	26
3 3	12
3 5	39
3 8	25
3 10	3
3 16	28
3 17	34
3 19	32
3 21	33
3 34	17
3 39	38
3 45	44
4 6	36
4 8	30
4 9	17
4 10	33
4 12	5
4 13	4
4 14	34
4 21	8
4 31	27
4 35	44
4 36	25
4 38	31
4 40	48
4 41	9
4 45	6
4 48	42
5 4	10
5 5	2
5 10	35
5 11	24
5 14	28
5 15	19
5 22	16
5 25	15
5 27	33
5 30	34
5 31	13
5 35	37
5 37	7
5 40	18
5 48	1
5 49	40
6 0	1
6 2	43
6 7	29
6 9	13
6 11	38
6 16	9
6 18	4
6 21	0
6 23	24
6 24	17
6 33	32
6 34	27
6 35	34
6 38	19
6 42	22
6 43	42
6 45	36
6 48	15
7 5	15
7 7	44
7 9	23
7 12	42
7 19	47
7 20	30
7 24	16
7 26	35
7 30	1
7 34	18
7 45	8
7 48	27
8 2	35
8 3	10
8 6	12
8 10	23
8 11	22
8 12	20
8 15	24
8 17	40
8 19	44
8 21	16
8 22	32
8 23	27
8 24	1
8 29	5
8 35	31
8 41	48
8 43	38
8 44	49
8 48	14
8 49	25
9 0	46
9 7	13
9 8	21
9 22	19
9 26	5
9 27	49
9 32	47
9 33	12
9 35	20
9 36	8
9 45	34
9 49	11
10 1	18
10 6	30
10 8	20
10 10	22
10 11	25
10 13	45
10 16	10
10 17	36
10 24	43
10 25	39
10 30	38
10 32	11
10 33	46
10 34	2
10 36	31
10 37	14
10 38	16
10 40	44
10 41	32
10 44	5
10 46	28
10 48	21
10 49	4
11 0	27
11 1	7
11 3	19
11 6	40
11 12	29
11 14	24
11 15	35
11 26	0
11 27	12
11 29	25
11 30	37
11 36	38
11 40	22
11 41	13
11 44	44
11 46	3
12 4	31
12 8	14
12 26	21
12 29	2
12 33	7
12 35	28
12 38	22
12 43	8
12 46	42
12 48	11
12 49	12
13 0	43
13 1	42
13 6	46
13 7	7
13 9	35
13 10	32
13 12	36
13 16	26
13 21	38
13 23	2
13 25	18
13 27	1
13 34	28
13 37	6
13 39	3
13 43	48
13 45	13
14 2	27
14 12	13
14 19	31
14 21	24
14 24	46
14 27	23
14 29	26
14 35	16
14 38	25
14 39	18
14 41	34
14 49	9
15 5	26
15 9	29
15 12	4
15 17	35
15 18	38
15 24	25
15 30	27
15 31	12
15 35	22
15 40	9
15 41	42
15 45	45
15 47	10
15 48	36
16 4	24
16 6	35
16 7	22
16 8	45
16 11	31
16 14	33
16 15	27
16 20	32
16 26	39
16 28	42
16 34	30
16 38	38
16 44	9
17 0	37
17 1	47
17 3	39
17 4	33
17 6	10
17 7	11
17 22	21
17 25	13
17 39	22
17 41	8
17 44	19
18 8	24
18 9	30
18 11	48
18 13	41
18 14	11
18 24	42
18 28	37
18 34	25
18 35	32
18 39	4
18 40	36
18 43	39
18 45	7
18 47	34
18 48	43
19 1	39
19 2	12
19 4	29
19 7	23
19 8	43
19 11	44
19 12	48
19 13	15
19 14	0
19 18	37
19 24	21
19 25	20
19 37	46
19 41	36
20 0	8
20 1	45
20 3	9
20 4	20
20 5	44
20 11	34
20 13	47
20 18	21
20 21	4
20 22	2
20 23	23
20 25	5
20 28	25
20 29	30
20 33	27
20 38	46
20 39	1
20 40	40
20 43	12
20 44	17
20 45	26
21 3	33
21 8	17
21 13	19
21 15	46
21 18	35
21 24	8
21 26	38
21 35	10
21 36	16
21 42	7
21 43	29
21 46	5
22 0	31
22 2	41
22 11	7
22 12	30
22 19	1
22 20	10
22 22	38
22 25	33
22 30	5
22 33	4
22 36	49
22 40	26
22 45	3
22 47	14
23 0	45
23 3	28
23 7	49
23 10	27
23 17	11
23 18	36
23 20	20
23 22	42
23 26	12
23 29	41
23 32	39
23 40	35
23 42	8
23 47	47
23 48	4
23 49	13
24 3	26
24 4	17
24 13	43
24 21	14
24 22	44
24 24	28
24 28	0
24 31	11
24 36	39
24 47	1
25 2	14
25 3	36
25 11	17
25 22	34
25 23	33
25 28	26
25 31	16
25 33	3
25 35	7
25 37	39
25 40	49
25 41	28
25 43	21
25 44	43
25 47	29
25 49	18
26 1	22
26 2	44
26 4	12
26 7	25
26 9	31
26 12	24
26 13	18
26 14	6
26 15	14
26 17	10
26 20	13
26 23	45
26 30	30
26 32	35
26 34	16
26 36	7
26 44	2
26 47	38
27 4	4
27 7	26
27 12	28
27 15	48
27 21	41
27 23	34
27 28	7
27 30	17
27 31	33
27 36	44
27 37	32
27 40	30
27 45	37
27 49	49
28 4	2
28 6	37
28 7	39
28 8	0
28 10	21
28 11	42
28 12	3
28 15	18
28 20	11
28 26	17
28 30	16
28 32	48
28 35	43
28 37	28
28 38	14
28 40	31
28 42	44
28 43	19
28 46	35
28 48	45
29 0	34
29 2	4
29 5	10
29 6	49
29 8	40
29 17	42
29 19	8
29 20	18
29 21	12
29 23	26
29 24	7
29 27	48
29 28	47
29 31	3
29 35	9
29 36	27
29 37	13
29 38	23
29 40	38
29 42	1
29 47	33
30 2	30
30 5	13
30 6	39
30 9	6
30 19	3
30 23	5
30 26	9
30 27	11
30 29	31
30 30	26
30 33	19
30 34	41
30 38	48
30 41	38
30 43	36
30 44	8
31 0	12
31 1	33
31 5	11
31 10	25
31 16	6
31 30	14
31 32	15
31 33	30
31 34	40
31 42	47
31 43	0
31 44	7
31 46	41
32 5	38
32 9	12
32 12	17
32 14	49
32 16	23
32 20	34
32 24	11
32 26	31
32 27	41
32 29	48
32 31	29
32 34	43
32 41	21
32 43	6
33 5	36
33 6	8
33 12	11
33 13	33
33 15	28
33 20	39
33 21	35
33 22	17
33 27	18
33 29	7
33 31	37
33 32	30
33 33	14
33 40	43
33 45	24
33 48	2
33 49	27
34 7	17
34 9	16
34 10	30
34 11	40
34 12	12
34 14	8
34 15	34
34 18	39
34 22	29
34 24	14
34 25	48
34 28	19
34 31	35
34 32	4
34 35	5
34 36	21
34 41	10
34 48	13
35 2	1
35 3	42
35 4	14
35 6	25
35 10	6
35 16	15
35 18	2
35 20	19
35 33	17
35 34	10
35 36	5
35 38	26
35 45	32
35 47	21
36 0	10
36 4	0
36 5	32
36 9	14
36 14	5
36 15	3
36 17	13
36 19	19
36 21	1
36 23	17
36 29	35
36 30	22
36 31	43
36 32	38
36 33	15
36 35	30
36 37	8
36 44	12
36 45	39
36 48	26
37 3	38
37 6	22
37 8	34
37 15	17
37 16	49
37 23	18
37 29	37
37 42	19
37 45	21
38 0	13
38 1	14
38 4	19
38 6	48
38 14	10
38 16	16
38 18	32
38 28	35
38 32	23
38 33	1
38 39	40
38 40	28
38 42	20
38 43	27
38 47	22
39 2	34
39 4	47
39 6	17
39 10	29
39 19	33
39 22	5
39 24	41
39 25	31
39 28	27
39 31	10
39 39	6
39 40	8
39 46	25
40 4	49
40 7	2
40 9	39
40 11	11
40 15	7
40 16	0
40 19	5
40 20	45
40 22	4
40 30	42
40 32	21
40 33	44
40 34	8
40 36	41
40 46	14
41 1	16
41 7	21
41 11	9
41 12	22
41 14	30
41 15	36
41 16	13
41 19	42
41 24	3
41 25	6
41 27	38
41 31	28
41 35	48
41 36	34
41 40	2
41 43	44
41 45	35
41 46	33
41 47	40
41 49	26
42 3	22
42 5	47
42 16	17
42 18	46
42 20	31
42 22	7
42 24	32
42 25	37
42 26	48
42 32	2
42 36	29
42 38	40
42 43	20
42 48	33
43 13	3
43 15	25
43 22	24
43 27	45
43 28	12
43 30	47
43 38	15
43 39	36
43 45	22
43 49	31
44 0	5
44 1	49
44 4	36
44 7	8
44 10	18
44 14	37
44 15	2
44 29	46
44 31	24
44 32	19
44 38	29
44 43	4
44 46	48
44 48	38
45 0	36
45 1	8
45 7	6
45 9	33
45 16	12
45 17	5
45 19	48
45 23	7
45 27	25
45 34	1
45 35	49
45 38	0
45 41	11
45 43	31
45 44	24
46 4	34
46 10	39
46 12	7
46 15	42
46 16	27
46 18	31
46 20	6
46 21	44
46 23	13
46 24	9
46 28	10
46 31	1
46 36	48
46 42	33
46 44	0
46 45	38
46 47	11
46 48	8
47 1	17
47 4	23
47 7	43
47 13	22
47 14	38
47 16	34
47 19	24
47 23	11
47 24	19
47 25	8
47 26	25
47 34	3
47 37	2
47 42	42
47 46	30
47 48	44
48 9	20
48 11	6
48 13	2
48 16	46
48 18	25
48 22	39
48 26	29
48 32	31
48 34	45
48 38	10
48 40	47
48 48	17
48 49	21
49 0	21
49 2	29
49 6	14
49 11	18
49 13	31
49 22	8
49 30	33
49 33	23
49 36	13
49 45	9
