50
0 0	16
0 3	38
0 6	43
0 10	15
0 12	7
0 13	8
0 19	9
0 23	41
0 27	40
0 32	0
0 38	46
0 40	27
0 44	6
0 45	29
0 47	26
0 48	20
1 3	3
1 4	31
1 5	46
1 7	38
1 8	30
1 9	16
1 16	11
1 17	0
1 21	1
1 23	9
1 25	28
1 37	22
1 44	40
1 45	17
1 47	27
2 2	2
2 4	13
2 14	24
2 19	21
2 25	29
2 27	46
2 33	22
2 35	1
2 36	35
2 37	39
2 38	4
2 40	16
3 0	26
3 7	41
3 9	19
3 12	40
3 17	49
3 19	35
3 26	11
3 27	39
3 28	27
3 30	30
3 35	29
3 39	13
3 40	24
3 45	5
3 47	48
4 3	39
4 4	3
4 13	35
4 15	0
4 19	18
4 28	5
4 29	42
4 30	8
4 32	33
4 35	13
4 39	17
4 40	32
4 49	28
5 4	30
5 9	37
5 12	11
5 16	15
5 18	40
5 19	23
5 23	38
5 26	35
5 33	42
5 34	45
5 45	16
6 3	22
6 4	10
6 6	12
6 9	11
6 11	24
6 13	13
6 14	23
6 18	0
6 25	17
6 27	20
6 28	19
6 30	41
6 34	49
6 38	27
6 44	16
6 49	47
7 0	43
7 8	12
7 9	47
7 11	37
7 25	33
7 27	41
7 28	11
7 31	8
7 34	18
7 39	39
7 40	44
7 41	29
7 43	31
8 2	8
8 4	15
8 15	45
8 20	33
8 34	1
8 38	11
8 39	47
8 41	4
8 42	6
8 44	42
8 48	25
8 49	2
9 0	35
9 1	29
9 2	33
9 3	2
9 8	18
9 14	5
9 16	36
9 17	11
9 18	14
9 20	13
9 24	39
9 25	43
9 30	27
9 32	3
9 33	28
9 35	4
9 36	30
9 37	49
9 42	12
9 43	10
10 2	40
10 3	19
10 5	34
10 6	26
10 8	6
10 10	42
10 11	4
10 14	33
10 15	38
10 18	15
10 19	31
10 27	49
10 30	9
10 41	41
10 43	35
10 44	25
10 47	11
10 49	46
11 5	23
11 9	8
11 11	30
11 14	32
11 15	15
11 18	24
11 21	37
11 22	14
11 24	33
11 30	40
11 34	39
11 37	35
11 39	36
11 40	5
11 46	45
11 47	9
11 48	41
12 1	32
12 13	6
12 14	41
12 15	14
12 18	35
12 23	46
12 25	25
12 27	43
12 32	22
12 33	26
12 34	12
12 36	11
12 41	24
13 7	13
13 12	35
13 14	19
13 25	8
13 29	22
13 31	28
13 35	48
13 41	18
13 42	7
13 43	6
13 46	36
13 48	15
13 49	12
14 2	47
14 4	2
14 7	43
14 18	34
14 23	21
14 27	25
14 30	16
14 31	40
14 39	14
14 41	3
14 42	38
15 1	7
15 2	21
15 3	26
15 6	38
15 11	29
15 18	3
15 20	45
15 24	44
15 26	24
15 30	2
15 32	20
15 36	8
15 38	43
15 40	22
15 42	0
15 43	13
15 46	4
15 47	46
16 1	48
16 3	40
16 8	27
16 20	28
16 21	49
16 23	29
16 24	18
16 26	30
16 27	23
16 38	9
16 43	1
17 1	16
17 2	9
17 10	47
17 12	4
17 15	8
17 19	37
17 20	27
17 23	25
17 25	42
17 28	22
17 32	15
17 37	19
17 38	6
17 44	34
17 46	29
17 47	18
17 48	36
17 49	7
18 1	20
18 7	48
18 9	4
18 15	13
18 17	17
18 18	2
18 21	24
18 25	35
18 29	40
18 31	15
18 35	31
18 36	36
18 38	41
18 46	3
18 49	33
19 10	25
19 12	41
19 24	3
19 27	4
19 30	18
19 32	26
19 33	0
19 37	36
19 41	45
19 44	19
19 47	14
20 3	31
20 5	3
20 12	6
20 14	11
20 25	37
20 26	43
20 27	12
20 32	40
20 38	18
20 39	20
20 40	46
20 42	19
21 0	8
21 1	38
21 3	27
21 5	15
21 7	33
21 9	40
21 10	41
21 15	47
21 16	14
21 22	34
21 24	7
21 27	35
21 29	39
21 30	28
21 44	32
21 48	2
22 6	39
22 7	20
22 8	43
22 12	9
22 13	26
22 15	24
22 19	45
22 22	6
22 25	0
22 29	25
22 33	12
22 36	42
22 38	22
22 39	48
22 41	23
22 43	28
22 45	49
22 48	21
23 2	42
23 3	8
23 4	29
23 7	32
23 11	12
23 18	44
23 21	35
23 24	19
23 25	26
23 27	24
23 31	47
23 38	48
23 46	13
23 47	23
24 0	27
24 4	6
24 9	29
24 11	25
24 15	2
24 21	45
24 25	18
24 26	21
24 28	43
24 29	47
24 30	34
24 36	10
24 38	12
24 40	1
24 45	38
24 48	30
24 49	5
25 1	35
25 7	7
25 8	36
25 10	4
25 12	25
25 27	13
25 30	32
25 36	31
25 37	15
25 39	28
25 46	10
25 47	40
26 5	40
26 7	27
26 10	19
26 12	10
26 14	38
26 16	0
26 22	28
26 24	42
26 34	48
26 35	17
26 40	15
26 43	24
26 49	11
27 0	19
27 3	32
27 5	43
27 6	14
27 7	29
27 9	23
27 14	17
27 17	20
27 19	40
27 20	0
27 21	38
27 22	25
27 28	12
27 31	22
27 33	39
27 39	44
27 41	34
28 1	13
28 2	35
28 5	4
28 7	17
28 16	12
28 21	47
28 23	27
28 25	38
28 34	7
28 35	8
28 43	42
28 49	37
29 2	10
29 16	44
29 17	2
29 26	47
29 27	1
29 28	15
29 32	8
29 33	21
29 34	3
29 35	18
29 37	26
29 41	48
29 48	17
30 2	45
30 12	31
30 13	2
30 15	39
30 16	48
30 18	38
30 20	6
30 22	3
30 26	8
30 34	37
30 38	40
30 41	13
30 48	11
30 49	15
31 9	20
31 11	21
31 13	22
31 19	8
31 25	32
31 28	25
31 33	7
31 36	27
31 40	26
31 44	45
32 0	20
32 5	27
32 11	23
32 12	36
32 18	21
32 20	24
32 21	22
32 30	1
32 31	6
32 33	43
32 36	41
32 42	48
32 46	17
33 1	30
33 4	25
33 5	1
33 7	45
33 9	31
33 14	34
33 15	44
33 18	10
33 21	29
33 22	27
33 26	40
33 28	17
33 29	37
33 30	33
33 31	42
33 32	49
33 35	38
33 36	24
33 40	9
33 41	32
33 43	12
33 45	14
33 46	46
33 47	13
33 49	48
34 1	25
34 3	13
34 4	33
34 5	5
34 7	26
34 8	38
34 12	44
34 13	10
34 16	8
34 18	32
34 19	7
34 21	46
34 22	11
34 24	29
34 26	6
34 27	22
34 30	48
34 36	0
34 38	49
34 41	1
34 42	24
34 43	2
34 44	15
34 45	47
34 49	41
35 4	7
35 5	29
35 7	10
35 10	32
35 16	18
35 25	47
35 27	9
35 29	27
35 30	20
35 31	19
35 32	16
35 34	44
35 37	37
35 39	38
35 40	34
35 42	25
35 48	26
35 49	21
36 1	21
36 6	33
36 9	32
36 18	49
36 20	43
36 21	44
36 26	9
36 29	17
36 33	30
36 36	48
36 37	12
36 38	15
36 40	8
36 41	26
36 43	38
36 44	23
36 49	3
37 1	47
37 9	30
37 21	5
37 24	24
37 25	36
37 29	33
37 35	26
37 37	45
37 38	42
37 42	20
38 1	5
38 7	19
38 8	41
38 10	10
38 16	32
38 18	46
38 22	15
38 25	24
38 29	26
38 42	8
38 44	38
38 46	34
38 48	40
39 1	34
39 5	9
39 6	30
39 8	16
39 10	3
39 11	20
39 12	13
39 14	2
39 18	1
39 19	10
39 20	48
39 21	8
39 24	4
39 27	29
39 30	35
39 33	31
39 34	11
39 36	47
39 37	24
39 39	18
39 45	12
40 4	16
40 5	47
40 6	13
40 9	7
40 12	3
40 13	24
40 16	17
40 19	12
40 20	14
40 22	42
40 29	0
40 31	31
40 36	6
40 39	1
40 41	40
40 48	33
40 49	23
41 0	28
41 5	26
41 11	40
41 12	39
41 13	14
41 20	8
41 23	37
41 29	12
41 34	19
41 36	20
41 37	47
41 38	2
41 40	41
41 41	16
41 42	23
41 45	36
41 49	31
42 0	12
42 3	29
42 4	32
42 5	6
42 14	36
42 17	5
42 19	26
42 21	31
42 24	9
42 25	4
42 29	44
42 33	41
42 37	27
42 38	45
42 42	14
42 43	11
42 47	20
43 2	31
43 8	26
43 12	8
43 16	21
43 20	36
43 29	19
43 36	32
43 37	6
43 38	17
43 45	40
43 46	37
44 1	4
44 2	15
44 15	27
44 19	33
44 20	19
44 21	36
44 25	14
44 28	10
44 31	46
44 33	11
44 36	2
44 39	0
44 41	17
44 43	20
44 47	49
45 3	7
45 4	39
45 5	13
45 6	46
45 14	20
45 15	4
45 16	31
45 20	2
45 23	19
45 28	36
45 35	11
45 37	32
45 44	49
45 45	42
45 48	28
46 7	22
46 9	18
46 11	7
46 14	21
46 15	23
46 16	27
46 27	42
46 30	43
46 33	17
46 34	15
46 35	37
46 36	4
46 40	29
46 41	19
46 44	9
46 48	48
47 3	46
47 10	11
47 18	43
47 19	36
47 20	25
47 24	27
47 29	34
47 31	39
47 43	22
47 44	20
47 45	13
47 46	15
48 0	29
48 1	27
48 4	4
48 5	48
48 7	16
48 12	17
48 14	35
48 15	37
48 16	26
48 18	19
48 21	13
48 33	44
48 37	3
48 38	28
48 40	39
48 43	49
48 44	43
48 47	2
49 0	39
49 5	30
49 8	1
49 11	49
49 20	10
49 26	26
49 27	6
49 32	34
49 35	32
49 36	37
49 37	31
49 40	38
49 43	14
49 47	24
