50
0 0	11
0 1	46
0 4	37
0 6	39
0 7	26
0 8	8
0 9	12
0 10	15
0 11	7
0 16	25
0 18	38
0 19	31
0 20	22
0 21	24
0 23	41
0 25	14
0 27	35
0 28	9
0 29	17
0 31	2
0 32	47
0 34	29
0 36	36
0 37	43
0 38	21
0 40	30
0 41	23
0 42	20
0 44	42
0 47	45
0 49	44
1 1	33
1 2	38
1 5	49
1 6	29
1 9	8
1 10	46
1 11	20
1 12	42
1 16	41
1 17	27
1 18	19
1 20	11
1 22	17
1 24	30
1 26	22
1 28	36
1 30	3
1 32	28
1 33	12
1 34	32
1 37	48
1 38	16
1 40	37
1 41	21
1 42	26
1 43	44
1 47	6
1 48	10
2 0	5
2 1	14
2 2	33
2 4	38
2 6	47
2 8	48
2 11	32
2 12	37
2 13	10
2 14	35
2 15	9
2 16	7
2 17	3
2 18	36
2 19	11
2 21	49
2 24	24
2 25	20
2 26	42
2 27	46
2 28	25
2 30	34
2 31	29
2 32	26
2 33	31
2 34	41
2 35	43
2 36	12
2 37	23
2 38	27
2 39	2
2 41	13
2 42	39
2 43	16
2 44	40
2 46	44
2 48	22
2 49	8
3 1	44
3 3	8
3 4	48
3 5	3
3 6	41
3 7	25
3 8	22
3 9	11
3 11	30
3 12	34
3 13	16
3 14	0
3 15	6
3 18	23
3 20	19
3 21	35
3 25	13
3 27	33
3 28	20
3 30	21
3 32	24
3 33	26
3 36	46
3 38	45
3 39	5
3 40	15
3 42	17
3 45	38
3 46	29
3 48	7
4 1	10
4 4	11
4 5	1
4 7	39
4 8	46
4 10	32
4 12	27
4 15	26
4 17	48
4 18	0
4 19	21
4 20	25
4 22	8
4 24	5
4 25	22
4 27	4
4 28	14
4 29	23
4 30	44
4 33	7
4 38	20
4 39	17
4 40	35
4 41	24
4 44	41
4 46	45
4 47	37
4 48	13
4 49	9
5 1	29
5 3	42
5 8	32
5 10	39
5 11	45
5 16	35
5 18	5
5 19	17
5 20	26
5 23	3
5 24	16
5 26	21
5 28	11
5 36	33
5 38	23
5 40	38
5 41	28
5 43	0
5 45	41
5 46	46
5 47	8
5 49	34
6 0	23
6 1	25
6 3	26
6 5	42
6 6	34
6 7	8
6 9	30
6 10	44
6 12	43
6 14	5
6 19	33
6 20	12
6 21	27
6 22	35
6 23	49
6 24	41
6 26	16
6 28	19
6 29	9
6 30	38
6 32	0
6 34	31
6 36	1
6 38	37
6 39	6
6 40	36
6 42	10
6 44	48
6 46	2
6 47	15
6 48	18
6 49	29
7 0	18
7 1	26
7 2	45
7 3	17
7 4	22
7 5	11
7 7	49
7 9	37
7 10	47
7 11	35
7 12	12
7 15	0
7 16	33
7 18	3
7 20	1
7 22	5
7 27	16
7 28	39
7 29	32
7 31	7
7 34	44
7 36	29
7 37	15
7 38	40
7 40	41
7 44	9
7 46	24
7 47	14
7 48	31
8 0	36
8 1	22
8 2	40
8 3	10
8 4	33
8 5	17
8 6	2
8 8	14
8 10	8
8 12	35
8 14	18
8 15	7
8 19	46
8 20	38
8 21	26
8 25	37
8 26	45
8 27	9
8 28	34
8 29	20
8 30	25
8 31	16
8 32	44
8 33	29
8 36	21
8 38	30
8 40	42
8 41	11
8 42	3
8 47	47
8 48	6
8 49	13
9 0	30
9 1	37
9 2	25
9 3	47
9 4	1
9 5	41
9 6	18
9 9	0
9 10	26
9 12	17
9 15	29
9 18	13
9 19	9
9 20	34
9 22	42
9 24	31
9 25	4
9 27	28
9 29	39
9 32	33
9 33	16
9 34	20
9 35	46
9 37	12
9 38	35
9 39	40
9 46	14
9 47	21
10 0	4
10 2	16
10 3	1
10 6	46
10 7	27
10 9	5
10 12	29
10 15	31
10 16	21
10 17	30
10 18	43
10 21	3
10 22	14
10 23	34
10 24	8
10 25	48
10 26	0
10 28	24
10 29	44
10 35	2
10 36	28
10 38	38
10 39	35
10 41	6
10 42	33
10 43	41
10 46	9
10 47	13
10 49	42
11 2	17
11 3	12
11 4	27
11 6	35
11 10	19
11 11	40
11 12	23
11 14	25
11 15	10
11 16	30
11 18	20
11 19	47
11 20	2
11 21	42
11 23	26
11 26	46
11 27	3
11 28	18
11 29	33
11 33	6
11 35	32
11 36	41
11 38	43
11 39	7
11 40	5
11 45	34
11 46	16
11 47	1
11 48	15
12 0	13
12 3	5
12 4	4
12 5	40
12 6	9
12 9	14
12 10	0
12 11	22
12 14	11
12 15	41
12 18	27
12 19	39
12 20	37
12 22	7
12 23	8
12 24	17
12 25	16
12 27	23
12 29	29
12 30	6
12 34	26
12 35	21
12 36	15
12 38	48
12 40	43
12 41	12
12 42	30
12 43	47
12 49	20
13 0	2
13 1	31
13 2	20
13 4	16
13 5	34
13 6	7
13 8	17
13 11	28
13 12	49
13 13	11
13 14	13
13 15	18
13 18	33
13 20	10
13 22	24
13 23	36
13 25	45
13 26	19
13 28	3
13 29	5
13 31	15
13 32	32
13 34	23
13 35	1
13 37	41
13 42	46
13 43	37
13 44	8
13 48	35
13 49	22
14 0	47
14 1	41
14 2	39
14 4	35
14 5	25
14 6	27
14 7	32
14 8	4
14 9	36
14 10	3
14 12	22
14 15	2
14 16	14
14 17	28
14 18	9
14 19	10
14 22	43
14 23	30
14 24	19
14 25	44
14 26	6
14 27	18
14 30	33
14 32	29
14 33	23
14 35	26
14 36	48
14 37	40
14 39	15
14 40	1
14 41	31
14 42	0
14 45	7
14 48	8
15 1	35
15 2	23
15 3	34
15 4	43
15 5	5
15 8	29
15 11	19
15 12	0
15 15	48
15 16	4
15 17	37
15 19	13
15 23	1
15 24	45
15 27	11
15 28	38
15 29	31
15 30	46
15 31	42
15 33	25
15 34	47
15 36	40
15 37	28
15 38	6
15 39	10
15 43	36
15 44	15
15 45	33
15 46	17
15 48	41
16 0	24
16 1	20
16 2	9
16 6	5
16 7	41
16 8	45
16 9	25
16 10	13
16 11	43
16 12	30
16 13	6
16 14	31
16 15	27
16 16	40
16 17	26
16 18	11
16 20	3
16 21	44
16 23	17
16 27	1
16 28	46
16 29	15
16 30	29
16 32	2
16 34	8
16 36	10
16 37	22
16 39	47
16 40	16
16 41	37
16 44	34
16 46	38
16 48	23
17 0	20
17 2	0
17 3	39
17 4	42
17 6	36
17 7	3
17 11	10
17 15	40
17 16	27
17 18	28
17 19	29
17 22	32
17 23	13
17 25	5
17 26	48
17 27	2
17 28	30
17 31	46
17 32	17
17 37	47
17 38	49
17 39	4
17 40	21
17 42	9
17 46	15
17 47	11
17 49	12
18 3	35
18 5	16
18 7	24
18 8	33
18 9	45
18 10	43
18 11	42
18 13	5
18 14	20
18 18	37
18 20	44
18 23	32
18 24	14
18 25	23
18 26	12
18 27	40
18 28	28
18 29	27
18 30	13
18 31	17
18 32	49
18 33	30
18 37	18
18 38	29
18 39	9
18 41	47
18 44	3
18 45	48
18 47	46
19 2	19
19 3	14
19 4	18
19 5	32
19 7	38
19 8	36
19 9	16
19 10	2
19 12	1
19 13	43
19 14	41
19 15	20
19 16	13
19 17	29
19 20	5
19 22	23
19 23	47
19 25	34
19 26	17
19 28	26
19 30	30
19 31	35
19 34	46
19 36	6
19 38	28
19 39	22
19 41	40
19 43	8
19 44	27
19 46	0
19 47	12
20 1	40
20 3	36
20 5	29
20 6	32
20 8	38
20 12	44
20 14	10
20 15	11
20 19	48
20 22	37
20 23	18
20 24	21
20 25	46
20 26	2
20 28	13
20 29	28
20 30	9
20 34	33
20 37	16
20 38	4
20 40	49
20 42	22
20 43	15
20 44	39
20 46	30
20 47	23
20 48	1
20 49	3
21 0	28
21 2	26
21 3	25
21 4	14
21 5	36
21 7	10
21 9	9
21 10	17
21 11	46
21 13	49
21 14	42
21 15	30
21 21	38
21 26	7
21 27	20
21 28	43
21 29	22
21 30	23
21 33	3
21 34	48
21 35	11
21 37	4
21 38	15
21 39	16
21 40	13
21 41	39
21 43	18
21 44	2
21 45	29
21 46	35
21 48	12
21 49	6
22 3	18
22 4	31
22 7	43
22 8	30
22 9	4
22 10	27
22 11	5
22 12	36
22 13	40
22 18	46
22 22	47
22 25	6
22 28	16
22 29	0
22 30	45
22 33	15
22 34	28
22 35	22
22 37	7
22 38	1
22 39	24
22 40	9
22 41	42
22 42	34
22 43	25
22 44	17
22 46	11
22 47	41
22 49	26
23 4	25
23 5	35
23 6	6
23 7	5
23 8	9
23 10	41
23 11	44
23 12	15
23 13	32
23 15	14
23 16	18
23 17	40
23 19	24
23 21	2
23 24	43
23 25	49
23 26	38
23 32	21
23 35	4
23 37	8
23 38	42
23 40	33
23 41	0
23 42	12
23 44	36
23 45	17
23 47	30
23 48	16
23 49	10
24 1	1
24 2	11
24 3	0
24 5	43
24 6	48
24 7	23
24 8	49
24 9	41
24 11	2
24 12	28
24 13	8
24 14	45
24 15	34
24 16	20
24 18	18
24 21	5
24 22	15
24 26	39
24 28	32
24 31	44
24 33	24
24 35	37
24 36	17
24 40	40
24 43	26
24 44	31
24 45	4
24 47	3
24 49	27
25 0	35
25 1	45
25 3	28
25 6	0
25 7	36
25 8	2
25 12	14
25 14	15
25 15	16
25 16	10
25 17	5
25 18	48
25 19	44
25 22	9
25 23	12
25 25	7
25 27	17
25 28	29
25 30	47
25 33	32
25 37	21
25 38	33
25 39	49
25 41	3
25 42	31
25 44	43
25 45	23
25 46	4
25 47	40
25 49	46
26 0	7
26 1	18
26 3	30
26 4	5
26 7	20
26 8	44
26 10	28
26 12	38
26 13	46
26 14	6
26 18	29
26 21	32
26 23	23
26 24	11
26 26	27
26 29	12
26 31	9
26 32	48
26 33	47
26 35	3
26 36	22
26 41	15
26 42	41
26 44	33
26 45	36
26 46	39
26 48	17
26 49	4
27 0	21
27 1	5
27 2	42
27 5	48
27 6	17
27 7	4
27 11	6
27 13	30
27 14	14
27 15	46
27 16	11
27 17	36
27 18	47
27 22	28
27 23	7
27 25	1
27 26	15
27 28	8
27 35	12
27 37	25
27 39	18
27 40	45
27 41	34
27 43	24
27 44	37
27 45	13
27 48	2
27 49	41
28 1	30
28 2	6
28 4	24
28 7	46
28 10	49
28 11	33
28 13	29
28 14	47
28 16	23
28 17	45
28 21	41
28 23	2
28 24	9
28 28	4
28 29	21
28 30	11
28 31	3
28 32	19
28 33	37
28 34	12
28 35	48
28 36	5
28 37	31
28 38	36
28 42	25
28 43	42
28 45	28
28 46	8
28 47	17
28 48	27
29 0	49
29 1	3
29 2	18
29 3	33
29 4	17
29 6	1
29 11	48
29 12	32
29 14	23
29 15	28
29 17	41
29 19	20
29 20	4
29 21	40
29 26	8
29 29	6
29 30	0
29 32	45
29 33	2
29 34	11
29 35	30
29 36	39
29 37	29
29 39	14
29 40	26
29 47	24
29 48	43
30 0	39
30 1	15
30 4	12
30 5	31
30 6	49
30 7	37
30 10	5
30 11	27
30 15	38
30 16	17
30 17	33
30 19	41
30 20	32
30 21	22
30 22	44
30 23	40
30 24	42
30 25	26
30 26	3
30 29	46
30 30	35
30 33	8
30 35	19
30 37	6
30 40	20
30 42	48
30 43	10
30 45	0
30 46	23
30 49	28
31 0	16
31 1	49
31 2	5
31 3	11
31 4	23
31 7	33
31 10	37
31 11	36
31 12	13
31 15	4
31 17	18
31 18	10
31 20	41
31 21	28
31 23	9
31 24	15
31 27	42
31 29	14
31 35	40
31 37	2
31 38	34
31 39	26
31 40	27
31 42	44
31 43	12
31 44	38
31 45	25
31 47	32
31 48	19
32 0	44
32 1	11
32 2	14
32 3	32
32 6	13
32 7	17
32 8	20
32 11	4
32 12	26
32 13	23
32 14	43
32 15	1
32 16	39
32 18	21
32 19	36
32 20	42
32 23	48
32 24	28
32 25	27
32 27	30
32 29	40
32 30	24
32 31	41
32 33	5
32 34	0
32 35	7
32 37	34
32 38	3
32 39	25
32 40	2
32 41	16
32 43	35
32 44	6
32 45	37
32 46	18
32 49	38
33 1	4
33 4	10
33 5	2
33 7	18
33 9	31
33 12	40
33 13	27
33 14	21
33 15	17
33 16	34
33 17	39
33 18	30
33 19	35
33 20	29
33 21	20
33 22	19
33 23	44
33 25	8
33 26	32
33 28	37
33 30	5
33 31	13
33 32	15
33 33	22
33 34	14
33 38	11
33 40	25
33 41	7
33 43	43
33 44	12
33 46	28
33 47	42
33 48	48
34 1	2
34 2	22
34 3	44
34 7	15
34 8	28
34 10	6
34 11	34
34 12	33
34 13	14
34 14	12
34 15	3
34 16	1
34 18	41
34 19	7
34 20	36
34 23	24
34 24	13
34 25	39
34 30	10
34 32	5
34 33	0
34 34	27
34 35	20
34 43	40
34 44	46
34 45	43
34 48	21
35 2	13
35 6	4
35 7	29
35 8	41
35 12	21
35 13	0
35 14	1
35 18	45
35 20	48
35 22	40
35 24	12
35 28	47
35 29	19
35 30	8
35 31	5
35 32	9
35 33	27
35 35	38
35 37	10
35 38	18
35 39	11
35 40	46
35 41	26
35 42	7
35 43	14
35 44	30
35 45	42
35 46	20
35 47	44
35 49	32
36 1	17
36 2	32
36 4	44
36 5	10
36 6	20
36 7	16
36 11	47
36 14	4
36 16	6
36 18	42
36 21	0
36 22	30
36 24	27
36 26	31
36 28	2
36 29	43
36 31	49
36 32	23
36 33	33
36 34	18
36 36	26
36 38	13
36 39	46
36 41	1
36 43	9
36 44	35
36 45	3
36 46	34
36 47	36
36 48	37
37 1	32
37 2	37
37 3	21
37 4	6
37 7	34
37 9	35
37 11	18
37 12	19
37 14	36
37 17	20
37 18	16
37 23	5
37 25	38
37 27	47
37 28	40
37 29	10
37 30	14
37 31	31
37 35	9
37 36	43
37 41	25
37 43	22
37 46	7
37 47	33
38 1	48
38 2	44
38 6	37
38 10	31
38 11	23
38 12	47
38 13	36
38 14	7
38 15	19
38 16	24
38 18	6
38 19	42
38 22	27
38 24	0
38 27	49
38 28	41
38 29	1
38 30	2
38 31	14
38 32	11
38 35	28
38 36	3
38 37	46
38 38	10
38 43	30
38 44	45
38 45	16
38 47	4
38 48	33
38 49	39
39 0	38
39 3	40
39 5	9
39 6	26
39 7	12
39 9	28
39 10	23
39 12	48
39 13	39
39 14	17
39 16	22
39 17	19
39 18	7
39 19	3
39 20	16
39 24	2
39 26	5
39 27	8
39 31	45
39 35	13
39 36	4
39 37	33
39 38	14
39 39	37
39 42	43
39 43	31
39 44	1
39 46	32
39 48	49
39 49	25
40 0	25
40 2	27
40 3	24
40 5	13
40 9	2
40 10	14
40 11	12
40 13	9
40 14	29
40 16	47
40 18	35
40 20	7
40 21	18
40 23	45
40 27	43
40 28	31
40 29	8
40 30	17
40 31	0
40 32	4
40 35	10
40 36	32
40 37	3
40 39	20
40 40	19
40 41	36
40 43	49
40 44	22
40 45	30
40 46	48
40 47	5
40 48	39
40 49	15
41 0	33
41 1	21
41 2	41
41 3	27
41 4	49
41 7	30
41 8	6
41 9	42
41 11	29
41 12	11
41 13	15
41 15	45
41 17	10
41 18	14
41 22	0
41 23	31
41 24	1
41 25	18
41 27	12
41 28	48
41 31	8
41 32	35
41 34	5
41 35	47
41 37	39
41 38	2
41 39	44
41 40	23
41 41	46
41 42	36
41 44	25
41 45	20
41 47	43
41 48	32
41 49	7
42 0	37
42 1	38
42 6	10
42 8	7
42 9	6
42 10	24
42 13	47
42 14	32
42 15	39
42 17	34
42 21	30
42 23	11
42 24	44
42 25	9
42 26	18
42 27	26
42 28	21
42 30	12
42 31	48
42 32	46
42 33	1
42 34	45
42 35	35
42 38	25
42 39	13
42 41	41
42 42	16
42 43	4
42 45	5
42 48	28
42 49	49
43 0	46
43 2	48
43 3	49
43 5	6
43 8	13
43 9	24
43 15	22
43 16	36
43 17	17
43 19	2
43 20	14
43 24	32
43 27	0
43 28	1
43 30	4
43 32	16
43 33	40
43 34	15
43 35	29
43 36	30
43 37	44
43 38	12
43 39	31
43 40	3
43 41	35
43 42	38
43 43	5
43 46	21
43 47	18
43 49	33
44 2	3
44 3	46
44 4	41
44 6	8
44 7	22
44 9	23
44 11	16
44 12	7
44 13	25
44 14	38
44 18	12
44 19	5
44 20	47
44 21	29
44 22	6
44 24	36
44 25	0
44 29	2
44 30	49
44 33	11
44 34	30
44 35	17
44 36	35
44 38	31
44 39	32
44 40	48
44 43	45
44 44	13
44 45	40
44 47	34
44 48	20
45 0	19
45 2	31
45 4	46
45 5	23
45 6	28
45 7	35
45 8	37
45 9	34
45 10	45
45 12	41
45 15	12
45 17	0
45 18	8
45 19	26
45 22	3
45 23	42
45 24	10
45 25	47
45 27	25
45 29	16
45 32	7
45 33	17
45 34	49
45 35	27
45 36	18
45 41	44
45 44	11
45 45	9
45 46	40
45 48	30
46 0	0
46 1	24
46 2	7
46 3	6
46 5	27
46 7	40
46 9	15
46 11	26
46 13	12
46 15	36
46 16	37
46 17	11
46 19	28
46 20	30
46 21	46
46 22	31
46 23	39
46 24	34
46 25	3
46 26	14
46 28	17
46 30	43
46 32	41
46 34	4
46 36	38
46 37	32
46 38	9
46 39	48
46 43	33
46 45	21
46 46	19
46 49	47
47 2	10
47 3	23
47 4	21
47 5	14
47 7	13
47 8	31
47 10	4
47 12	9
47 15	35
47 16	15
47 17	1
47 18	40
47 20	6
47 23	20
47 25	2
47 27	41
47 28	7
47 30	16
47 31	30
47 32	8
47 33	44
47 34	19
47 35	5
47 36	45
47 37	42
47 39	36
47 40	18
47 41	29
47 42	47
47 43	3
47 44	0
47 45	26
47 46	37
47 49	43
48 2	15
48 3	22
48 4	47
48 6	3
48 7	6
48 8	19
48 9	26
48 10	42
48 12	24
48 13	31
48 16	44
48 22	46
48 23	43
48 26	37
48 27	48
48 28	5
48 29	7
48 31	28
48 38	8
48 39	33
48 41	32
48 42	21
48 43	29
48 44	10
48 46	41
48 47	39
48 49	16
49 0	9
49 2	30
49 4	34
49 5	8
49 6	19
49 10	29
49 13	2
49 16	31
49 17	21
49 18	1
49 20	15
49 21	36
49 24	3
49 25	25
49 26	23
49 27	7
49 31	33
49 32	39
49 33	4
49 34	35
49 36	13
49 38	46
49 39	41
49 41	27
49 44	28
49 45	14
49 46	43
49 47	38
