50
0 0	0
0 1	35
0 4	9
0 5	29
0 7	46
0 8	41
0 9	36
0 10	17
0 12	26
0 13	25
0 14	45
0 15	39
0 16	34
0 17	7
0 19	30
0 21	37
0 23	31
0 24	20
0 26	22
0 27	32
0 29	40
0 30	5
0 31	14
0 34	38
0 35	48
0 36	6
0 37	49
0 38	33
0 39	19
0 40	43
0 41	3
0 42	10
0 43	2
0 44	4
0 45	12
0 47	16
0 49	21
1 1	42
1 4	20
1 5	41
1 7	5
1 11	19
1 12	44
1 13	43
1 14	32
1 16	24
1 17	49
1 18	6
1 20	18
1 21	22
1 24	34
1 25	45
1 28	40
1 29	33
1 30	15
1 31	3
1 32	36
1 33	46
1 34	29
1 35	7
1 38	8
1 39	10
1 40	12
1 41	14
1 42	27
1 43	4
1 44	1
1 45	21
1 47	26
1 48	17
1 49	30
2 0	36
2 1	46
2 4	18
2 6	33
2 7	45
2 8	28
2 10	26
2 11	13
2 12	16
2 14	47
2 15	42
2 16	0
2 17	15
2 18	14
2 19	32
2 22	39
2 24	27
2 25	12
2 27	17
2 28	35
2 31	1
2 32	10
2 33	6
2 34	25
2 35	23
2 36	29
2 37	43
2 38	7
2 39	4
2 40	49
2 41	20
2 42	9
2 44	30
2 46	11
2 47	31
2 49	41
3 1	30
3 2	20
3 3	40
3 4	5
3 5	33
3 6	4
3 7	13
3 8	15
3 10	46
3 11	14
3 12	17
3 13	12
3 16	10
3 18	8
3 19	27
3 23	26
3 24	2
3 25	22
3 26	49
3 27	23
3 28	24
3 29	44
3 30	36
3 31	0
3 32	37
3 33	28
3 34	48
3 35	29
3 36	3
3 37	7
3 40	9
3 41	42
3 42	38
3 43	16
3 45	32
3 47	18
3 48	19
3 49	25
4 0	48
4 1	23
4 2	36
4 3	41
4 4	4
4 6	5
4 8	34
4 9	0
4 10	25
4 13	49
4 14	13
4 15	27
4 16	8
4 17	12
4 19	19
4 22	20
4 23	33
4 26	31
4 27	2
4 28	32
4 31	35
4 32	29
4 33	7
4 34	43
4 36	10
4 37	40
4 38	18
4 39	11
4 40	14
4 41	21
4 43	22
4 44	37
4 45	15
4 46	17
4 47	1
4 48	45
4 49	3
5 1	29
5 2	40
5 3	42
5 6	10
5 7	12
5 9	17
5 10	31
5 11	41
5 12	20
5 15	7
5 17	34
5 18	44
5 21	27
5 22	45
5 23	30
5 25	47
5 26	15
5 27	8
5 28	36
5 31	21
5 32	9
5 33	19
5 35	28
5 37	35
5 38	25
5 39	49
5 40	39
5 41	5
5 42	6
5 43	24
5 44	3
5 45	14
5 46	22
5 47	37
5 48	38
6 0	39
6 1	16
6 2	17
6 3	14
6 4	35
6 5	47
6 6	9
6 7	44
6 12	8
6 14	20
6 15	41
6 16	2
6 19	24
6 20	15
6 21	0
6 23	42
6 24	29
6 25	19
6 26	45
6 27	11
6 29	38
6 30	21
6 32	34
6 33	48
6 34	28
6 37	6
6 39	30
6 43	25
6 48	1
6 49	37
7 1	34
7 3	39
7 7	21
7 8	29
7 10	20
7 11	38
7 14	26
7 15	44
7 17	13
7 18	37
7 19	17
7 22	31
7 23	16
7 26	6
7 27	18
7 29	10
7 30	48
7 32	5
7 34	3
7 36	41
7 38	43
7 39	14
7 40	33
7 41	32
7 43	30
7 44	22
7 45	25
7 46	47
7 47	2
7 48	40
7 49	42
8 0	14
8 1	18
8 2	47
8 3	27
8 5	1
8 6	15
8 7	2
8 8	45
8 10	11
8 11	46
8 12	0
8 13	22
8 14	21
8 15	23
8 17	19
8 20	10
8 21	35
8 22	40
8 23	41
8 24	42
8 25	30
8 26	37
8 28	20
8 29	39
8 31	26
8 32	28
8 34	8
8 35	25
8 36	31
8 38	16
8 40	44
8 41	12
8 42	32
8 43	29
8 46	38
8 49	36
9 1	6
9 2	42
9 3	0
9 6	44
9 7	3
9 8	26
9 11	2
9 12	31
9 13	10
9 14	19
9 17	22
9 18	5
9 20	14
9 21	12
9 26	43
9 28	18
9 30	38
9 31	36
9 32	32
9 33	21
9 34	40
9 35	33
9 36	9
9 40	24
9 41	11
9 43	15
9 44	47
9 46	1
9 47	35
9 48	48
9 49	29
10 0	2
10 2	8
10 4	7
10 5	43
10 6	0
10 7	36
10 8	47
10 10	45
10 11	1
10 12	12
10 14	37
10 15	24
10 16	14
10 18	13
10 19	6
10 20	39
10 21	17
10 22	22
10 25	34
10 26	4
10 27	9
10 28	38
10 30	28
10 31	33
10 32	21
10 34	19
10 35	44
10 37	5
10 38	31
10 40	15
10 41	10
10 42	18
10 43	42
10 46	3
10 47	23
10 48	49
11 1	47
11 2	4
11 3	46
11 5	16
11 6	21
11 7	6
11 8	20
11 10	33
11 11	28
11 12	48
11 14	0
11 15	31
11 16	30
11 17	27
11 22	36
11 23	43
11 27	7
11 28	49
11 29	19
11 30	25
11 31	38
11 32	12
11 33	40
11 36	24
11 37	11
11 39	23
11 40	3
11 41	39
11 42	14
11 43	34
11 44	45
11 48	5
12 0	29
12 2	15
12 5	21
12 7	9
12 8	27
12 9	14
12 10	16
12 12	46
12 15	12
12 16	13
12 17	31
12 20	7
12 21	3
12 22	1
12 23	6
12 24	17
12 25	18
12 27	35
12 28	43
12 29	22
12 30	30
12 34	37
12 36	11
12 37	10
12 39	39
12 41	49
12 42	20
12 45	38
12 46	23
12 47	33
12 49	0
13 1	21
13 2	37
13 3	44
13 4	46
13 5	19
13 6	35
13 7	15
13 13	27
13 14	41
13 15	47
13 16	25
13 17	10
13 18	18
13 21	23
13 22	12
13 25	26
13 26	17
13 27	34
13 28	7
13 31	30
13 32	24
13 33	5
13 35	31
13 37	4
13 38	38
13 39	2
13 40	11
13 41	22
13 43	0
13 44	36
13 45	1
13 46	42
13 47	28
13 48	20
14 0	4
14 1	7
14 2	11
14 3	21
14 4	10
14 5	42
14 7	49
14 9	43
14 10	6
14 11	31
14 12	35
14 13	20
14 15	15
14 16	27
14 17	28
14 18	16
14 19	18
14 20	36
14 21	29
14 22	3
14 23	17
14 24	47
14 25	25
14 26	30
14 28	48
14 29	0
14 30	33
14 31	12
14 34	39
14 35	46
14 36	45
14 38	24
14 40	5
14 42	23
14 44	34
14 45	19
14 46	32
14 47	14
14 48	9
15 3	28
15 4	14
15 6	24
15 7	40
15 9	25
15 10	37
15 11	20
15 12	19
15 13	5
15 14	16
15 15	0
15 16	21
15 17	32
15 18	30
15 19	2
15 20	42
15 22	6
15 23	3
15 24	35
15 25	7
15 29	4
15 30	18
15 31	46
15 32	48
15 33	8
15 34	45
15 36	23
15 37	22
15 40	38
15 41	34
15 42	12
15 43	11
15 44	26
15 45	27
15 46	43
15 48	15
16 0	21
16 1	44
16 2	33
16 3	29
16 4	38
16 6	46
16 7	42
16 8	12
16 9	11
16 10	10
16 11	7
16 13	48
16 14	27
16 16	40
16 18	0
16 22	14
16 23	25
16 25	39
16 26	9
16 27	36
16 30	17
16 32	8
16 33	13
16 36	20
16 37	45
16 38	23
16 39	5
16 40	30
16 41	18
16 42	2
16 43	1
16 44	35
16 47	22
17 0	23
17 1	13
17 2	14
17 3	35
17 4	17
17 5	9
17 6	12
17 7	4
17 8	0
17 10	43
17 11	25
17 12	22
17 14	38
17 15	28
17 18	7
17 19	1
17 20	32
17 21	16
17 22	30
17 23	40
17 24	39
17 26	19
17 28	6
17 29	34
17 32	41
17 33	44
17 35	18
17 36	33
17 38	15
17 41	26
17 42	3
17 44	11
17 45	45
17 46	27
17 49	10
18 1	27
18 4	1
18 5	6
18 7	10
18 8	11
18 9	18
18 11	45
18 12	24
18 13	3
18 14	2
18 15	32
18 16	43
18 17	14
18 18	41
18 20	5
18 21	25
18 22	37
18 23	34
18 24	33
18 25	49
18 26	0
18 27	22
18 28	9
18 30	26
18 31	16
18 32	31
18 33	47
18 34	4
18 35	17
18 37	20
18 38	21
18 39	38
18 40	23
18 41	48
18 42	8
18 44	13
18 45	46
18 47	30
18 49	28
19 0	27
19 1	14
19 2	31
19 3	43
19 5	25
19 6	37
19 7	39
19 8	16
19 9	46
19 11	24
19 12	41
19 13	1
19 14	11
19 15	29
19 16	36
19 17	17
19 19	42
19 21	34
19 22	19
19 24	13
19 25	28
19 26	18
19 27	10
19 28	47
19 29	32
19 31	22
19 32	38
19 33	9
19 35	20
19 36	44
19 37	8
19 38	0
19 39	33
19 41	15
19 42	21
19 43	35
19 46	40
19 47	6
19 48	3
20 1	33
20 2	32
20 5	7
20 6	13
20 7	28
20 8	49
20 9	48
20 12	25
20 13	42
20 14	43
20 15	40
20 16	12
20 18	45
20 19	16
20 20	22
20 21	21
20 22	34
20 23	36
20 26	38
20 28	37
20 29	15
20 30	29
20 31	2
20 33	10
20 34	11
20 35	4
20 36	35
20 39	26
20 41	30
20 42	44
20 45	5
20 47	0
20 48	39
20 49	6
21 0	30
21 1	28
21 2	41
21 3	26
21 5	18
21 6	49
21 7	20
21 9	6
21 11	27
21 13	11
21 14	29
21 15	8
21 16	45
21 17	36
21 18	35
21 19	40
21 20	0
21 21	24
21 22	23
21 24	5
21 29	43
21 33	31
21 34	15
21 35	22
21 36	12
21 38	14
21 40	25
21 41	16
21 42	42
21 44	9
21 46	10
21 47	46
21 48	13
21 49	17
22 0	24
22 2	27
22 3	10
22 4	2
22 5	26
22 6	17
22 7	31
22 8	21
22 10	39
22 11	34
22 13	36
22 14	30
22 15	48
22 16	47
22 17	38
22 18	25
22 19	33
22 20	12
22 21	14
22 22	4
22 24	0
22 27	29
22 30	23
22 33	20
22 35	42
22 37	15
22 38	6
22 40	37
22 41	35
22 42	43
22 44	44
22 45	8
22 46	46
22 48	16
22 49	32
23 1	32
23 2	44
23 3	33
23 4	23
23 5	20
23 6	26
23 7	48
23 8	37
23 9	16
23 10	21
23 11	17
23 12	28
23 15	34
23 16	9
23 17	4
23 18	46
23 19	31
23 21	13
23 22	2
23 24	30
23 26	36
23 27	49
23 29	8
23 32	25
23 33	0
23 34	12
23 36	22
23 40	10
23 41	43
23 42	41
23 43	3
23 44	40
23 45	47
23 46	39
23 47	19
23 49	1
24 0	49
24 1	48
24 2	2
24 3	6
24 5	10
24 6	30
24 7	34
24 8	5
24 9	28
24 10	1
24 11	21
24 12	40
24 14	15
24 15	9
24 16	3
24 17	45
24 18	42
24 19	11
24 20	4
24 21	7
24 22	41
24 23	37
24 24	43
24 26	12
24 27	26
24 28	8
24 29	47
24 31	31
24 33	33
24 35	16
24 36	27
24 39	46
24 40	32
24 41	38
24 42	19
24 43	36
24 45	22
24 46	18
24 48	23
24 49	20
25 1	2
25 2	21
25 4	28
25 5	35
25 6	42
25 8	39
25 9	1
25 10	48
25 12	47
25 15	13
25 19	44
25 21	5
25 22	25
25 23	9
25 24	7
25 25	43
25 26	3
25 27	30
25 29	14
25 31	32
25 32	6
25 33	23
25 37	12
25 38	26
25 39	45
25 41	40
25 42	31
25 43	41
25 46	0
25 47	38
25 48	4
25 49	19
26 1	37
26 3	7
26 4	49
26 5	31
26 7	8
26 8	6
26 10	32
26 12	42
26 13	18
26 14	4
26 16	48
26 17	23
26 18	40
26 20	47
26 21	26
26 26	2
26 27	5
26 29	27
26 30	12
26 32	43
26 33	34
26 34	1
26 39	15
26 41	46
26 42	30
26 43	21
26 45	24
26 47	17
26 48	29
26 49	16
27 1	38
27 2	19
27 4	21
27 7	14
27 11	23
27 13	35
27 14	49
27 16	41
27 17	6
27 19	7
27 20	9
27 22	0
27 23	27
27 24	12
27 25	16
27 26	46
27 27	3
27 28	5
27 30	10
27 31	45
27 32	44
27 34	20
27 35	11
27 36	1
27 37	36
27 39	42
27 40	17
27 41	29
27 45	37
27 46	24
27 47	34
27 49	43
28 0	3
28 1	45
28 2	48
28 4	41
28 8	30
28 10	15
28 11	10
28 12	21
28 14	22
28 15	36
28 17	42
28 18	2
28 20	19
28 21	18
28 25	33
28 26	32
28 27	43
28 28	25
28 29	31
28 30	44
28 31	39
28 34	7
28 35	12
28 36	0
28 37	1
28 39	8
28 40	4
28 41	27
28 42	17
28 43	6
28 45	34
28 46	29
28 49	11
29 1	0
29 2	34
29 4	27
29 5	8
29 6	1
29 7	29
29 8	25
29 10	7
29 11	32
29 12	36
29 13	47
29 15	22
29 16	23
29 17	30
29 18	10
29 19	39
29 20	6
29 21	45
29 22	43
29 24	16
29 25	40
29 27	44
29 29	18
29 30	4
29 32	2
29 33	49
29 34	33
29 35	3
29 36	19
29 38	42
29 39	12
29 42	37
29 43	46
29 44	14
29 45	48
29 46	28
29 48	26
29 49	24
30 2	43
30 4	22
30 5	39
30 6	11
30 7	23
30 8	46
30 9	38
30 10	42
30 13	26
30 14	9
30 15	35
30 16	33
30 17	0
30 18	31
30 19	14
30 20	17
30 21	15
30 22	24
30 23	28
30 26	20
30 27	40
30 29	21
30 30	1
30 32	47
30 33	30
30 34	34
30 36	48
30 37	27
30 39	37
30 42	49
30 43	18
30 44	10
30 46	25
30 47	3
30 48	12
31 0	1
31 3	15
31 5	22
31 6	28
31 7	38
31 8	32
31 10	9
31 11	4
31 12	23
31 13	8
31 14	35
31 16	29
31 18	20
31 19	46
31 20	30
31 21	10
31 23	19
31 24	3
31 25	2
31 26	47
31 28	12
31 29	6
31 31	34
31 32	33
31 33	14
31 34	26
31 35	43
31 36	18
31 38	44
31 39	24
31 41	31
31 43	40
31 46	16
31 47	27
31 48	21
32 0	37
32 1	12
32 2	0
32 7	7
32 8	48
32 9	13
32 10	8
32 11	9
32 12	11
32 13	34
32 16	1
32 17	35
32 18	24
32 20	25
32 21	28
32 23	20
32 24	45
32 25	46
32 27	41
32 28	33
32 29	3
32 30	32
32 31	17
32 32	14
32 33	2
32 37	26
32 38	39
32 41	6
32 42	22
32 43	27
32 44	38
32 47	47
32 49	40
33 0	11
33 1	17
33 5	32
33 7	19
33 10	22
33 13	31
33 14	46
33 16	6
33 17	9
33 19	15
33 20	35
33 23	2
33 24	41
33 26	40
33 27	42
33 28	23
33 31	20
33 32	27
33 35	30
33 36	26
33 37	47
33 38	49
33 39	16
33 40	28
33 41	4
33 42	7
33 44	0
33 46	33
33 47	12
33 48	14
33 49	5
34 1	3
34 2	6
34 4	29
34 5	14
34 6	7
34 9	26
34 10	47
34 11	35
34 12	37
34 13	28
34 14	34
34 15	30
34 16	39
34 17	8
34 18	15
34 19	10
34 20	31
34 22	48
34 23	44
34 26	23
34 27	33
34 28	16
34 29	13
34 30	49
34 31	40
34 32	42
34 34	9
34 37	32
34 38	12
34 39	1
34 40	27
34 41	2
34 42	11
34 43	43
34 44	5
34 46	20
34 48	22
35 0	34
35 2	35
35 6	8
35 7	25
35 9	30
35 10	27
35 11	47
35 12	5
35 13	21
35 14	3
35 16	18
35 17	40
35 18	39
35 19	22
35 20	2
35 21	43
35 23	45
35 24	48
35 25	13
35 26	26
35 27	12
35 28	42
35 29	36
35 30	41
35 31	29
35 32	16
35 34	10
35 35	14
35 37	0
35 38	19
35 39	17
35 40	7
35 41	9
35 42	28
35 45	11
35 46	15
35 47	32
36 3	24
36 4	34
36 5	12
36 6	32
36 7	18
36 8	35
36 9	47
36 13	6
36 14	25
36 15	37
36 18	21
36 19	13
36 20	16
36 21	31
36 22	33
36 23	0
36 24	38
36 26	8
36 27	48
36 29	17
36 30	14
36 31	19
36 32	7
36 33	22
36 35	9
36 36	28
36 39	40
36 43	23
36 44	2
36 45	4
37 0	45
37 2	49
37 4	11
37 5	27
37 6	16
37 8	24
37 9	2
37 11	48
37 12	30
37 13	19
37 15	25
37 16	32
37 17	33
37 18	29
37 19	26
37 21	44
37 23	38
37 25	3
37 26	42
37 27	14
37 31	37
37 34	31
37 35	0
37 36	40
37 37	46
37 38	20
37 39	28
37 40	41
37 41	36
37 42	47
37 43	13
37 45	6
37 46	5
37 47	8
37 48	10
37 49	18
38 1	43
38 2	3
38 3	4
38 4	15
38 5	17
38 8	7
38 9	40
38 10	34
38 11	22
38 12	14
38 13	39
38 14	12
38 15	6
38 16	37
38 17	20
38 18	27
38 19	36
38 20	21
38 21	38
38 22	16
38 23	49
38 25	23
38 27	24
38 30	42
38 31	10
38 32	26
38 33	11
38 34	30
38 35	47
38 36	8
38 37	33
38 38	1
38 39	48
38 40	0
38 41	41
38 44	18
38 46	19
38 47	29
38 49	2
39 0	7
39 1	40
39 2	1
39 3	8
39 4	6
39 7	30
39 9	44
39 11	15
39 12	18
39 13	24
39 14	28
39 15	10
39 16	11
39 18	23
39 20	13
39 21	33
39 22	32
39 23	12
39 24	22
39 25	9
39 26	48
39 27	19
39 28	14
39 29	49
39 31	5
39 32	3
39 33	42
39 35	27
39 36	21
39 37	16
39 38	4
39 40	29
39 42	34
39 47	39
39 48	43
40 0	38
40 1	1
40 2	12
40 3	17
40 4	16
40 6	3
40 7	27
40 8	22
40 10	4
40 12	7
40 13	30
40 14	10
40 15	18
40 16	26
40 17	44
40 18	43
40 19	20
40 20	33
40 22	13
40 24	23
40 25	21
40 26	5
40 29	37
40 30	11
40 32	49
40 33	35
40 34	0
40 35	39
40 38	28
40 39	41
40 41	8
40 42	15
40 43	14
40 44	19
41 0	22
41 1	24
41 2	38
41 3	3
41 6	47
41 7	1
41 8	17
41 9	41
41 10	30
41 11	26
41 12	39
41 13	44
41 14	42
41 15	14
41 17	11
41 20	49
41 21	19
41 22	35
41 23	48
41 25	36
41 27	16
41 28	28
41 30	2
41 31	4
41 32	18
41 33	37
41 34	6
41 36	7
41 37	23
41 41	0
41 42	40
41 44	32
41 45	9
41 46	13
41 48	27
41 49	34
42 0	19
42 1	20
42 2	25
42 3	11
42 4	32
42 5	5
42 7	41
42 8	2
42 9	24
42 10	14
42 11	33
42 13	4
42 15	49
42 18	9
42 19	47
42 20	29
42 22	10
42 23	1
42 24	44
42 26	27
42 27	39
42 28	0
42 30	22
42 31	23
42 32	46
42 33	45
42 36	38
42 37	42
42 38	17
42 40	18
42 41	13
42 42	26
42 43	8
42 44	21
42 46	30
42 48	31
42 49	12
43 0	33
43 1	8
43 3	47
43 4	13
43 5	48
43 6	19
43 7	32
43 8	14
43 9	12
43 10	35
43 11	37
43 13	38
43 16	28
43 17	39
43 18	3
43 19	25
43 20	41
43 22	21
43 24	1
43 25	17
43 26	29
43 27	20
43 30	40
43 31	7
43 32	15
43 33	27
43 34	42
43 35	34
43 37	18
43 38	9
43 39	31
43 41	24
43 42	0
43 44	43
43 45	26
43 46	45
43 48	46
44 0	13
44 1	31
44 2	9
44 4	40
44 6	20
44 7	37
44 9	5
44 10	0
44 11	49
44 13	14
44 14	6
44 15	33
44 17	16
44 19	12
44 20	38
44 21	2
44 22	26
44 23	10
44 24	11
44 25	1
44 26	39
44 27	21
44 29	46
44 30	35
44 31	18
44 32	23
44 34	17
44 35	15
44 37	3
44 38	30
44 39	34
44 40	48
44 42	29
44 43	28
44 44	8
44 45	7
44 46	36
44 48	41
44 49	22
45 1	10
45 2	45
45 3	12
45 4	33
45 5	38
45 6	48
45 7	47
45 8	36
45 10	41
45 14	23
45 15	21
45 16	20
45 17	2
45 19	43
45 20	3
45 21	6
45 22	29
45 24	4
45 25	32
45 26	7
45 29	26
45 30	24
45 34	22
45 35	19
45 36	25
45 37	34
45 38	37
45 39	27
45 41	28
45 43	9
45 44	39
45 45	40
45 47	44
45 48	42
46 0	12
46 2	10
46 3	2
46 4	36
46 5	30
46 6	22
46 7	16
46 8	43
46 9	34
46 10	29
46 12	27
46 13	46
46 14	44
46 15	20
46 16	35
46 17	47
46 19	8
46 20	37
46 21	4
46 23	14
46 24	24
46 25	6
46 26	21
46 27	13
46 28	39
46 29	1
46 31	15
46 32	45
46 33	38
46 34	23
46 35	5
46 37	17
46 38	32
46 41	33
46 42	25
46 44	28
46 46	9
46 49	31
47 0	35
47 1	4
47 2	24
47 3	9
47 4	19
47 6	18
47 7	17
47 9	15
47 10	36
47 11	43
47 12	6
47 13	16
47 14	48
47 15	45
47 19	38
47 20	28
47 21	20
47 22	42
47 23	22
47 24	25
47 25	0
47 27	37
47 28	10
47 29	41
47 30	13
47 31	8
47 32	30
47 33	26
47 34	5
47 35	49
47 36	46
47 37	29
47 38	11
47 39	3
47 42	33
47 44	31
47 45	23
47 46	12
47 48	34
47 49	27
48 1	22
48 3	48
48 4	30
48 6	43
48 8	13
48 11	39
48 12	38
48 13	23
48 14	8
48 17	5
48 19	28
48 21	49
48 27	6
48 28	34
48 29	35
48 30	47
48 31	27
48 32	11
48 33	17
48 34	14
48 35	41
48 37	37
48 38	36
48 39	0
48 40	46
48 41	44
48 43	19
48 44	12
48 46	21
48 47	45
48 48	18
49 0	42
49 1	15
49 2	5
49 4	3
49 6	6
49 9	45
49 11	8
49 12	32
49 15	46
49 16	22
49 17	1
49 19	21
49 20	26
49 22	18
49 23	47
49 24	14
49 25	20
49 26	41
49 27	27
49 28	13
49 29	7
49 30	9
49 31	25
49 33	39
49 35	2
49 37	44
49 40	31
49 41	23
49 42	24
49 43	12
49 44	16
49 45	29
49 48	0
