50
0 1	46
0 7	26
0 10	15
0 11	7
0 18	38
0 21	24
0 23	41
0 31	2
0 32	47
0 36	36
0 37	43
0 38	21
0 40	30
0 41	23
0 44	42
0 47	45
0 49	44
1 1	33
1 2	38
1 6	29
1 9	8
1 10	46
1 12	42
1 16	41
1 20	11
1 22	17
1 26	22
1 28	36
1 34	32
1 37	48
1 41	21
1 42	26
1 48	10
2 0	5
2 6	47
2 11	32
2 13	10
2 16	7
2 19	11
2 24	24
2 27	46
2 30	34
2 31	29
2 33	31
2 34	41
2 38	27
2 39	2
2 41	13
2 44	40
2 46	44
3 9	11
3 13	16
3 20	19
3 25	13
3 27	33
3 28	20
3 30	21
3 32	24
3 40	15
3 42	17
3 45	38
3 46	29
4 1	10
4 4	11
4 7	39
4 10	32
4 12	27
4 17	48
4 28	14
4 33	7
4 38	20
4 39	17
4 40	35
4 46	45
4 47	37
4 48	13
5 10	39
5 19	17
5 20	26
5 23	3
5 24	16
5 26	21
5 28	11
5 36	33
5 40	38
5 43	0
5 45	41
5 46	46
5 49	34
6 0	23
6 7	8
6 9	30
6 12	43
6 19	33
6 21	27
6 22	35
6 24	41
6 26	16
6 32	0
6 34	31
6 36	1
6 39	6
6 40	36
6 46	2
6 47	15
6 48	18
7 0	18
7 1	26
7 4	22
7 7	49
7 9	37
7 10	47
7 11	35
7 12	12
7 18	3
7 22	5
7 27	16
7 31	7
7 36	29
7 37	15
7 38	40
7 40	41
7 46	24
7 48	31
8 0	36
8 1	22
8 6	2
8 10	8
8 14	18
8 15	7
8 20	38
8 21	26
8 25	37
8 27	9
8 28	34
8 29	20
8 32	44
8 36	21
8 38	30
8 40	42
8 42	3
8 48	6
9 0	30
9 1	37
9 3	47
9 5	41
9 6	18
9 10	26
9 15	29
9 18	13
9 22	42
9 24	31
9 27	28
9 32	33
9 33	16
9 37	12
9 39	40
9 46	14
10 2	16
10 3	1
10 6	46
10 15	31
10 16	21
10 18	43
10 22	14
10 24	8
10 25	48
10 26	0
10 29	44
10 41	6
10 42	33
10 43	41
10 46	9
10 47	13
10 49	42
11 3	12
11 6	35
11 11	40
11 14	25
11 15	10
11 18	20
11 19	47
11 20	2
11 28	18
11 35	32
11 36	41
11 45	34
11 46	16
11 48	15
12 5	40
12 6	9
12 11	22
12 14	11
12 19	39
12 20	37
12 24	17
12 25	16
12 27	23
12 35	21
12 49	20
13 4	16
13 5	34
13 6	7
13 8	17
13 15	18
13 18	33
13 22	24
13 29	5
13 37	41
13 42	46
14 1	41
14 7	32
14 8	4
14 10	3
14 16	14
14 19	10
14 22	43
14 23	30
14 24	19
14 25	44
14 26	6
14 30	33
14 32	29
14 36	48
14 37	40
14 39	15
15 4	43
15 8	29
15 11	19
15 12	0
15 16	4
15 19	13
15 23	1
15 28	38
15 30	46
15 31	42
15 33	25
15 37	28
15 38	6
15 43	36
15 44	15
15 45	33
15 46	17
16 0	24
16 2	9
16 6	5
16 8	45
16 9	25
16 11	43
16 13	6
16 14	31
16 15	27
16 18	11
16 20	3
16 27	1
16 36	10
16 37	22
16 39	47
16 40	16
16 41	37
16 44	34
16 46	38
17 4	42
17 6	36
17 7	3
17 11	10
17 15	40
17 16	27
17 18	28
17 22	32
17 23	13
17 28	30
17 31	46
17 32	17
17 39	4
17 40	21
17 42	9
17 47	11
18 5	16
18 9	45
18 13	5
18 14	20
18 18	37
18 20	44
18 23	32
18 25	23
18 26	12
18 27	40
18 28	28
18 30	13
18 31	17
18 32	49
18 41	47
18 47	46
19 2	19
19 8	36
19 9	16
19 13	43
19 14	41
19 15	20
19 16	13
19 17	29
19 20	5
19 26	17
19 28	26
19 30	30
19 31	35
19 36	6
19 38	28
19 41	40
19 43	8
19 46	0
20 5	29
20 6	32
20 14	10
20 15	11
20 19	48
20 22	37
20 23	18
20 28	13
20 37	16
20 40	49
20 42	22
20 43	15
20 48	1
21 0	28
21 2	26
21 3	25
21 4	14
21 14	42
21 15	30
21 21	38
21 26	7
21 28	43
21 33	3
21 37	4
21 38	15
21 39	16
21 40	13
21 41	39
21 44	2
21 46	35
21 48	12
22 4	31
22 8	30
22 10	27
22 11	5
22 12	36
22 22	47
22 25	6
22 28	16
22 30	45
22 35	22
22 40	9
22 41	42
23 5	35
23 7	5
23 8	9
23 11	44
23 13	32
23 19	24
23 25	49
23 32	21
23 37	8
23 40	33
23 41	0
23 45	17
23 47	30
23 49	10
24 3	0
24 5	43
24 7	23
24 11	2
24 13	8
24 14	45
24 15	34
24 16	20
24 21	5
24 22	15
24 28	32
24 33	24
24 35	37
24 44	31
24 47	3
25 3	28
25 8	2
25 12	14
25 15	16
25 16	10
25 17	5
25 18	48
25 22	9
25 23	12
25 30	47
25 38	33
25 44	43
25 46	4
25 49	46
26 0	7
26 3	30
26 4	5
26 8	44
26 10	28
26 12	38
26 18	29
26 21	32
26 33	47
26 35	3
26 36	22
26 42	41
26 46	39
27 1	5
27 2	42
27 7	4
27 16	11
27 17	36
27 18	47
27 22	28
27 23	7
27 26	15
27 37	25
27 39	18
27 40	45
27 41	34
27 43	24
27 44	37
27 45	13
27 48	2
28 1	30
28 2	6
28 4	24
28 7	46
28 10	49
28 11	33
28 13	29
28 16	23
28 17	45
28 21	41
28 23	2
28 24	9
28 29	21
28 30	11
28 32	19
28 33	37
28 38	36
28 42	25
28 43	42
28 47	17
29 0	49
29 1	3
29 2	18
29 3	33
29 12	32
29 20	4
29 21	40
29 26	8
29 30	0
29 32	45
29 33	2
29 36	39
29 39	14
30 0	39
30 1	15
30 10	5
30 15	38
30 16	17
30 20	32
30 24	42
30 42	48
30 43	10
30 45	0
31 1	49
31 2	5
31 7	33
31 10	37
31 12	13
31 20	41
31 21	28
31 24	15
31 27	42
31 39	26
31 40	27
31 42	44
31 45	25
31 47	32
31 48	19
32 0	44
32 2	14
32 3	32
32 6	13
32 15	1
32 16	39
32 19	36
32 38	3
32 40	2
32 41	16
32 43	35
32 44	6
33 4	10
33 5	2
33 7	18
33 13	27
33 14	21
33 15	17
33 17	39
33 18	30
33 19	35
33 20	29
33 22	19
33 25	8
33 30	5
33 31	13
33 38	11
33 40	25
33 41	7
33 43	43
34 1	2
34 2	22
34 3	44
34 8	28
34 11	34
34 12	33
34 14	12
34 16	1
34 18	41
34 24	13
34 25	39
34 32	5
34 35	20
34 43	40
34 45	43
35 8	41
35 12	21
35 20	48
35 28	47
35 29	19
35 33	27
35 35	38
35 43	14
35 46	20
35 47	44
35 49	32
36 1	17
36 5	10
36 6	20
36 14	4
36 22	30
36 26	31
36 29	43
36 44	35
36 46	34
36 47	36
36 48	37
37 4	6
37 9	35
37 11	18
37 14	36
37 17	20
37 25	38
37 28	40
37 30	14
37 35	9
37 41	25
37 43	22
37 46	7
37 47	33
38 1	48
38 6	37
38 15	19
38 16	24
38 19	42
38 24	0
38 27	49
38 28	41
38 29	1
38 30	2
38 31	14
38 32	11
38 35	28
38 38	10
38 43	30
38 44	45
38 45	16
38 49	39
39 7	12
39 10	23
39 12	48
39 14	17
39 17	19
39 18	7
39 19	3
39 20	16
39 24	2
39 31	45
39 42	43
39 49	25
40 2	27
40 5	13
40 9	2
40 10	14
40 13	9
40 16	47
40 18	35
40 20	7
40 32	4
40 35	10
40 43	49
40 47	5
41 0	33
41 2	41
41 4	49
41 8	6
41 11	29
41 12	11
41 17	10
41 22	0
41 23	31
41 28	48
41 31	8
41 32	35
41 37	39
41 42	36
41 47	43
41 49	7
42 1	38
42 8	7
42 10	24
42 13	47
42 14	32
42 15	39
42 17	34
42 21	30
42 23	11
42 26	18
42 28	21
42 30	12
42 38	25
42 42	16
42 43	4
42 45	5
42 48	28
42 49	49
43 0	46
43 2	48
43 3	49
43 9	24
43 19	2
43 20	14
43 27	0
43 28	1
43 33	40
43 38	12
43 40	3
43 42	38
44 2	3
44 6	8
44 9	23
44 12	7
44 13	25
44 18	12
44 24	36
44 34	30
44 35	17
44 36	35
44 38	31
44 39	32
44 43	45
44 47	34
45 0	19
45 4	46
45 6	28
45 8	37
45 10	45
45 15	12
45 19	26
45 23	42
45 24	10
45 34	49
45 35	27
45 44	11
45 46	40
45 48	30
46 0	0
46 1	24
46 3	6
46 5	27
46 7	40
46 11	26
46 16	37
46 19	28
46 22	31
46 24	34
46 25	3
46 26	14
46 28	17
46 30	43
46 32	41
46 34	4
46 36	38
46 37	32
46 46	19
47 2	10
47 3	23
47 4	21
47 7	13
47 8	31
47 10	4
47 17	1
47 18	40
47 23	20
47 25	2
47 27	41
47 28	7
47 30	16
47 32	8
47 33	44
47 34	19
47 35	5
47 39	36
47 41	29
47 46	37
47 49	43
48 2	15
48 6	3
48 10	42
48 16	44
48 22	46
48 23	43
48 29	7
48 31	28
48 41	32
48 43	29
48 46	41
48 49	16
49 0	9
49 4	34
49 6	19
49 17	21
49 18	1
49 20	15
49 21	36
49 27	7
49 31	33
49 32	39
49 36	13
49 38	46
49 39	41
49 41	27
49 46	43
49 47	38
