50
0 2	38
0 4	29
0 7	22
0 8	26
0 11	21
0 14	33
0 18	44
0 23	3
0 24	4
0 27	34
0 29	28
0 32	20
0 39	6
0 45	12
0 48	25
1 1	33
1 11	45
1 14	49
1 18	24
1 21	36
1 22	17
1 31	48
1 39	32
1 45	6
1 48	34
2 1	17
2 2	15
2 3	1
2 4	47
2 9	0
2 17	36
2 18	12
2 26	9
2 28	27
2 34	3
2 37	6
2 38	39
2 48	11
3 1	15
3 3	44
3 4	30
3 13	33
3 24	18
3 27	37
3 28	1
3 29	12
3 36	43
3 40	9
3 46	17
4 0	45
4 4	1
4 7	39
4 9	27
4 11	43
4 20	11
4 22	22
4 32	41
4 33	20
4 35	8
4 38	32
4 41	6
4 46	46
4 48	35
4 49	10
5 4	23
5 6	19
5 7	15
5 9	35
5 10	10
5 11	49
5 12	24
5 14	45
5 15	28
5 18	33
5 19	14
5 20	29
5 30	32
5 32	3
5 35	16
5 36	42
5 40	40
5 41	46
5 43	22
5 45	30
5 48	27
6 0	21
6 1	29
6 9	19
6 10	6
6 12	8
6 17	11
6 27	12
6 30	44
6 32	47
6 35	24
6 36	20
6 42	18
6 49	41
7 4	46
7 6	49
7 8	10
7 9	28
7 10	23
7 19	20
7 20	33
7 26	12
7 27	45
7 28	16
7 30	35
7 35	27
7 36	29
7 38	6
7 42	38
7 45	8
7 46	24
7 48	17
8 1	28
8 3	39
8 8	2
8 9	12
8 13	35
8 16	25
8 17	24
8 20	42
8 24	38
8 26	7
8 30	46
8 32	13
8 37	11
8 39	4
8 40	10
8 42	36
9 5	4
9 7	8
9 10	9
9 11	46
9 12	3
9 14	27
9 15	43
9 19	44
9 24	13
9 25	39
9 28	49
9 30	42
9 32	17
9 46	0
9 48	2
10 0	8
10 9	29
10 14	2
10 16	48
10 18	20
10 19	23
10 25	4
10 26	35
10 27	25
10 28	44
10 33	5
10 35	11
10 43	49
11 0	22
11 2	34
11 11	5
11 12	14
11 13	27
11 16	41
11 18	48
11 19	1
11 26	43
11 34	24
11 37	19
11 45	47
11 47	29
12 0	48
12 1	2
12 9	24
12 15	35
12 19	0
12 20	19
12 22	15
12 28	8
12 32	25
12 33	40
12 34	20
12 36	9
12 37	43
12 39	22
12 40	4
12 46	13
13 4	44
13 5	26
13 8	5
13 9	21
13 12	19
13 13	24
13 14	28
13 16	17
13 18	27
13 23	15
13 27	33
13 34	1
13 35	0
13 42	40
13 44	37
13 46	16
14 7	37
14 8	35
14 10	8
14 12	47
14 17	9
14 25	27
14 31	26
14 36	25
14 37	48
14 39	3
14 40	16
14 47	28
14 48	29
15 9	5
15 13	26
15 14	20
15 16	33
15 22	3
15 27	19
15 28	28
15 30	4
15 35	1
15 40	42
15 43	14
15 45	31
15 49	46
16 3	18
16 6	35
16 7	34
16 10	44
16 11	29
16 17	25
16 20	20
16 25	6
16 30	43
16 32	37
16 35	49
16 40	1
16 45	17
16 49	13
17 4	32
17 6	18
17 7	44
17 10	30
17 13	34
17 18	26
17 20	16
17 22	6
17 26	20
17 31	19
17 38	8
17 40	7
17 41	42
17 42	46
17 44	14
17 45	36
18 0	11
18 2	32
18 3	10
18 5	1
18 7	33
18 11	0
18 15	36
18 24	21
18 25	18
18 27	23
18 28	13
18 30	17
18 33	15
18 34	7
18 40	46
18 43	9
18 44	41
18 46	38
18 47	47
18 49	39
19 2	28
19 5	13
19 7	18
19 10	21
19 14	30
19 16	43
19 17	15
19 19	25
19 20	41
19 23	49
19 32	5
19 35	10
19 38	1
19 42	6
19 43	29
19 46	34
19 47	12
20 9	4
20 10	11
20 20	38
20 37	8
20 41	22
20 42	13
20 43	20
20 47	42
21 3	43
21 5	32
21 6	31
21 10	15
21 15	13
21 17	40
21 19	21
21 20	2
21 29	4
21 32	14
21 33	18
21 35	3
21 38	10
21 40	28
21 42	5
21 46	35
22 1	8
22 2	6
22 6	32
22 7	10
22 8	14
22 9	48
22 10	45
22 17	47
22 25	21
22 29	41
22 31	40
22 34	35
22 41	0
22 43	43
22 49	28
23 0	42
23 1	41
23 3	26
23 6	25
23 9	10
23 11	15
23 14	36
23 19	33
23 20	17
23 27	47
23 29	34
23 30	11
23 33	12
23 35	45
23 36	13
23 40	37
23 45	4
23 48	16
23 49	18
24 1	20
24 7	35
24 10	37
24 11	44
24 12	46
24 16	32
24 17	6
24 18	31
24 19	39
24 21	3
24 23	23
24 30	34
24 40	14
24 44	40
24 49	27
25 4	10
25 8	22
25 20	35
25 23	33
25 25	7
25 26	0
25 28	43
25 32	46
25 34	2
25 36	39
25 39	21
25 45	14
25 47	48
26 0	15
26 3	22
26 5	24
26 8	44
26 23	6
26 26	47
26 29	27
26 30	33
26 31	38
26 35	48
26 37	39
26 42	0
26 43	32
26 44	9
26 49	3
27 3	24
27 8	28
27 9	49
27 11	17
27 14	40
27 15	3
27 16	8
27 19	27
27 21	0
27 23	4
27 25	37
27 28	19
27 30	41
27 31	13
27 35	35
27 37	31
27 42	10
27 47	34
28 0	49
28 1	24
28 3	40
28 4	33
28 7	46
28 8	4
28 10	1
28 11	31
28 12	13
28 18	34
28 21	30
28 30	22
28 33	36
28 35	5
28 39	0
28 40	23
28 45	21
28 48	39
29 5	28
29 7	9
29 14	43
29 15	21
29 16	45
29 17	34
29 24	41
29 25	12
29 32	44
29 38	38
29 45	48
30 4	22
30 6	10
30 11	9
30 14	39
30 17	14
30 21	6
30 26	33
30 35	17
30 36	7
30 45	40
30 47	26
30 49	23
31 0	14
31 3	30
31 7	27
31 10	2
31 13	23
31 16	29
31 17	42
31 18	43
31 20	1
31 21	46
31 24	22
31 26	5
31 27	31
31 29	35
31 34	17
31 35	44
31 41	15
31 43	41
31 46	18
31 48	33
32 3	45
32 5	16
32 6	1
32 10	26
32 11	35
32 12	42
32 17	4
32 19	11
32 24	10
32 28	22
32 30	21
32 34	14
32 38	24
32 39	29
32 41	19
32 42	23
33 5	9
33 12	17
33 15	33
33 17	39
33 23	43
33 24	8
33 27	4
33 29	15
33 35	26
33 49	7
34 1	27
34 6	48
34 7	24
34 13	8
34 16	13
34 23	41
34 24	35
34 25	20
34 37	33
34 39	46
34 40	47
35 1	5
35 8	1
35 10	25
35 11	38
35 13	22
35 14	44
35 22	32
35 26	28
35 28	48
35 30	14
35 31	41
35 35	37
35 36	47
35 37	20
35 44	8
36 0	38
36 1	23
36 2	14
36 6	33
36 7	19
36 9	45
36 10	28
36 16	10
36 21	4
36 29	16
36 32	11
36 33	3
36 37	46
36 40	13
36 41	12
36 48	49
36 49	1
37 0	31
37 3	20
37 5	17
37 12	38
37 15	24
37 18	41
37 20	12
37 22	4
37 23	35
37 24	1
37 26	8
37 29	19
37 33	29
37 34	11
37 36	10
37 38	45
37 39	34
37 44	16
37 45	25
37 46	48
37 47	30
37 48	6
38 5	10
38 10	40
38 12	31
38 17	1
38 21	35
38 24	5
38 25	2
38 30	48
38 31	0
38 35	20
38 38	44
38 43	16
38 48	8
38 49	26
39 4	8
39 8	24
39 12	1
39 15	9
39 17	32
39 19	12
39 22	5
39 24	23
39 25	28
39 31	49
39 35	15
39 38	0
39 43	13
39 46	40
39 47	7
40 4	34
40 5	3
40 7	21
40 8	20
40 9	31
40 10	47
40 14	18
40 19	17
40 28	46
40 29	9
40 32	12
40 34	4
40 36	2
40 39	40
40 44	36
40 45	23
41 0	28
41 2	35
41 5	29
41 13	43
41 34	37
41 36	31
41 37	2
41 42	44
41 44	20
42 0	33
42 6	4
42 8	38
42 10	41
42 14	42
42 15	48
42 18	19
42 19	34
42 20	5
42 22	12
42 24	15
42 26	32
42 35	39
42 36	8
42 37	35
42 41	21
42 44	23
42 49	22
43 5	31
43 6	5
43 9	8
43 12	49
43 14	41
43 15	30
43 20	28
43 22	45
43 24	42
43 26	17
43 27	7
43 28	37
43 36	6
43 40	19
43 42	22
43 43	33
43 45	46
44 0	0
44 1	31
44 2	46
44 8	34
44 12	43
44 15	32
44 17	45
44 18	6
44 19	15
44 23	2
44 25	26
44 27	44
44 30	39
44 33	42
44 34	38
44 43	21
45 6	8
45 10	7
45 11	28
45 16	36
45 18	40
45 23	19
45 25	1
45 34	32
45 38	49
45 42	15
45 43	44
45 45	20
45 47	4
46 1	49
46 7	31
46 13	4
46 14	29
46 21	26
46 22	46
46 27	42
46 31	24
46 32	0
46 34	9
46 39	43
46 41	13
46 42	39
46 45	19
46 48	28
47 2	37
47 3	5
47 5	49
47 7	26
47 10	13
47 11	42
47 12	44
47 26	21
47 39	8
47 47	15
48 0	29
48 2	40
48 6	27
48 10	31
48 12	20
48 16	19
48 18	28
48 19	24
48 20	4
48 22	49
48 23	12
48 28	5
48 29	39
48 30	13
48 34	16
48 37	26
48 41	2
48 42	9
48 46	15
48 47	37
49 3	25
49 4	35
49 5	11
49 9	16
49 13	47
49 14	46
49 15	1
49 21	13
49 29	8
49 30	30
49 32	6
49 34	26
49 36	3
49 37	40
49 41	10
49 43	4
49 45	24
49 46	14
