50
0 2	17
0 5	27
0 6	34
0 9	48
0 10	28
0 12	31
0 13	33
0 14	15
0 15	46
0 19	37
0 21	19
0 22	40
0 24	3
0 28	2
0 30	11
0 34	26
0 37	42
0 39	23
0 43	29
0 44	10
0 45	35
0 46	24
0 48	12
1 3	13
1 4	29
1 9	12
1 14	32
1 15	39
1 17	22
1 19	26
1 20	17
1 22	45
1 23	40
1 24	47
1 27	3
1 32	44
1 34	11
1 35	19
1 36	31
1 38	9
1 41	30
1 43	16
1 44	6
1 46	1
1 49	23
2 1	15
2 3	38
2 7	46
2 8	27
2 9	5
2 11	19
2 13	34
2 16	35
2 18	17
2 19	6
2 20	13
2 23	4
2 24	1
2 26	14
2 27	16
2 28	47
2 31	49
2 33	25
2 34	2
2 35	36
2 36	28
2 37	9
2 38	40
2 39	20
2 41	12
2 43	10
2 47	29
2 49	3
3 0	1
3 1	14
3 6	39
3 7	49
3 8	13
3 11	33
3 16	48
3 17	46
3 21	38
3 23	3
3 24	27
3 26	19
3 27	25
3 29	11
3 30	30
3 31	28
3 32	43
3 34	40
3 37	34
3 40	2
3 41	32
3 43	0
3 45	9
3 47	6
4 0	15
4 3	39
4 4	27
4 6	42
4 7	33
4 16	36
4 17	32
4 18	12
4 19	14
4 23	13
4 24	19
4 25	0
4 26	28
4 28	11
4 29	17
4 30	45
4 31	8
4 34	35
4 35	22
4 36	38
4 42	44
4 48	30
5 0	47
5 1	34
5 3	21
5 6	46
5 7	28
5 10	6
5 11	30
5 12	43
5 13	39
5 14	41
5 16	25
5 17	26
5 18	0
5 19	7
5 20	5
5 30	14
5 35	3
5 36	9
5 41	40
5 44	23
5 45	19
5 49	20
6 1	9
6 5	28
6 6	10
6 13	45
6 14	12
6 16	26
6 18	18
6 20	3
6 21	15
6 23	17
6 26	27
6 27	13
6 29	36
6 31	11
6 32	49
6 33	47
6 34	0
6 35	37
6 37	21
6 38	32
6 43	24
6 46	44
6 48	1
6 49	16
7 1	10
7 2	45
7 5	48
7 12	4
7 14	30
7 18	47
7 20	32
7 26	35
7 27	27
7 29	14
7 30	22
7 31	40
7 33	21
7 34	43
7 36	5
7 37	7
7 42	33
7 45	17
7 47	15
7 49	24
8 0	19
8 4	3
8 7	5
8 8	22
8 9	10
8 12	34
8 13	30
8 14	48
8 19	38
8 20	42
8 22	28
8 23	24
8 27	14
8 28	39
8 30	40
8 31	27
8 35	12
8 37	44
8 39	45
8 40	26
8 42	9
8 43	49
8 45	20
8 46	36
8 47	35
8 49	33
9 3	31
9 5	12
9 8	0
9 10	22
9 12	5
9 13	25
9 14	42
9 15	6
9 16	19
9 17	15
9 20	45
9 24	2
9 25	18
9 27	37
9 29	13
9 30	29
9 31	36
9 32	20
9 33	1
9 36	49
9 38	3
9 40	34
9 42	28
9 43	26
9 44	24
9 45	47
9 46	48
9 49	11
10 2	44
10 6	16
10 7	2
10 10	26
10 11	12
10 13	27
10 14	8
10 15	13
10 18	30
10 19	4
10 20	28
10 21	33
10 25	15
10 28	24
10 29	31
10 30	3
10 33	35
10 34	1
10 35	25
10 36	21
10 37	5
10 39	32
10 40	43
10 41	38
10 42	10
10 45	14
10 49	45
11 0	23
11 2	28
11 3	41
11 4	16
11 5	35
11 8	34
11 13	10
11 15	43
11 18	13
11 22	36
11 23	49
11 24	0
11 27	12
11 30	39
11 31	14
11 32	26
11 33	44
11 34	18
11 36	40
11 37	32
11 38	29
11 41	22
11 42	48
11 43	17
11 45	3
11 46	37
12 2	1
12 6	40
12 10	2
12 13	26
12 14	20
12 15	24
12 18	38
12 21	27
12 24	14
12 26	36
12 27	0
12 28	8
12 30	43
12 32	48
12 33	49
12 34	4
12 37	11
12 40	16
12 42	15
12 44	25
12 45	6
12 49	9
13 0	45
13 1	30
13 2	41
13 5	13
13 6	1
13 7	42
13 9	4
13 10	12
13 12	22
13 15	5
13 16	18
13 17	0
13 19	23
13 21	36
13 22	33
13 23	26
13 32	19
13 33	40
13 35	14
13 37	25
13 40	49
13 41	11
13 42	34
13 45	28
13 46	10
13 47	27
13 49	47
14 3	28
14 8	8
14 12	11
14 13	16
14 14	47
14 16	17
14 17	23
14 18	35
14 19	20
14 22	2
14 23	39
14 25	41
14 27	42
14 28	32
14 32	22
14 34	45
14 35	48
14 37	14
14 38	37
14 39	29
14 41	13
14 42	27
14 46	33
14 47	21
14 48	18
15 3	46
15 4	43
15 7	25
15 8	9
15 9	24
15 10	7
15 12	26
15 13	1
15 14	27
15 15	18
15 18	20
15 21	32
15 23	16
15 28	19
15 33	5
15 34	42
15 38	38
15 39	22
15 43	36
15 44	29
15 46	34
15 49	37
16 0	30
16 1	23
16 2	31
16 3	36
16 4	20
16 8	5
16 9	26
16 11	47
16 13	2
16 14	34
16 16	22
16 17	14
16 19	13
16 22	12
16 24	16
16 27	48
16 28	17
16 30	9
16 34	19
16 36	25
16 43	1
16 44	39
16 45	40
16 48	4
17 0	24
17 1	4
17 2	29
17 3	47
17 4	19
17 5	11
17 6	23
17 8	49
17 10	33
17 14	43
17 16	9
17 17	17
17 18	27
17 20	35
17 23	41
17 24	5
17 25	20
17 26	48
17 27	40
17 28	38
17 29	26
17 32	37
17 36	12
17 38	15
17 40	39
17 42	45
17 45	36
17 47	8
18 2	32
18 3	44
18 4	42
18 9	18
18 10	43
18 12	48
18 14	5
18 15	14
18 16	28
18 18	26
18 20	6
18 22	34
18 23	25
18 27	33
18 28	23
18 30	31
18 31	37
18 32	3
18 33	11
18 35	21
18 36	39
18 40	12
18 45	13
18 47	19
18 49	30
19 1	39
19 4	47
19 5	44
19 9	31
19 14	24
19 16	43
19 17	40
19 18	5
19 21	6
19 22	17
19 23	0
19 24	30
19 25	49
19 26	22
19 27	21
19 29	38
19 31	23
19 37	2
19 39	18
19 40	29
19 41	1
19 42	19
19 43	25
19 45	42
19 48	27
19 49	32
20 0	0
20 2	42
20 3	4
20 5	5
20 13	21
20 17	25
20 21	3
20 23	1
20 31	19
20 32	23
20 34	12
20 35	45
20 37	38
20 39	9
20 40	8
20 42	11
20 43	35
20 44	36
20 47	32
20 49	29
21 0	36
21 4	24
21 5	39
21 6	7
21 8	10
21 11	1
21 12	14
21 13	40
21 16	44
21 17	35
21 19	17
21 21	13
21 22	46
21 23	5
21 26	9
21 29	16
21 30	42
21 31	47
21 32	25
21 34	6
21 38	48
21 40	38
21 41	26
21 42	30
21 43	32
21 44	21
21 49	15
22 0	43
22 1	27
22 3	14
22 4	8
22 6	24
22 7	26
22 8	44
22 11	42
22 16	37
22 19	32
22 21	17
22 22	30
22 23	12
22 25	23
22 26	38
22 27	31
22 28	28
22 30	6
22 32	2
22 33	0
22 36	19
22 37	18
22 39	41
22 42	35
22 44	34
22 46	11
22 47	5
22 49	49
23 1	41
23 2	36
23 3	1
23 4	17
23 6	25
23 7	34
23 8	47
23 9	16
23 12	12
23 13	42
23 14	3
23 18	7
23 20	23
23 24	29
23 26	39
23 27	5
23 28	6
23 37	48
23 38	19
23 39	49
23 40	35
23 41	20
23 43	11
23 44	32
23 47	28
23 48	44
23 49	14
24 0	35
24 1	21
24 3	17
24 4	7
24 7	47
24 8	2
24 11	14
24 15	30
24 19	19
24 20	4
24 25	40
24 26	23
24 27	18
24 32	5
24 33	9
24 34	13
24 35	29
24 36	34
24 40	45
24 42	42
24 44	16
24 45	31
24 46	0
24 47	20
24 48	37
24 49	48
25 3	34
25 4	5
25 5	22
25 6	17
25 11	3
25 14	9
25 15	20
25 16	23
25 18	42
25 22	18
25 23	19
25 26	6
25 27	49
25 31	0
25 32	35
25 34	41
25 35	38
25 38	30
25 39	10
25 40	27
25 41	44
25 47	16
25 48	45
26 2	5
26 3	42
26 4	15
26 5	38
26 6	9
26 7	11
26 12	10
26 14	1
26 17	28
26 19	49
26 20	18
26 21	48
26 25	25
26 27	22
26 32	14
26 35	47
26 36	7
26 40	30
26 41	36
26 42	4
26 45	34
26 47	40
26 49	0
27 0	27
27 2	13
27 4	38
27 5	9
27 6	49
27 8	15
27 9	22
27 13	5
27 15	35
27 17	11
27 19	8
27 20	33
27 22	19
27 24	41
27 26	34
27 31	25
27 32	0
27 36	20
27 38	4
27 39	6
27 40	36
27 46	21
27 47	37
28 1	24
28 2	19
28 6	2
28 8	4
28 9	6
28 10	45
28 11	40
28 12	16
28 14	35
28 16	27
28 17	10
28 18	22
28 19	42
28 22	14
28 23	32
28 24	18
28 28	0
28 29	37
28 31	1
28 33	17
28 34	39
28 35	34
28 37	26
28 39	30
28 41	31
28 46	41
29 2	12
29 3	20
29 5	3
29 7	7
29 12	46
29 14	22
29 15	33
29 17	5
29 18	2
29 19	47
29 20	0
29 22	24
29 25	36
29 27	15
29 28	10
29 30	19
29 40	1
29 42	17
29 45	49
29 47	9
29 49	39
30 0	44
30 1	40
30 3	24
30 6	13
30 9	33
30 10	14
30 12	37
30 14	23
30 16	39
30 17	34
30 18	11
30 19	3
30 24	26
30 27	10
30 29	25
30 32	36
30 34	28
30 35	15
30 37	0
30 38	49
30 42	38
30 45	5
30 48	8
31 2	49
31 3	5
31 4	30
31 6	19
31 9	29
31 10	27
31 12	45
31 14	39
31 17	12
31 18	21
31 19	25
31 20	46
31 21	28
31 22	23
31 25	14
31 26	31
31 27	38
31 29	32
31 32	41
31 33	8
31 34	10
31 35	0
31 40	13
31 41	24
31 42	3
31 45	11
31 49	26
32 1	3
32 2	37
32 3	25
32 6	22
32 7	27
32 8	19
32 9	28
32 15	23
32 16	16
32 17	21
32 18	39
32 20	47
32 22	4
32 24	10
32 26	26
32 27	46
32 28	49
32 29	12
32 31	41
32 32	34
32 34	7
32 39	5
32 41	14
32 43	20
32 44	15
32 48	32
33 0	8
33 2	34
33 4	12
33 5	14
33 6	28
33 9	17
33 11	7
33 13	22
33 16	21
33 17	44
33 21	4
33 22	3
33 25	35
33 27	11
33 30	18
33 32	46
33 33	23
33 37	30
33 38	47
33 40	6
33 44	42
33 46	19
33 47	38
33 48	10
34 0	48
34 4	4
34 7	39
34 8	23
34 12	19
34 13	0
34 14	38
34 15	49
34 17	24
34 18	41
34 20	1
34 21	9
34 26	13
34 28	42
34 29	35
34 30	28
34 32	31
34 36	27
34 37	10
34 39	15
34 41	17
34 43	18
34 44	14
34 49	5
35 0	11
35 1	17
35 2	18
35 4	10
35 8	36
35 12	0
35 14	6
35 18	28
35 21	30
35 23	47
35 27	26
35 30	1
35 31	2
35 32	42
35 33	4
35 35	9
35 40	41
35 41	35
35 43	33
35 44	12
35 49	27
36 0	31
36 4	1
36 11	27
36 13	4
36 19	18
36 21	44
36 22	10
36 25	47
36 27	2
36 29	42
36 32	7
36 35	43
36 37	24
36 38	28
36 41	19
36 42	29
36 43	6
36 44	40
36 45	0
36 49	8
37 2	11
37 3	30
37 4	13
37 5	4
37 6	43
37 7	9
37 8	45
37 9	21
37 10	24
37 14	0
37 16	34
37 17	49
37 18	6
37 20	37
37 21	10
37 23	15
37 24	44
37 26	29
37 31	18
37 32	32
37 33	46
37 34	20
37 36	22
37 37	28
37 38	17
37 40	19
37 43	12
37 45	39
37 46	38
37 47	48
37 48	14
37 49	40
38 0	26
38 2	38
38 4	21
38 5	18
38 6	29
38 8	32
38 10	35
38 11	36
38 12	27
38 13	37
38 14	10
38 15	1
38 16	15
38 17	3
38 18	48
38 19	11
38 24	34
38 26	44
38 29	33
38 30	47
38 34	24
38 35	7
38 39	12
38 40	17
38 42	0
38 43	13
38 44	28
38 45	22
39 0	49
39 1	22
39 3	29
39 4	32
39 5	10
39 6	48
39 8	41
39 12	2
39 14	17
39 15	3
39 16	6
39 17	7
39 19	30
39 20	20
39 22	38
39 24	28
39 25	46
39 28	4
39 31	12
39 32	9
39 35	16
39 39	40
39 40	25
39 41	39
39 46	42
40 1	48
40 2	40
40 3	11
40 6	26
40 10	32
40 12	35
40 13	6
40 16	33
40 17	30
40 19	12
40 20	15
40 23	34
40 24	9
40 27	19
40 28	31
40 29	4
40 30	21
40 31	10
40 32	45
40 33	28
40 35	44
40 39	14
40 41	27
40 42	25
40 46	16
40 47	17
40 49	2
41 1	16
41 3	9
41 4	28
41 5	46
41 8	14
41 11	43
41 14	21
41 16	49
41 17	31
41 21	40
41 22	1
41 24	38
41 25	3
41 33	24
41 36	37
41 39	7
41 41	0
41 45	26
41 46	6
41 47	10
41 48	42
41 49	19
42 0	40
42 1	7
42 4	25
42 5	21
42 6	8
42 8	26
42 9	3
42 10	11
42 11	28
42 12	39
42 13	17
42 14	14
42 15	47
42 17	38
42 19	36
42 20	9
42 22	0
42 24	4
42 26	37
42 27	41
42 28	13
42 30	20
42 33	18
42 36	24
42 37	15
42 40	31
42 41	49
42 42	46
42 43	27
42 49	22
43 0	5
43 1	33
43 2	25
43 3	8
43 4	45
43 5	32
43 8	6
43 9	43
43 10	44
43 13	14
43 15	21
43 16	20
43 18	23
43 21	7
43 27	4
43 28	34
43 30	38
43 33	42
43 34	3
43 35	28
43 36	10
43 37	35
43 39	36
43 40	48
43 43	9
43 44	46
43 45	27
44 2	9
44 3	22
44 6	44
44 7	14
44 9	38
44 14	31
44 17	27
44 19	45
44 21	42
44 25	48
44 28	18
44 29	20
44 31	6
44 37	4
44 39	3
44 43	47
44 44	33
44 48	0
45 0	28
45 2	39
45 3	33
45 4	22
45 6	15
45 7	29
45 9	40
45 10	47
45 11	4
45 12	23
45 14	36
45 15	17
45 16	3
45 17	42
45 18	49
45 19	35
45 24	7
45 25	32
45 27	45
45 33	13
45 35	31
45 40	24
45 41	48
45 47	14
46 0	18
46 1	5
46 2	2
46 4	14
46 7	12
46 8	3
46 10	0
46 11	20
46 12	17
46 13	23
46 16	31
46 17	45
46 20	38
46 21	16
46 22	42
46 24	32
46 25	4
46 26	49
46 27	43
46 29	46
46 30	24
46 31	35
46 32	10
46 33	39
46 34	37
46 36	13
46 38	21
46 39	25
46 40	15
46 41	47
46 42	8
46 46	28
46 48	11
46 49	7
47 1	13
47 2	24
47 3	15
47 5	49
47 6	5
47 7	19
47 8	12
47 10	48
47 11	21
47 13	46
47 16	2
47 17	4
47 20	43
47 22	9
47 24	42
47 25	10
47 27	32
47 28	37
47 30	23
47 31	26
47 33	27
47 34	17
47 35	40
47 37	20
47 42	6
47 44	22
47 45	16
47 46	14
47 48	38
48 0	12
48 1	6
48 2	16
48 4	34
48 5	26
48 6	11
48 7	45
48 8	21
48 9	0
48 10	17
48 11	25
48 13	44
48 14	49
48 15	42
48 16	32
48 18	15
48 23	29
48 26	46
48 27	1
48 30	4
48 31	48
48 35	13
48 36	35
48 38	33
48 40	3
48 41	8
48 43	5
48 45	2
48 48	24
49 1	1
49 8	31
49 9	35
49 10	9
49 11	17
49 15	19
49 16	42
49 18	37
49 19	16
49 20	10
49 23	45
49 24	11
49 26	40
49 28	15
49 30	32
49 34	14
49 35	33
49 37	27
49 39	46
49 41	3
49 43	22
49 44	5
49 46	39
49 47	2
49 48	41
