50
0 0	11
0 2	37
0 4	8
0 5	36
0 6	26
0 7	43
0 10	22
0 11	40
0 13	14
0 14	42
0 15	45
0 16	46
0 18	5
0 19	34
0 21	13
0 22	28
0 23	27
0 24	39
0 25	9
0 26	17
0 27	20
0 28	44
0 29	10
0 30	15
0 31	2
0 32	19
0 33	38
0 34	1
0 35	16
0 36	23
0 37	48
0 38	32
0 39	3
0 40	4
0 41	25
0 42	6
0 43	41
0 44	30
0 46	12
0 47	47
0 48	33
0 49	0
1 0	21
1 1	24
1 2	18
1 3	49
1 4	27
1 5	19
1 6	33
1 7	10
1 8	23
1 9	12
1 10	2
1 13	9
1 14	40
1 16	45
1 18	48
1 19	1
1 20	35
1 21	29
1 22	14
1 23	17
1 24	20
1 25	28
1 26	7
1 27	5
1 28	31
1 30	39
1 31	13
1 32	46
1 33	22
1 35	25
1 36	38
1 37	43
1 38	3
1 39	47
1 40	42
1 41	15
1 43	37
1 44	34
1 45	44
1 46	16
1 47	0
1 48	8
1 49	32
2 1	25
2 2	4
2 3	36
2 6	45
2 7	16
2 8	28
2 9	19
2 10	43
2 11	30
2 12	41
2 13	48
2 14	12
2 15	20
2 16	34
2 17	42
2 20	17
2 21	9
2 22	35
2 23	15
2 24	32
2 25	7
2 26	29
2 27	26
2 28	3
2 29	6
2 30	14
2 32	47
2 33	11
2 34	44
2 35	38
2 36	49
2 37	8
2 40	27
2 41	2
2 42	24
2 44	40
2 45	23
2 47	46
2 48	0
2 49	22
3 0	46
3 1	41
3 2	7
3 3	20
3 4	16
3 5	14
3 6	38
3 7	23
3 8	21
3 9	35
3 10	19
3 11	39
3 12	3
3 13	6
3 14	31
3 15	29
3 16	11
3 18	15
3 19	42
3 20	24
3 21	18
3 24	25
3 26	26
3 27	4
3 29	27
3 30	32
3 31	45
3 35	8
3 37	34
3 38	10
3 39	9
3 40	37
3 41	1
3 42	47
3 43	48
3 44	2
3 45	13
3 46	22
3 47	40
3 48	44
3 49	5
4 0	42
4 1	10
4 2	45
4 3	23
4 4	28
4 5	6
4 6	7
4 7	20
4 8	8
4 9	40
4 11	38
4 13	29
4 14	46
4 16	32
4 17	48
4 18	3
4 19	2
4 20	43
4 21	31
4 22	22
4 23	34
4 24	37
4 25	5
4 26	13
4 27	14
4 28	11
4 29	9
4 32	17
4 33	39
4 34	15
4 35	36
4 37	26
4 38	33
4 39	19
4 40	35
4 41	30
4 43	49
4 44	18
4 46	21
4 47	44
4 48	12
4 49	47
5 0	35
5 1	9
5 2	3
5 3	6
5 5	48
5 8	17
5 9	15
5 10	27
5 11	21
5 14	18
5 15	33
5 16	14
5 17	49
5 18	47
5 20	36
5 21	39
5 22	1
5 23	26
5 24	34
5 27	29
5 28	2
5 29	8
5 30	41
5 31	30
5 32	12
5 33	7
5 34	11
5 35	10
5 36	45
5 37	38
5 38	44
5 40	28
5 41	0
5 42	42
5 43	16
5 44	13
5 46	23
5 47	4
5 48	24
5 49	31
6 0	6
6 1	11
6 4	17
6 5	39
6 6	41
6 7	5
6 8	15
6 9	24
6 11	42
6 12	29
6 15	9
6 16	31
6 17	8
6 19	47
6 20	38
6 22	27
6 23	35
6 24	30
6 25	36
6 26	12
6 27	43
6 29	23
6 30	1
6 31	25
6 32	0
6 33	18
6 34	33
6 35	26
6 36	19
6 38	45
6 40	49
6 42	37
6 43	14
6 44	10
6 45	20
6 46	4
6 47	21
6 48	40
6 49	7
7 0	3
7 1	26
7 2	28
7 3	18
7 4	47
7 5	42
7 6	21
7 7	2
7 8	9
7 10	4
7 11	44
7 12	40
7 13	22
7 14	36
7 15	19
7 16	48
7 17	7
7 18	13
7 19	38
7 20	46
7 21	41
7 22	29
7 23	20
7 24	0
7 25	16
7 26	37
7 27	17
7 31	12
7 32	10
7 33	35
7 34	24
7 35	6
7 36	25
7 37	32
7 38	30
7 40	31
7 41	14
7 42	1
7 43	27
7 44	11
7 45	45
7 46	33
7 48	23
7 49	15
8 0	5
8 1	43
8 2	49
8 3	30
8 4	21
8 6	2
8 7	6
8 8	19
8 9	23
8 10	17
8 11	4
8 14	41
8 16	36
8 17	18
8 18	7
8 19	48
8 21	24
8 22	40
8 24	16
8 26	32
8 27	31
8 28	39
8 29	38
8 30	12
8 33	15
8 34	28
8 36	35
8 37	46
8 38	34
8 39	20
8 40	33
8 41	3
8 42	11
8 43	13
8 44	29
8 45	14
8 46	44
8 47	45
8 48	10
9 0	20
9 1	4
9 2	23
9 3	48
9 4	41
9 6	16
9 7	45
9 8	29
9 10	46
9 11	8
9 13	38
9 14	25
9 15	5
9 16	49
9 17	15
9 18	1
9 20	33
9 21	0
9 22	43
9 23	11
9 24	10
9 25	13
9 27	44
9 28	32
9 30	31
9 31	28
9 32	37
9 34	19
9 35	7
9 36	3
9 37	22
9 39	12
9 40	24
9 41	21
9 42	39
9 44	42
9 46	47
9 47	35
9 48	9
9 49	30
10 0	24
10 1	5
10 2	27
10 3	45
10 5	20
10 6	28
10 7	7
10 8	32
10 9	4
10 10	11
10 11	14
10 12	17
10 14	21
10 15	40
10 16	35
10 17	10
10 18	6
10 19	44
10 20	29
10 22	13
10 23	16
10 24	47
10 26	2
10 29	41
10 30	3
10 31	37
10 32	25
10 34	31
10 36	15
10 37	12
10 39	33
10 40	9
10 44	46
10 45	43
10 46	49
10 48	1
10 49	8
11 0	2
11 1	0
11 2	36
11 4	6
11 5	46
11 6	22
11 7	42
11 9	14
11 11	45
11 12	34
11 13	8
11 15	4
11 16	37
11 17	33
11 19	30
11 20	26
11 21	32
11 22	17
11 23	12
11 24	5
11 25	15
11 26	18
11 27	23
11 28	13
11 29	47
11 32	48
11 33	9
11 35	49
11 38	7
11 39	21
11 41	11
11 42	28
11 44	35
11 47	38
11 49	3
12 0	43
12 1	18
12 2	25
12 3	1
12 4	45
12 5	8
12 6	29
12 7	17
12 8	16
12 9	31
12 10	5
12 12	42
12 13	12
12 14	24
12 16	28
12 17	9
12 18	0
12 19	4
12 20	39
12 21	40
12 22	26
12 23	6
12 24	46
12 25	27
12 26	19
12 27	47
12 28	30
12 29	33
12 30	2
12 31	14
12 32	36
12 33	48
12 34	35
12 35	22
12 36	7
12 37	44
12 38	49
12 41	38
12 42	15
12 43	11
12 44	37
12 45	21
12 46	32
12 47	20
12 48	41
12 49	10
13 0	29
13 1	36
13 2	33
13 3	40
13 5	32
13 6	37
13 7	0
13 8	24
13 9	20
13 10	6
13 11	23
13 12	48
13 13	47
13 14	28
13 15	49
13 16	2
13 17	43
13 18	39
13 19	15
13 20	45
13 23	21
13 24	22
13 25	14
13 29	12
13 30	30
13 31	26
13 33	42
13 34	34
13 35	17
13 36	27
13 37	25
13 38	11
13 39	38
13 41	44
13 42	31
13 43	5
13 44	7
13 45	46
13 46	41
13 48	18
13 49	1
14 0	10
14 1	42
14 2	41
14 3	16
14 4	20
14 5	25
14 7	31
14 9	46
14 10	40
14 11	19
14 12	28
14 13	11
14 14	4
14 15	30
14 16	44
14 17	37
14 18	18
14 20	32
14 23	5
14 24	27
14 25	35
14 27	34
14 28	12
14 29	0
14 30	7
14 31	47
14 32	26
14 33	23
14 34	13
14 35	39
14 37	21
14 39	22
14 40	1
14 42	29
14 44	9
14 45	6
14 48	14
14 49	48
15 0	8
15 1	48
15 2	22
15 3	39
15 4	35
15 6	42
15 8	20
15 9	3
15 11	24
15 12	18
15 13	43
15 14	44
15 15	34
15 16	27
15 17	21
15 20	47
15 22	5
15 23	41
15 25	10
15 26	30
15 27	37
15 28	28
15 29	16
15 30	23
15 32	32
15 33	17
15 34	2
15 35	46
15 36	0
15 38	9
15 39	1
15 41	13
15 42	14
15 43	36
15 44	6
15 45	31
15 46	11
15 47	29
15 48	25
16 1	30
16 2	48
16 3	19
16 4	36
16 5	26
16 6	27
16 7	12
16 10	45
16 11	37
16 12	16
16 13	39
16 14	3
16 17	31
16 18	25
16 19	18
16 20	1
16 21	11
16 22	21
16 23	44
16 24	28
16 25	29
16 26	40
16 27	2
16 28	46
16 29	42
16 30	47
16 31	15
16 33	10
16 36	13
16 38	43
16 39	4
16 40	0
16 42	5
16 43	32
16 44	14
16 45	41
16 46	34
16 49	6
17 0	44
17 1	38
17 2	1
17 3	37
17 4	48
17 5	11
17 6	25
17 7	9
17 8	45
17 9	30
17 10	10
17 12	21
17 14	22
17 15	18
17 16	39
17 17	13
17 20	16
17 21	14
17 22	41
17 23	19
17 24	12
17 25	26
17 26	49
17 27	6
17 28	4
17 32	40
17 33	36
17 34	42
17 35	32
17 36	29
17 38	17
17 39	5
17 40	3
17 41	47
17 42	8
17 43	0
17 44	23
17 46	35
17 47	31
17 49	43
18 0	25
18 1	35
18 2	46
18 3	29
18 4	3
18 5	23
18 6	13
18 7	34
18 9	21
18 11	26
18 12	9
18 13	10
18 14	45
18 16	47
18 17	11
18 18	14
18 19	19
18 20	8
18 22	31
18 23	32
18 24	7
18 25	2
18 27	40
18 29	24
18 30	6
18 31	1
18 32	28
18 33	16
18 34	36
18 35	5
18 36	39
18 37	41
18 38	15
18 39	30
18 41	20
18 42	44
18 46	0
18 47	17
18 48	22
18 49	27
19 0	26
19 1	34
19 2	31
19 3	44
19 4	2
19 5	3
19 7	11
19 9	33
19 10	37
19 12	0
19 13	46
19 14	15
19 15	1
19 16	17
19 17	25
19 18	49
19 19	8
19 20	23
19 21	5
19 22	42
19 23	29
19 24	13
19 25	18
19 27	41
19 29	35
19 30	9
19 31	4
19 32	20
19 33	28
19 35	40
19 36	32
19 37	27
19 38	47
19 41	22
19 42	12
19 43	19
19 44	48
19 45	30
19 47	43
19 48	21
19 49	36
20 0	38
20 1	32
20 3	27
20 5	17
20 6	23
20 8	26
20 9	28
20 10	29
20 11	16
20 12	13
20 14	7
20 15	11
20 16	25
20 19	3
20 20	2
20 21	4
20 22	9
20 23	30
20 24	18
20 25	41
20 26	22
20 27	12
20 28	34
20 29	5
20 30	10
20 31	31
20 32	45
20 35	14
20 36	33
20 37	6
20 38	48
20 40	39
20 41	8
20 42	19
20 43	42
20 44	0
20 45	40
20 47	15
20 49	20
21 2	2
21 3	12
21 4	9
21 6	1
21 7	39
21 8	22
21 9	42
21 11	34
21 12	46
21 13	36
21 14	49
21 15	16
21 16	19
21 17	20
21 18	28
21 19	26
21 20	41
21 21	30
21 22	11
21 24	14
21 25	23
21 26	33
21 29	48
21 30	37
21 31	10
21 32	4
21 34	38
21 35	15
21 37	13
21 39	45
21 40	25
21 41	6
21 43	43
21 44	32
21 45	47
21 46	27
21 48	5
22 0	31
22 1	6
22 3	47
22 4	33
22 5	7
22 8	48
22 11	1
22 12	45
22 14	30
22 15	37
22 17	39
22 18	21
22 19	25
22 22	4
22 23	43
22 24	41
22 25	32
22 26	36
22 28	17
22 29	46
22 30	16
22 31	0
22 32	27
22 33	34
22 34	23
22 35	29
22 36	14
22 37	40
22 38	8
22 39	28
22 40	11
22 42	49
22 43	12
22 44	15
22 45	9
22 46	26
22 47	5
23 0	32
23 1	22
23 2	0
23 3	13
23 4	38
23 5	4
23 6	19
23 7	15
23 8	47
23 9	1
23 10	23
23 11	41
23 12	35
23 15	2
23 19	12
23 20	48
23 21	42
23 22	20
23 23	3
23 24	6
23 25	37
23 27	18
23 28	7
23 29	49
23 30	24
23 31	11
23 32	21
23 34	29
23 37	36
23 38	31
23 39	27
23 40	5
23 41	16
23 43	45
23 46	40
23 47	39
23 48	34
23 49	33
24 0	23
24 1	15
24 2	17
24 3	41
24 5	30
24 6	5
24 7	28
24 8	14
24 9	43
24 11	6
24 12	22
24 13	37
24 14	35
24 16	12
24 17	40
24 18	36
24 19	7
24 20	4
24 21	44
24 22	25
24 24	33
24 26	0
24 27	48
24 29	3
24 30	42
24 31	39
24 32	18
24 33	49
24 34	32
24 35	27
24 36	1
24 37	11
24 38	20
24 39	10
24 40	19
24 41	45
24 42	2
24 43	9
24 46	38
24 48	31
24 49	16
25 0	47
25 1	37
25 2	40
25 3	35
25 4	18
25 6	4
25 7	32
25 8	13
25 9	34
25 10	28
25 11	9
25 12	30
25 13	24
25 15	8
25 16	43
25 17	36
25 18	45
25 20	6
25 21	1
25 22	38
25 23	23
25 24	19
25 25	46
25 26	42
25 28	48
25 29	7
25 30	21
25 31	44
25 32	5
25 33	2
25 34	49
25 37	33
25 40	15
25 41	10
25 43	17
25 44	20
25 45	27
25 46	3
25 48	39
26 0	18
26 1	46
26 2	44
26 3	34
26 6	39
26 7	30
26 9	8
26 10	42
26 11	0
26 12	19
26 13	23
26 14	11
26 15	15
26 16	9
26 17	16
26 18	26
26 19	28
26 20	14
26 22	3
26 23	13
26 24	35
26 25	48
26 26	27
26 27	45
26 28	33
26 29	20
26 30	22
26 31	49
26 32	31
26 34	4
26 35	2
26 37	37
26 38	29
26 39	36
26 41	40
26 42	32
26 44	41
26 45	1
26 46	5
26 47	24
26 48	7
26 49	38
27 0	22
27 1	19
27 2	14
27 3	38
27 4	31
27 5	40
27 6	49
27 7	24
27 8	33
27 9	0
27 11	12
27 12	2
27 13	44
27 14	10
27 16	42
27 17	6
27 18	9
27 19	5
27 20	25
27 22	7
27 23	48
27 24	3
27 25	1
27 26	11
27 28	47
27 29	29
27 30	8
27 31	21
27 32	13
27 33	20
27 34	26
27 37	45
27 38	16
27 40	23
27 41	17
27 42	46
27 43	30
27 44	43
27 45	32
27 46	15
27 47	18
27 48	35
27 49	41
28 0	49
28 1	2
28 2	24
28 3	15
28 5	1
28 6	12
28 7	8
28 8	18
28 9	48
28 10	20
28 12	10
28 13	5
28 14	33
28 15	44
28 16	13
28 18	11
28 20	21
28 21	37
28 22	32
28 23	38
28 24	17
28 26	3
28 27	39
28 28	25
28 29	19
28 30	28
28 31	22
28 32	14
28 35	0
28 36	34
28 37	7
28 38	23
28 39	35
28 40	29
28 42	40
28 43	4
28 44	36
28 46	31
28 48	45
28 49	42
29 1	39
29 3	25
29 4	11
29 5	34
29 6	31
29 7	18
29 8	41
29 10	12
29 11	15
29 12	44
29 13	30
29 14	14
29 15	35
29 17	22
29 18	33
29 19	36
29 20	27
29 21	21
29 22	2
29 23	10
29 24	49
29 25	47
29 26	45
29 27	46
29 28	20
29 31	32
29 32	1
29 33	19
29 34	0
29 35	28
29 36	9
29 37	5
29 38	24
29 39	16
29 40	17
29 41	43
29 42	23
29 44	26
29 45	3
29 47	42
29 48	48
29 49	13
30 0	28
30 4	14
30 5	0
30 6	46
30 7	47
30 8	44
30 9	11
30 12	8
30 13	25
30 15	21
30 16	16
30 17	38
30 19	29
30 20	49
30 21	2
30 23	42
30 24	43
30 26	20
30 30	13
30 31	34
30 32	23
30 33	33
30 34	10
30 36	18
30 37	3
30 38	35
30 39	31
30 40	7
30 41	4
30 42	30
30 43	6
30 44	45
30 45	12
30 47	41
30 48	36
30 49	19
31 0	16
31 1	40
31 2	9
31 3	5
31 4	13
31 5	24
31 8	36
31 9	17
31 12	11
31 14	0
31 15	23
31 17	4
31 18	19
31 19	21
31 21	35
31 22	37
31 23	25
31 24	1
31 25	45
31 26	8
31 27	7
31 28	10
31 29	28
31 31	42
31 33	6
31 34	12
31 37	14
31 38	27
31 40	48
31 41	34
31 42	20
31 43	31
31 44	3
31 47	26
31 48	2
31 49	44
32 0	36
32 1	20
32 2	26
32 3	24
32 6	14
32 7	48
32 8	42
32 9	45
32 10	21
32 11	25
32 12	49
32 13	34
32 15	12
32 16	6
32 17	19
32 18	29
32 19	13
32 22	18
32 23	33
32 24	15
32 25	31
32 26	44
32 27	11
32 28	5
32 29	1
32 30	40
32 31	38
32 32	8
32 33	32
32 34	43
32 35	47
32 36	2
32 38	39
32 39	0
32 40	16
32 41	23
32 42	41
32 43	46
32 44	27
32 46	37
32 47	7
32 48	28
32 49	17
33 0	30
33 1	45
33 2	10
33 3	8
33 4	1
33 6	24
33 7	19
33 8	49
33 10	16
33 11	20
33 12	27
33 13	3
33 15	13
33 16	41
33 17	29
33 18	40
33 19	39
33 20	28
33 21	47
33 22	33
33 23	22
33 24	4
33 26	43
33 27	32
33 28	0
33 29	31
33 30	44
33 31	17
33 35	23
33 36	36
33 37	2
33 38	37
33 39	25
33 40	14
33 41	5
33 42	48
33 43	35
33 45	34
33 46	6
33 47	9
33 48	15
34 0	15
34 1	14
34 2	39
34 3	7
34 5	43
34 6	18
34 7	40
34 8	2
34 9	16
34 10	36
34 11	3
34 12	12
34 13	4
34 14	17
34 15	32
34 16	1
34 18	42
34 19	46
34 20	5
34 21	23
34 22	48
34 23	24
34 24	21
34 25	44
34 26	47
34 27	33
34 28	49
34 29	45
34 30	26
34 31	29
34 32	41
34 33	27
34 34	25
34 35	20
34 36	28
34 37	9
34 39	13
34 40	8
34 43	10
34 44	31
34 45	11
34 46	30
34 47	22
34 48	6
34 49	35
35 0	48
35 1	28
35 2	13
35 3	22
35 4	7
35 6	35
35 7	21
35 8	5
35 9	36
35 10	49
35 12	23
35 13	1
35 14	37
35 15	24
35 18	2
35 19	43
35 21	6
35 22	34
35 23	40
35 24	11
35 26	31
35 27	10
35 28	15
35 29	25
35 31	18
35 32	30
35 33	26
35 34	3
35 36	12
35 37	19
35 38	41
35 39	44
35 40	32
35 41	39
35 42	9
35 43	47
35 44	17
35 45	8
35 46	14
35 47	16
36 0	4
36 1	49
36 2	42
36 5	13
36 6	15
36 8	34
36 9	2
36 10	41
36 13	28
36 14	39
36 15	48
36 18	23
36 21	22
36 22	16
36 23	45
36 25	17
36 27	30
36 28	18
36 29	26
36 30	20
36 31	40
36 32	6
36 34	27
36 35	31
36 36	11
36 37	1
36 38	5
36 39	43
36 40	21
36 41	32
36 43	8
36 45	33
36 46	19
36 47	12
36 48	47
36 49	9
37 0	27
37 1	3
37 2	16
37 3	43
37 4	19
37 5	15
37 6	30
37 7	41
37 8	0
37 9	25
37 10	24
37 11	5
37 13	42
37 15	22
37 16	10
37 17	2
37 18	44
37 19	33
37 20	40
37 21	49
37 22	46
37 23	4
37 24	31
37 26	1
37 27	21
37 28	14
37 29	34
37 31	23
37 32	35
37 33	13
37 34	37
37 39	17
37 42	45
37 43	7
37 44	47
37 45	48
37 46	28
37 47	36
37 48	32
37 49	39
38 1	7
38 3	33
38 5	28
38 6	34
38 7	26
38 9	13
38 10	14
38 12	20
38 13	0
38 14	47
38 15	27
38 19	49
38 20	11
38 21	43
38 23	9
38 24	42
38 25	4
38 26	25
38 28	16
38 29	17
38 31	36
38 32	44
38 33	37
38 34	46
38 35	35
38 36	5
38 39	48
38 40	38
38 42	18
38 43	1
38 44	39
38 46	2
38 47	6
38 48	3
38 49	45
39 0	34
39 1	33
39 2	8
39 3	4
39 4	42
39 5	45
39 7	13
39 8	46
39 9	32
39 10	0
39 11	18
39 12	15
39 13	40
39 14	19
39 15	10
39 17	12
39 18	35
39 19	31
39 20	9
39 21	20
39 23	1
39 24	26
39 26	23
39 27	16
39 29	37
39 31	48
39 33	3
39 34	14
39 35	30
39 36	21
39 37	47
39 39	41
39 40	2
39 41	27
39 43	39
39 44	28
39 45	5
39 47	25
39 48	17
39 49	49
40 0	0
40 1	16
40 2	20
40 3	31
40 4	49
40 5	41
40 6	9
40 7	27
40 8	40
40 9	29
40 11	22
40 13	26
40 14	23
40 16	3
40 17	44
40 18	10
40 19	32
40 21	8
40 22	47
40 23	36
40 26	38
40 27	25
40 28	45
40 29	14
40 30	4
40 31	19
40 32	24
40 33	30
40 34	5
40 35	21
40 36	43
40 37	35
40 38	28
40 39	6
40 40	46
40 41	12
40 42	17
40 44	1
40 45	42
40 46	7
40 47	37
40 48	11
40 49	18
41 0	19
41 1	23
41 2	47
41 3	42
41 4	0
41 5	22
41 7	29
41 8	11
41 9	9
41 10	7
41 11	27
41 13	35
41 14	2
41 15	6
41 16	20
41 17	17
41 19	14
41 20	44
41 21	15
41 22	30
41 23	49
41 24	40
41 25	24
41 26	34
41 28	21
41 29	36
41 31	3
41 32	39
41 33	5
41 35	45
41 36	48
41 38	13
41 40	18
41 41	41
41 43	28
41 45	37
41 46	46
41 47	32
41 49	4
42 0	1
42 1	31
42 2	38
42 4	40
42 6	3
42 7	25
42 8	12
42 9	5
42 10	47
42 11	35
42 12	24
42 13	33
42 14	20
42 15	14
42 17	32
42 18	41
42 19	0
42 21	46
42 22	6
42 23	28
42 24	29
42 27	15
42 28	9
42 29	44
42 30	18
42 32	43
42 33	4
42 34	45
42 35	48
42 36	26
42 37	42
42 38	21
42 39	34
42 41	36
42 42	27
42 43	22
42 44	16
42 45	49
42 46	17
42 48	37
42 49	23
43 0	14
43 1	13
43 2	11
43 3	26
43 4	39
43 5	49
43 6	8
43 7	35
43 8	27
43 9	18
43 10	25
43 11	31
43 12	5
43 14	6
43 15	46
43 16	0
43 17	41
43 18	32
43 20	19
43 21	28
43 22	23
43 24	36
43 25	38
43 26	15
43 27	3
43 29	21
43 30	17
43 31	16
43 33	1
43 34	48
43 35	12
43 36	44
43 37	4
43 38	42
43 39	24
43 40	22
43 41	29
43 43	40
43 44	33
43 45	2
43 47	10
43 48	30
43 49	37
44 0	33
44 1	1
44 3	9
44 4	10
44 6	0
44 7	37
44 8	25
44 9	47
44 10	18
44 11	46
44 12	39
44 14	13
44 15	38
44 16	26
44 17	3
44 18	17
44 19	6
44 20	34
44 21	27
44 22	45
44 23	7
44 25	8
44 26	41
44 27	24
44 29	32
44 30	48
44 31	20
44 32	42
44 33	12
44 35	11
44 36	31
44 37	23
44 38	14
44 39	40
44 40	36
44 41	49
44 42	43
44 43	15
44 44	19
44 45	16
44 46	29
44 47	28
44 49	21
45 0	12
45 1	8
45 2	21
45 4	23
45 5	27
45 6	48
45 7	4
45 8	31
45 9	41
45 10	32
45 11	10
45 12	47
45 14	43
45 15	0
45 16	5
45 20	37
45 21	26
45 23	18
45 24	2
45 26	28
45 27	38
45 28	6
45 29	13
45 31	35
45 32	29
45 36	16
45 37	17
45 38	19
45 40	40
45 41	7
45 43	44
45 44	22
45 45	39
45 46	9
45 47	11
45 48	42
46 0	45
46 1	21
46 2	19
46 3	28
46 4	32
46 5	9
46 6	17
46 7	1
46 8	39
46 9	44
46 10	35
46 11	2
46 12	26
46 15	43
46 16	29
46 17	0
46 18	8
46 19	23
46 20	12
46 22	49
46 23	14
46 24	24
46 25	30
46 26	10
46 27	22
46 28	41
46 30	46
46 31	5
46 32	3
46 33	31
46 35	13
46 36	40
46 37	18
46 38	25
46 40	47
46 43	33
46 44	4
46 45	36
46 48	20
46 49	34
47 0	13
47 1	27
47 2	5
47 4	44
47 5	29
47 6	47
47 7	14
47 9	37
47 11	17
47 12	32
47 13	31
47 14	1
47 15	26
47 16	15
47 18	12
47 19	35
47 20	22
47 21	33
47 23	2
47 24	9
47 25	25
47 26	4
47 27	49
47 28	40
47 29	39
47 30	36
47 31	43
47 32	16
47 33	8
47 34	21
47 35	34
47 36	42
47 37	28
47 38	46
47 39	7
47 40	41
47 41	18
47 43	20
47 44	38
47 45	10
47 47	23
47 48	19
47 49	24
48 0	17
48 1	47
48 3	14
48 4	15
48 7	44
48 9	38
48 10	48
48 11	49
48 12	4
48 15	7
48 16	22
48 18	27
48 20	31
48 21	25
48 22	19
48 23	39
48 25	3
48 27	28
48 28	1
48 29	40
48 31	41
48 32	11
48 33	21
48 34	30
48 35	33
48 36	24
48 37	0
48 38	36
48 39	42
48 40	12
48 41	9
48 42	13
48 43	26
48 44	8
48 45	18
48 47	2
48 49	46
49 3	17
49 5	44
49 7	49
49 8	3
49 9	27
49 10	9
49 11	47
49 12	14
49 13	15
49 14	32
49 15	31
49 16	33
49 17	46
49 18	16
49 19	41
49 20	13
49 22	39
49 24	8
49 26	21
49 27	19
49 28	23
49 29	11
49 30	0
49 31	6
49 32	2
49 33	25
49 35	18
49 36	20
49 38	4
49 39	26
49 40	30
49 41	42
49 42	22
49 43	38
49 44	5
49 45	35
49 46	45
49 47	1
49 48	29
49 49	28
