50
0 0	37
0 4	46
0 9	43
0 10	26
0 12	24
0 13	9
0 16	34
0 19	4
0 22	45
0 27	12
0 28	6
0 30	14
0 31	2
0 32	49
0 34	17
0 35	18
0 41	44
0 45	32
0 46	7
0 49	31
1 2	25
1 5	36
1 9	23
1 10	28
1 12	46
1 19	10
1 21	16
1 36	39
1 38	34
1 47	3
1 48	11
2 4	41
2 5	33
2 8	17
2 9	29
2 12	1
2 13	2
2 23	32
2 25	37
2 28	39
2 40	42
3 3	48
3 4	8
3 5	31
3 10	46
3 12	22
3 13	24
3 14	39
3 16	21
3 22	47
3 26	32
3 27	36
3 28	23
3 29	12
3 31	9
3 34	35
3 36	28
3 46	11
3 47	26
3 49	34
4 5	5
4 9	9
4 14	31
4 17	10
4 23	47
4 29	8
4 30	48
4 33	14
4 34	32
4 41	23
4 42	13
4 48	37
4 49	42
5 0	44
5 5	35
5 11	34
5 12	40
5 14	17
5 17	5
5 20	18
5 21	33
5 22	16
5 23	23
5 24	13
5 30	38
5 31	26
5 32	28
5 38	15
5 45	4
5 48	31
6 2	5
6 5	11
6 10	27
6 11	21
6 14	2
6 16	10
6 17	9
6 19	30
6 20	0
6 26	23
6 32	1
6 33	16
6 35	29
6 36	34
6 40	22
6 47	39
6 48	43
7 0	45
7 3	33
7 20	28
7 28	7
7 35	43
7 38	8
7 42	32
7 43	31
7 45	21
7 47	23
8 3	17
8 6	13
8 15	43
8 22	14
8 24	26
8 29	34
8 32	8
8 34	22
8 42	38
9 2	30
9 3	21
9 4	5
9 5	27
9 7	45
9 8	25
9 15	1
9 20	6
9 26	31
9 30	13
9 34	7
9 36	36
9 37	15
9 39	11
9 41	32
9 42	46
9 44	12
10 16	38
10 17	23
10 18	27
10 19	21
10 24	41
10 30	16
10 31	24
10 32	33
10 33	0
10 35	3
10 38	28
10 40	11
10 41	8
10 46	31
10 48	2
11 4	13
11 5	8
11 9	37
11 15	18
11 16	27
11 30	46
11 38	5
11 40	32
11 47	28
11 48	25
12 1	44
12 4	34
12 6	22
12 7	4
12 8	37
12 9	28
12 29	46
12 32	29
12 33	47
12 36	32
12 43	27
12 46	13
13 5	4
13 9	8
13 12	30
13 19	35
13 24	6
13 27	13
13 30	9
13 33	41
13 36	38
13 42	14
13 43	36
13 44	49
13 47	22
13 48	3
13 49	5
14 11	14
14 18	1
14 19	44
14 20	26
14 21	32
14 24	45
14 26	24
14 27	23
14 28	36
14 31	27
14 33	49
14 39	30
14 47	29
14 49	16
15 0	39
15 1	46
15 3	29
15 4	31
15 5	41
15 7	20
15 8	19
15 16	8
15 23	24
15 25	35
15 26	27
15 29	18
15 30	10
15 32	16
15 33	15
15 41	0
15 45	5
15 46	6
16 3	10
16 4	0
16 6	11
16 7	34
16 16	23
16 17	48
16 18	31
16 21	21
16 22	39
16 27	33
16 31	18
16 33	30
16 39	7
16 40	16
16 48	42
17 2	32
17 5	14
17 8	49
17 9	26
17 10	37
17 16	25
17 17	47
17 18	12
17 23	7
17 27	5
17 30	8
17 31	48
17 32	9
17 38	40
17 45	15
17 46	34
17 47	13
17 49	2
18 0	18
18 1	35
18 2	22
18 8	11
18 9	4
18 11	43
18 13	19
18 30	41
18 33	24
18 42	40
18 45	47
18 47	48
19 0	28
19 2	11
19 6	26
19 11	9
19 13	29
19 17	31
19 18	20
19 22	36
19 24	17
19 28	22
19 29	10
19 31	6
19 34	16
19 37	30
19 43	32
19 44	33
20 0	2
20 2	13
20 16	45
20 17	46
20 18	39
20 19	26
20 33	29
20 38	9
20 40	28
20 42	34
20 47	8
20 48	44
21 0	33
21 2	29
21 5	47
21 6	19
21 7	35
21 8	26
21 13	27
21 17	40
21 18	4
21 20	42
21 22	22
21 25	8
21 26	21
21 28	32
21 29	6
21 30	20
21 32	36
21 35	38
21 36	7
21 44	11
21 45	18
21 48	49
22 1	14
22 4	16
22 7	39
22 8	30
22 9	45
22 10	19
22 14	11
22 17	6
22 18	36
22 21	38
22 25	27
22 26	42
22 32	31
22 33	44
22 35	21
22 37	2
22 44	17
22 45	9
22 46	3
23 0	22
23 9	47
23 12	38
23 13	7
23 18	6
23 21	14
23 22	40
23 23	36
23 27	21
23 32	2
23 34	34
23 40	4
23 43	28
23 45	13
24 5	44
24 8	22
24 14	15
24 16	6
24 24	25
24 27	48
24 31	5
24 35	49
24 37	7
24 38	4
24 48	46
24 49	30
25 0	10
25 2	43
25 7	17
25 9	7
25 14	23
25 16	46
25 22	13
25 24	11
25 30	42
25 36	33
25 37	49
25 45	36
25 46	35
25 47	40
26 0	35
26 1	6
26 4	23
26 6	12
26 9	2
26 10	11
26 12	17
26 14	25
26 16	42
26 19	46
26 20	1
26 23	9
26 24	22
26 26	14
26 31	30
26 32	26
26 37	48
26 39	45
27 1	10
27 3	22
27 4	32
27 8	5
27 13	34
27 16	33
27 24	2
27 25	46
27 26	43
27 28	1
27 30	11
27 36	8
27 38	27
27 39	20
27 40	29
27 46	4
27 48	48
27 49	0
28 6	14
28 10	45
28 13	46
28 15	35
28 16	43
28 25	38
28 32	0
28 34	13
28 36	15
28 41	31
28 46	26
29 0	29
29 1	25
29 2	9
29 5	23
29 7	8
29 14	41
29 22	33
29 26	15
29 29	42
29 41	46
29 43	5
29 47	18
29 48	38
29 49	49
30 2	31
30 3	12
30 5	10
30 7	32
30 15	8
30 17	36
30 19	11
30 30	23
30 31	41
30 35	42
30 40	37
30 42	49
30 45	22
30 48	29
30 49	26
31 1	38
31 10	30
31 18	8
31 19	6
31 21	23
31 23	37
31 30	19
31 37	35
31 39	21
31 41	27
31 42	28
31 45	10
31 46	17
31 48	24
32 1	16
32 2	48
32 3	38
32 7	19
32 8	47
32 11	46
32 15	31
32 17	11
32 18	0
32 21	22
32 25	21
32 26	5
32 29	27
32 33	6
32 39	12
32 43	10
32 46	36
32 48	34
33 0	42
33 5	18
33 8	12
33 12	14
33 14	43
33 15	16
33 19	13
33 30	6
33 33	40
33 34	8
33 36	45
33 41	9
33 47	49
34 1	29
34 10	4
34 12	45
34 13	36
34 14	37
34 15	25
34 20	14
34 22	1
34 29	43
34 30	17
34 32	10
34 33	23
34 35	31
34 36	3
34 47	44
34 48	33
35 1	22
35 5	0
35 7	49
35 8	2
35 9	19
35 10	13
35 13	11
35 18	15
35 19	45
35 22	25
35 26	33
35 27	28
35 30	35
35 35	48
35 38	3
35 41	43
35 42	31
35 43	12
35 45	7
35 46	38
36 2	37
36 3	16
36 9	25
36 13	17
36 16	22
36 20	13
36 24	18
36 26	41
36 30	21
36 31	31
36 32	23
36 35	20
36 40	43
36 47	2
36 49	8
37 3	28
37 5	6
37 10	22
37 15	30
37 18	25
37 19	15
37 22	35
37 24	34
37 29	49
37 31	36
37 32	45
37 33	8
37 34	9
37 35	10
37 41	13
37 44	29
37 48	16
38 7	13
38 8	34
38 11	42
38 15	10
38 21	1
38 23	41
38 25	28
38 26	12
38 36	48
38 38	38
38 47	20
38 48	35
38 49	3
39 1	42
39 2	35
39 7	23
39 8	8
39 14	28
39 19	36
39 20	27
39 21	47
39 22	30
39 23	48
39 25	5
39 28	31
39 29	40
39 31	43
39 33	3
39 34	2
39 36	29
39 39	14
39 43	46
39 44	0
39 47	6
39 49	38
40 3	40
40 4	26
40 15	33
40 18	13
40 21	49
40 23	20
40 27	1
40 32	12
40 34	48
40 38	24
40 42	18
40 43	41
40 48	36
40 49	39
41 1	9
41 6	0
41 7	6
41 9	33
41 14	5
41 16	37
41 17	41
41 19	1
41 23	8
41 26	13
41 28	2
41 32	42
41 34	23
41 39	38
41 47	27
42 1	43
42 3	34
42 7	10
42 12	42
42 13	28
42 17	32
42 18	46
42 19	27
42 20	8
42 21	44
42 24	20
42 26	2
42 29	33
42 30	24
42 36	37
42 37	13
42 44	22
42 48	45
43 15	27
43 18	10
43 19	23
43 24	16
43 25	34
43 31	3
43 34	21
43 37	19
43 42	37
43 48	9
44 2	26
44 6	28
44 7	37
44 15	9
44 25	49
44 26	34
44 27	10
44 28	16
44 29	23
44 30	29
44 42	48
44 46	12
45 1	23
45 6	35
45 11	6
45 15	45
45 18	5
45 28	26
45 34	33
45 38	43
45 40	14
45 44	48
45 45	44
45 49	21
46 2	15
46 3	14
46 4	49
46 6	37
46 7	28
46 8	44
46 16	9
46 21	8
46 22	42
46 26	35
46 27	27
46 32	47
46 40	7
46 43	1
46 47	21
46 48	20
47 3	39
47 6	1
47 7	43
47 8	32
47 14	27
47 15	40
47 16	47
47 17	8
47 20	25
47 21	45
47 24	7
47 25	44
47 28	18
47 35	2
47 41	30
47 43	6
47 46	20
47 49	29
48 0	38
48 5	7
48 8	13
48 9	21
48 10	23
48 18	30
48 21	25
48 22	2
48 24	14
48 25	9
48 31	10
48 38	16
48 44	24
48 47	46
49 0	8
49 1	48
49 2	46
49 3	26
49 12	11
49 13	14
49 18	7
49 21	10
49 32	30
49 37	33
49 38	44
49 43	25
49 44	38
49 45	49
49 48	17
49 49	47
