50
0 0	36
0 1	6
0 5	45
0 9	44
0 11	35
0 12	19
0 13	33
0 16	17
0 22	1
0 25	16
0 28	39
0 30	47
0 32	11
0 37	3
0 38	8
0 40	0
0 42	5
0 43	46
0 48	49
1 7	22
1 19	28
1 20	18
1 24	49
1 25	43
1 26	3
1 30	14
1 32	4
1 33	6
1 37	20
1 46	9
1 47	30
2 1	24
2 3	10
2 7	31
2 8	27
2 11	13
2 12	46
2 16	5
2 22	2
2 23	12
2 24	35
2 26	33
2 27	7
2 31	21
2 32	18
2 36	48
2 38	20
2 40	47
2 41	30
3 1	17
3 4	26
3 6	16
3 13	4
3 18	30
3 20	29
3 21	47
3 22	31
3 25	37
3 28	46
3 29	23
3 36	20
3 40	33
3 43	28
3 45	9
3 48	34
4 10	25
4 12	31
4 14	10
4 17	40
4 23	6
4 24	16
4 46	0
4 47	23
5 3	25
5 4	5
5 7	24
5 8	35
5 9	41
5 14	39
5 16	2
5 24	38
5 26	36
5 27	28
5 33	42
5 39	49
5 40	18
6 4	20
6 12	14
6 13	24
6 20	6
6 22	47
6 26	12
6 32	9
6 33	38
6 43	26
6 47	16
6 48	28
7 0	8
7 1	9
7 2	30
7 6	34
7 7	41
7 8	31
7 17	21
7 18	43
7 23	13
7 25	14
7 27	10
7 28	36
7 29	4
7 30	24
7 31	44
7 33	20
7 35	45
7 36	39
7 38	1
7 40	28
7 46	5
8 2	12
8 5	3
8 13	11
8 14	4
8 27	6
8 29	22
8 30	45
8 43	21
8 45	28
8 46	23
8 49	5
9 1	47
9 3	44
9 4	0
9 14	23
9 15	7
9 20	22
9 23	18
9 25	17
9 26	42
9 32	40
9 33	19
9 40	9
9 41	10
9 44	31
9 46	39
10 1	36
10 2	35
10 9	17
10 10	31
10 16	7
10 18	29
10 23	25
10 25	1
10 27	13
10 31	11
10 33	27
10 36	18
10 37	48
10 40	14
10 41	41
10 44	39
10 46	40
11 1	41
11 4	17
11 7	27
11 10	29
11 21	25
11 22	43
11 24	24
11 25	0
11 28	9
11 29	13
11 36	12
11 37	1
11 43	32
11 44	4
11 45	22
11 46	3
11 47	46
11 48	31
12 3	26
12 4	37
12 10	7
12 11	20
12 12	27
12 18	44
12 19	48
12 20	4
12 21	22
12 23	32
12 24	10
12 28	40
12 29	15
12 31	6
12 34	16
13 1	20
13 6	23
13 9	47
13 11	18
13 12	11
13 13	17
13 17	32
13 18	42
13 19	33
13 23	48
13 27	45
13 29	49
13 38	6
13 40	25
13 43	15
13 44	12
13 46	44
13 47	41
13 48	29
13 49	27
14 1	25
14 2	8
14 4	38
14 5	14
14 9	37
14 12	47
14 18	27
14 21	40
14 22	16
14 27	39
14 28	34
14 31	18
14 32	24
14 34	30
14 36	44
14 38	43
14 40	32
14 47	9
14 48	41
15 5	10
15 8	1
15 9	11
15 10	16
15 17	13
15 18	21
15 19	24
15 26	32
15 27	33
15 32	5
15 33	12
15 35	49
15 46	45
16 6	13
16 9	18
16 12	29
16 13	28
16 15	35
16 18	4
16 26	30
16 27	41
16 29	31
16 32	26
16 34	7
16 36	32
16 39	17
16 41	46
17 3	14
17 7	33
17 8	38
17 9	19
17 12	40
17 13	41
17 20	36
17 22	8
17 25	39
17 27	42
17 31	31
17 34	0
17 35	22
17 36	34
17 41	26
17 43	6
17 45	37
17 47	2
17 48	25
18 2	42
18 6	4
18 9	26
18 16	40
18 29	39
18 35	0
18 37	45
18 44	28
18 45	48
18 47	44
18 48	18
19 1	22
19 6	17
19 13	37
19 14	8
19 15	0
19 16	9
19 20	31
19 25	11
19 27	32
19 29	41
19 31	5
19 38	28
19 39	46
19 40	49
19 42	42
19 44	10
20 5	30
20 8	28
20 13	2
20 16	6
20 20	49
20 26	46
20 35	20
20 36	38
20 38	19
20 39	43
20 40	48
20 41	1
20 42	24
20 45	32
20 48	11
21 7	42
21 10	27
21 13	19
21 16	23
21 17	17
21 19	11
21 28	12
21 30	22
21 34	41
21 36	15
21 37	28
21 40	40
21 43	10
21 48	39
21 49	7
22 1	19
22 8	29
22 19	20
22 21	48
22 23	14
22 24	1
22 31	23
22 35	39
22 38	32
22 41	49
22 42	21
22 47	31
23 7	6
23 8	12
23 11	30
23 12	0
23 13	18
23 14	11
23 16	34
23 17	22
23 22	35
23 24	17
23 27	37
23 28	13
23 29	2
23 33	5
23 39	24
23 44	41
23 49	26
24 0	40
24 1	30
24 2	23
24 6	14
24 7	25
24 12	44
24 15	17
24 17	15
24 20	48
24 23	3
24 25	9
24 37	39
24 43	19
24 47	21
25 1	37
25 2	13
25 7	16
25 19	17
25 24	33
25 25	28
25 26	24
25 27	40
25 29	45
25 31	49
25 38	42
25 39	3
25 40	29
25 44	43
25 47	32
26 10	43
26 12	42
26 14	29
26 16	45
26 17	0
26 19	21
26 23	22
26 26	49
26 28	31
26 32	2
26 33	47
26 35	46
26 40	1
26 42	39
26 48	20
27 6	5
27 10	30
27 12	17
27 13	26
27 15	12
27 19	16
27 20	11
27 21	14
27 22	38
27 27	22
27 28	49
27 31	19
27 33	7
27 36	21
27 40	2
27 42	28
27 44	23
27 49	44
28 0	39
28 6	43
28 10	5
28 11	48
28 15	29
28 16	24
28 20	25
28 25	40
28 29	8
28 35	47
28 36	33
28 37	17
28 45	4
28 46	35
28 49	6
29 1	7
29 10	10
29 15	46
29 19	30
29 20	2
29 21	20
29 22	48
29 25	35
29 26	22
29 29	43
29 30	6
29 42	36
29 45	23
29 49	37
30 0	11
30 5	19
30 9	24
30 14	34
30 17	47
30 19	42
30 21	38
30 22	49
30 24	26
30 26	15
30 31	0
30 32	10
30 36	27
30 39	41
30 40	21
30 42	48
30 43	12
30 44	46
31 4	23
31 7	48
31 9	5
31 10	1
31 11	26
31 20	21
31 22	29
31 23	38
31 24	41
31 31	27
31 34	25
31 41	9
31 47	47
32 0	6
32 3	20
32 5	32
32 9	23
32 12	12
32 14	26
32 16	29
32 18	39
32 23	1
32 31	40
32 33	13
32 38	25
32 40	46
32 47	35
33 8	40
33 9	16
33 14	14
33 22	17
33 30	9
33 35	48
33 40	26
34 0	17
34 2	11
34 3	41
34 7	23
34 8	4
34 10	34
34 11	22
34 15	33
34 20	37
34 21	29
34 29	14
34 31	32
34 33	18
34 38	2
34 41	42
34 46	19
34 47	28
34 49	43
35 0	20
35 5	47
35 13	6
35 14	36
35 15	22
35 16	30
35 19	38
35 26	31
35 27	26
35 29	25
35 31	28
35 41	45
35 43	9
36 1	2
36 9	46
36 12	6
36 18	40
36 22	26
36 24	48
36 26	14
36 29	16
36 31	34
36 32	38
36 42	35
36 46	15
36 47	5
36 48	22
37 4	13
37 6	11
37 8	24
37 12	37
37 17	42
37 19	46
37 20	1
37 24	5
37 25	29
37 27	47
37 30	49
37 31	25
37 42	40
38 0	43
38 1	39
38 7	11
38 9	9
38 10	28
38 11	21
38 19	41
38 21	44
38 23	40
38 24	12
38 27	49
38 28	24
38 29	3
38 30	5
38 32	31
38 35	37
38 36	1
38 43	0
38 44	26
38 45	10
38 48	35
38 49	13
39 3	4
39 14	45
39 16	38
39 20	17
39 22	19
39 23	36
39 30	29
39 39	23
39 41	40
39 45	31
39 48	21
39 49	1
40 1	4
40 2	6
40 4	35
40 9	42
40 14	5
40 21	7
40 32	8
40 37	13
40 39	32
40 44	30
40 46	11
40 47	49
40 48	10
41 1	11
41 2	16
41 7	1
41 11	37
41 13	0
41 15	21
41 17	29
41 25	49
41 26	23
41 32	35
41 33	34
41 34	31
41 37	27
41 40	5
41 42	10
41 44	48
42 0	38
42 2	29
42 5	28
42 6	12
42 13	34
42 21	2
42 24	40
42 26	0
42 31	37
42 32	25
42 33	9
42 34	49
42 36	26
42 46	24
42 49	22
43 4	21
43 5	15
43 7	2
43 17	41
43 20	45
43 23	31
43 24	46
43 29	1
43 30	44
43 31	17
43 44	49
43 48	5
44 2	49
44 4	12
44 5	11
44 11	19
44 14	33
44 19	31
44 21	28
44 22	23
44 23	0
44 25	41
44 27	21
44 29	9
44 37	42
44 40	16
44 41	3
44 44	29
44 46	13
44 48	24
44 49	4
45 1	18
45 10	26
45 11	49
45 18	14
45 20	15
45 22	37
45 23	43
45 27	11
45 35	38
45 41	35
45 43	47
45 44	0
45 49	10
46 0	12
46 2	7
46 13	9
46 14	17
46 16	43
46 23	26
46 28	41
46 29	19
46 30	23
46 38	44
46 39	2
46 41	29
46 43	14
46 44	33
46 46	30
46 48	48
46 49	47
47 0	19
47 4	42
47 9	29
47 12	21
47 16	4
47 17	48
47 19	27
47 20	41
47 22	11
47 23	8
47 25	6
47 33	33
47 36	43
47 37	12
47 41	28
47 43	17
48 2	28
48 6	30
48 11	29
48 13	16
48 15	44
48 16	32
48 18	3
48 20	40
48 24	23
48 26	48
48 27	5
48 30	1
48 35	41
48 36	24
48 45	8
49 1	27
49 2	41
49 3	49
49 8	16
49 25	38
49 26	5
49 31	15
49 32	6
49 34	10
49 38	39
49 43	43
49 44	3
49 47	14
49 49	21
