50
0 0	18
0 2	13
0 3	31
0 6	1
0 8	8
0 9	12
0 12	16
0 13	41
0 15	29
0 16	4
0 23	2
0 25	45
0 28	24
0 29	42
0 30	35
0 31	28
0 34	6
0 36	9
0 37	14
0 40	39
0 47	20
1 0	9
1 1	11
1 2	6
1 3	18
1 9	38
1 12	1
1 14	46
1 29	2
1 30	12
1 32	41
1 33	34
1 43	14
1 45	23
1 47	19
2 6	36
2 7	10
2 8	39
2 10	11
2 12	38
2 13	12
2 14	18
2 15	30
2 23	14
2 29	16
2 30	25
2 36	24
2 37	26
2 40	2
2 43	7
2 45	29
3 4	31
3 5	49
3 6	19
3 7	3
3 12	44
3 14	11
3 15	42
3 19	23
3 21	8
3 22	21
3 23	25
3 26	15
3 31	29
3 34	27
3 35	47
3 36	0
3 37	36
3 38	41
3 39	13
3 40	7
3 41	39
3 43	33
3 46	32
3 49	40
4 2	49
4 3	9
4 9	17
4 14	13
4 15	8
4 16	32
4 17	6
4 18	36
4 19	34
4 21	19
4 24	33
4 26	20
4 32	46
4 36	16
4 37	43
4 40	4
4 44	27
4 48	23
4 49	41
5 4	48
5 6	26
5 9	0
5 14	37
5 15	17
5 17	31
5 19	7
5 20	12
5 23	22
5 24	16
5 28	29
5 29	24
5 31	35
5 34	18
5 37	44
5 38	49
5 39	30
5 40	43
5 42	15
5 44	11
5 46	34
6 2	17
6 3	1
6 8	47
6 10	49
6 11	8
6 18	40
6 21	16
6 25	23
6 29	18
6 32	30
6 37	9
6 41	24
6 43	26
6 47	10
6 48	38
6 49	3
7 3	46
7 10	28
7 13	48
7 18	31
7 21	38
7 23	41
7 28	0
7 29	45
7 30	15
7 33	49
7 34	8
7 35	18
7 43	30
7 44	10
7 48	26
7 49	11
8 0	43
8 2	26
8 3	40
8 6	3
8 7	41
8 9	27
8 12	47
8 16	5
8 18	28
8 19	32
8 20	44
8 23	31
8 27	8
8 35	10
8 37	4
8 39	22
8 44	39
8 46	33
8 47	45
8 48	37
9 0	24
9 1	7
9 3	16
9 5	46
9 7	17
9 10	23
9 15	18
9 16	11
9 18	25
9 19	35
9 21	14
9 23	47
9 26	34
9 32	28
9 33	31
9 34	40
9 36	6
9 38	3
9 39	2
9 40	12
9 46	37
9 47	1
9 48	27
10 0	22
10 2	3
10 11	9
10 12	26
10 13	29
10 14	49
10 15	41
10 18	21
10 19	13
10 20	6
10 22	23
10 25	20
10 38	37
10 42	11
10 43	28
10 44	31
10 45	17
10 48	43
11 1	46
11 3	37
11 4	34
11 6	30
11 9	26
11 12	39
11 25	28
11 29	31
11 31	19
11 34	47
11 35	8
11 37	0
11 39	18
11 42	16
11 45	11
11 47	29
12 0	16
12 1	12
12 2	28
12 4	7
12 7	4
12 9	47
12 10	17
12 12	43
12 13	31
12 14	5
12 15	22
12 17	45
12 18	13
12 19	25
12 20	18
12 24	27
12 25	2
12 27	3
12 28	6
12 29	11
12 30	38
12 31	8
12 32	19
12 34	48
12 39	21
12 41	46
12 42	9
12 44	1
12 46	0
12 47	37
13 0	38
13 1	19
13 2	18
13 4	46
13 6	12
13 10	43
13 11	34
13 13	33
13 14	14
13 16	24
13 17	32
13 18	20
13 21	39
13 26	37
13 27	23
13 28	4
13 30	10
13 36	49
13 37	3
13 39	44
13 45	15
13 46	27
14 1	1
14 3	23
14 4	20
14 5	35
14 11	47
14 12	48
14 14	3
14 15	46
14 16	0
14 17	13
14 18	7
14 20	9
14 21	18
14 23	43
14 27	10
14 29	19
14 32	38
14 36	30
14 38	24
14 39	41
14 43	36
14 44	21
15 0	45
15 6	15
15 7	8
15 10	38
15 11	26
15 13	21
15 15	36
15 16	42
15 17	16
15 21	20
15 23	35
15 28	46
15 32	44
15 34	2
15 35	19
15 38	4
15 40	31
15 46	49
15 48	11
16 0	1
16 4	42
16 7	46
16 11	4
16 16	12
16 17	3
16 24	18
16 28	40
16 29	13
16 30	24
16 33	47
16 35	0
16 36	11
16 38	20
16 40	29
16 42	49
16 47	23
17 4	36
17 13	45
17 14	22
17 16	26
17 17	8
17 19	30
17 26	49
17 29	35
17 35	29
17 37	16
17 44	23
17 47	21
17 48	24
17 49	38
18 1	25
18 5	1
18 7	24
18 9	48
18 10	41
18 14	9
18 15	49
18 16	47
18 20	14
18 24	43
18 27	38
18 28	3
18 30	13
18 32	23
18 36	5
18 37	27
18 39	0
18 45	16
18 47	39
18 49	17
19 0	26
19 4	29
19 7	12
19 8	36
19 9	32
19 10	6
19 12	20
19 15	48
19 18	18
19 20	28
19 25	25
19 31	0
19 32	43
19 33	5
19 40	27
19 45	10
19 48	1
19 49	46
20 4	3
20 11	11
20 12	18
20 14	45
20 16	10
20 17	47
20 18	5
20 19	49
20 26	0
20 30	8
20 31	26
20 33	36
20 36	20
20 39	28
20 40	34
20 42	25
20 43	46
20 45	19
20 47	9
21 5	24
21 7	11
21 12	9
21 15	40
21 16	21
21 20	26
21 23	48
21 24	22
21 26	8
21 27	19
21 37	5
21 38	39
21 40	15
21 41	44
21 42	30
21 44	41
21 48	20
22 0	30
22 2	31
22 5	28
22 10	36
22 11	35
22 12	4
22 15	21
22 17	49
22 19	18
22 22	10
22 27	0
22 28	34
22 29	43
22 30	47
22 31	16
22 33	20
22 34	17
22 35	9
22 37	32
22 40	25
22 41	14
22 44	12
22 46	11
22 49	6
23 3	3
23 5	38
23 11	18
23 18	15
23 19	31
23 23	20
23 24	42
23 26	35
23 28	5
23 35	44
23 36	27
23 37	34
23 44	46
23 46	19
23 47	36
23 48	40
24 10	22
24 13	44
24 14	12
24 18	43
24 20	29
24 25	39
24 29	26
24 31	11
24 37	24
24 40	30
24 42	27
24 46	6
24 48	3
25 0	25
25 1	41
25 3	21
25 10	32
25 11	1
25 15	20
25 20	17
25 22	43
25 25	30
25 27	15
25 28	39
25 29	22
25 31	12
25 32	48
25 33	6
25 36	18
25 37	38
25 38	45
25 39	7
25 40	46
25 41	29
25 45	0
25 46	40
25 47	26
25 49	35
26 1	21
26 2	46
26 8	30
26 10	3
26 14	16
26 15	0
26 17	12
26 18	10
26 22	18
26 23	34
26 25	41
26 26	31
26 27	9
26 34	32
26 35	39
26 36	13
26 37	42
26 38	1
26 40	20
26 46	4
26 48	48
27 2	24
27 5	14
27 7	20
27 9	13
27 11	37
27 13	0
27 21	30
27 26	4
27 28	19
27 33	39
27 36	32
27 38	7
27 39	10
27 45	48
27 46	18
27 47	41
28 0	34
28 5	7
28 6	39
28 7	0
28 8	22
28 9	42
28 13	28
28 17	48
28 19	5
28 20	31
28 25	9
28 26	11
28 28	2
28 32	21
28 33	27
28 35	26
28 36	17
28 37	49
28 40	3
28 44	29
28 45	44
28 47	25
28 49	45
29 3	22
29 11	27
29 13	2
29 18	46
29 19	4
29 20	0
29 22	47
29 29	9
29 30	18
29 31	3
29 36	25
29 39	39
29 41	13
29 43	20
29 48	16
30 6	47
30 7	31
30 11	6
30 12	21
30 13	4
30 16	2
30 18	14
30 19	15
30 20	8
30 21	49
30 23	30
30 24	23
30 26	25
30 29	0
30 30	7
30 31	46
30 41	36
30 42	24
30 46	17
30 47	32
30 48	29
31 1	4
31 2	11
31 4	14
31 5	16
31 13	30
31 16	38
31 21	34
31 22	28
31 24	10
31 25	6
31 26	46
31 27	7
31 30	21
31 34	45
31 35	36
31 36	33
31 38	22
31 41	12
31 43	48
31 47	24
31 49	23
32 0	14
32 1	5
32 2	38
32 10	47
32 13	25
32 14	23
32 15	35
32 16	20
32 17	44
32 20	30
32 22	8
32 23	39
32 34	0
32 36	19
32 37	12
32 38	13
32 42	28
32 43	4
32 46	26
33 0	0
33 2	21
33 8	1
33 9	40
33 11	31
33 12	46
33 13	5
33 14	6
33 15	9
33 16	16
33 17	38
33 18	23
33 20	49
33 22	36
33 25	32
33 28	8
33 31	24
33 32	18
33 33	28
33 37	29
33 40	37
33 42	45
33 45	33
33 46	3
33 49	27
34 0	42
34 2	10
34 5	44
34 6	40
34 9	9
34 10	2
34 11	28
34 12	32
34 13	8
34 14	19
34 16	34
34 17	39
34 18	0
34 19	3
34 20	11
34 21	7
34 24	6
34 27	48
34 31	15
34 34	16
34 37	18
34 42	46
34 44	25
34 46	20
34 48	13
35 2	14
35 4	40
35 5	12
35 6	13
35 7	44
35 8	23
35 12	41
35 13	47
35 14	43
35 21	32
35 24	19
35 26	10
35 29	33
35 33	0
35 34	39
35 39	37
35 40	24
35 43	2
35 46	1
35 49	7
36 2	9
36 12	17
36 14	47
36 18	3
36 21	5
36 22	44
36 24	48
36 31	45
36 34	24
36 35	11
36 36	15
36 37	10
36 39	31
36 45	21
36 47	7
37 0	20
37 4	44
37 7	49
37 10	31
37 13	43
37 16	9
37 22	7
37 24	26
37 25	8
37 28	21
37 30	11
37 31	33
37 36	40
37 39	47
37 42	17
37 43	1
37 45	6
37 49	42
38 0	6
38 3	26
38 6	4
38 7	36
38 8	44
38 16	33
38 19	20
38 20	13
38 21	12
38 22	19
38 24	31
38 26	23
38 28	9
38 33	24
38 35	30
38 36	3
38 40	14
38 49	28
39 0	3
39 2	43
39 4	6
39 12	45
39 14	2
39 15	7
39 17	20
39 18	41
39 19	21
39 20	15
39 21	27
39 22	14
39 24	9
39 26	26
39 28	36
39 31	30
39 34	31
39 35	4
39 37	37
39 38	25
39 42	13
39 44	33
39 45	18
39 47	22
40 1	0
40 2	45
40 5	25
40 12	23
40 13	42
40 14	34
40 15	16
40 16	14
40 17	17
40 18	47
40 19	44
40 24	38
40 30	29
40 31	37
40 32	36
40 37	33
40 38	8
40 39	24
40 42	3
40 43	27
40 46	12
40 47	35
40 48	6
40 49	9
41 0	7
41 5	21
41 7	16
41 9	39
41 13	17
41 14	20
41 19	38
41 22	40
41 24	0
41 25	13
41 28	45
41 29	47
41 31	18
41 34	49
41 38	5
41 39	8
41 40	33
41 42	19
41 44	35
41 47	2
42 0	44
42 1	49
42 2	1
42 10	42
42 11	30
42 16	41
42 18	4
42 20	34
42 25	15
42 26	16
42 29	46
42 30	48
42 34	38
42 37	2
42 38	31
42 40	45
42 41	37
42 43	32
43 6	31
43 7	15
43 10	8
43 12	25
43 13	23
43 14	38
43 17	40
43 18	17
43 22	0
43 23	37
43 24	24
43 25	1
43 26	9
43 29	41
43 38	16
43 39	45
43 42	4
43 44	2
43 45	47
43 48	12
44 1	35
44 3	4
44 5	27
44 6	11
44 7	9
44 9	44
44 11	14
44 12	24
44 14	15
44 16	46
44 17	0
44 18	42
44 22	39
44 23	45
44 26	32
44 27	12
44 30	5
44 31	25
44 34	23
44 35	3
44 36	2
44 37	7
44 38	26
44 41	34
44 47	48
44 48	31
44 49	20
45 3	29
45 4	27
45 6	9
45 7	30
45 12	7
45 15	15
45 18	32
45 21	10
45 22	1
45 26	44
45 28	41
45 30	34
45 31	4
45 33	42
45 38	36
45 39	17
45 42	37
45 48	39
45 49	16
46 1	20
46 3	33
46 9	2
46 11	19
46 13	3
46 14	17
46 15	23
46 16	1
46 17	24
46 18	39
46 20	36
46 22	27
46 23	0
46 29	21
46 32	42
46 33	25
46 34	7
46 41	26
46 43	11
46 45	28
46 47	31
47 0	2
47 2	47
47 4	12
47 6	37
47 9	45
47 12	0
47 13	32
47 14	10
47 15	24
47 16	19
47 18	22
47 21	26
47 22	4
47 25	42
47 28	38
47 29	25
47 30	43
47 32	31
47 33	44
47 35	23
47 39	16
47 47	40
47 48	5
48 0	5
48 2	32
48 4	30
48 5	6
48 7	42
48 9	25
48 10	7
48 11	2
48 15	47
48 17	4
48 19	45
48 22	48
48 23	3
48 24	20
48 25	27
48 26	12
48 32	22
48 33	46
48 39	14
48 40	18
48 42	29
48 43	39
48 45	37
48 46	9
48 49	13
49 4	24
49 7	26
49 8	14
49 11	7
49 13	1
49 20	46
49 21	6
49 22	34
49 23	8
49 24	44
49 25	38
49 26	47
49 27	17
49 30	16
49 31	23
49 32	35
49 36	10
49 38	19
49 39	33
49 41	20
49 42	21
49 47	27
