50
0 0	3
0 1	12
0 3	45
0 4	41
0 5	18
0 6	2
0 7	19
0 8	1
0 11	6
0 12	33
0 13	4
0 15	35
0 17	40
0 19	8
0 20	23
0 21	20
0 22	38
0 27	28
0 28	31
0 29	49
0 30	24
0 31	48
0 32	7
0 35	32
0 36	26
0 40	39
0 41	43
0 42	36
0 43	5
0 44	21
0 46	11
0 47	47
0 48	27
1 0	17
1 1	41
1 2	24
1 3	22
1 4	36
1 5	35
1 9	28
1 11	34
1 12	5
1 13	29
1 15	15
1 17	27
1 18	13
1 19	26
1 20	7
1 21	40
1 22	6
1 23	16
1 24	11
1 25	9
1 26	37
1 27	43
1 29	31
1 30	19
1 31	10
1 32	46
1 33	33
1 34	30
1 35	8
1 36	32
1 37	2
1 38	23
1 39	49
1 40	18
1 41	44
1 44	12
1 47	1
1 48	4
2 0	22
2 2	27
2 3	14
2 4	38
2 5	36
2 6	39
2 7	28
2 8	21
2 9	10
2 11	11
2 12	42
2 13	26
2 14	24
2 15	40
2 16	32
2 21	23
2 22	5
2 24	9
2 25	33
2 29	4
2 31	46
2 32	44
2 33	13
2 36	31
2 37	3
2 38	48
2 40	35
2 42	34
2 43	49
2 47	16
2 48	30
2 49	12
3 0	31
3 3	1
3 4	47
3 5	5
3 6	25
3 8	8
3 12	13
3 14	3
3 15	36
3 17	19
3 18	20
3 19	38
3 20	22
3 22	16
3 23	23
3 25	15
3 26	26
3 27	21
3 30	29
3 31	18
3 32	37
3 33	48
3 34	2
3 35	7
3 36	35
3 39	34
3 40	11
3 42	0
3 44	46
3 45	27
3 49	24
4 1	39
4 2	47
4 4	13
4 5	41
4 6	20
4 10	11
4 11	28
4 12	3
4 13	19
4 15	1
4 17	36
4 18	23
4 19	16
4 20	44
4 21	26
4 22	7
4 23	43
4 25	38
4 26	9
4 27	10
4 28	24
4 29	34
4 30	35
4 31	42
4 32	49
4 33	4
4 34	37
4 38	2
4 39	27
4 43	45
4 44	17
4 45	12
4 47	15
4 48	8
5 1	15
5 2	6
5 3	23
5 4	33
5 5	24
5 7	44
5 8	36
5 9	39
5 12	20
5 13	27
5 14	32
5 17	5
5 18	8
5 20	0
5 21	21
5 23	42
5 24	45
5 25	14
5 27	26
5 28	19
5 29	25
5 30	43
5 32	2
5 33	35
5 35	46
5 38	30
5 40	4
5 43	48
5 47	29
5 49	49
6 1	4
6 3	24
6 4	26
6 5	29
6 6	30
6 8	16
6 9	9
6 10	13
6 12	47
6 16	25
6 17	12
6 18	36
6 19	19
6 20	14
6 21	45
6 22	49
6 23	31
6 24	27
6 25	7
6 26	38
6 28	1
6 29	15
6 30	6
6 31	39
6 32	0
6 34	5
6 35	10
6 37	17
6 38	41
6 40	22
6 41	46
6 43	20
6 45	37
6 47	21
6 48	23
6 49	11
7 0	5
7 1	13
7 2	31
7 3	12
7 4	30
7 5	17
7 6	11
7 7	10
7 8	28
7 10	14
7 11	38
7 12	41
7 14	9
7 15	44
7 17	43
7 18	22
7 19	2
7 20	49
7 23	19
7 26	18
7 27	24
7 28	39
7 29	21
7 31	20
7 33	25
7 34	1
7 39	8
7 40	45
7 41	47
7 42	42
7 44	26
7 46	35
7 48	33
7 49	23
8 0	23
8 1	28
8 4	43
8 5	4
8 6	27
8 7	24
8 10	26
8 11	14
8 12	0
8 14	25
8 15	42
8 16	13
8 17	44
8 18	12
8 19	40
8 20	5
8 21	2
8 22	20
8 23	8
8 24	18
8 25	45
8 26	16
8 27	35
8 28	47
8 29	37
8 31	34
8 32	32
8 33	22
8 34	6
8 35	39
8 37	48
8 38	17
8 39	36
8 40	31
8 45	30
8 47	3
8 48	15
8 49	29
9 2	14
9 3	48
9 7	35
9 8	25
9 9	40
9 10	28
9 12	29
9 13	37
9 14	10
9 15	17
9 16	1
9 17	22
9 18	30
9 19	39
9 20	20
9 21	5
9 22	45
9 25	12
9 27	38
9 30	31
9 31	15
9 32	24
9 34	32
9 36	6
9 37	47
9 41	21
9 43	18
9 44	7
9 45	11
9 46	36
9 47	9
9 48	46
9 49	3
10 1	11
10 2	23
10 3	0
10 5	34
10 6	24
10 7	15
10 8	2
10 10	46
10 11	7
10 12	27
10 13	30
10 14	13
10 16	12
10 17	1
10 19	17
10 20	31
10 21	39
10 22	29
10 26	6
10 27	32
10 28	45
10 29	18
10 30	8
10 31	9
10 32	22
10 34	4
10 36	42
10 38	43
10 39	26
10 41	25
10 45	21
10 46	47
10 48	35
10 49	5
11 0	44
11 1	34
11 2	0
11 3	19
11 4	2
11 5	9
11 7	39
11 8	17
11 10	49
11 11	43
11 12	23
11 14	48
11 15	38
11 16	45
11 19	1
11 20	25
11 21	7
11 22	31
11 23	46
11 25	18
11 26	12
11 27	33
11 28	16
11 29	10
11 30	32
11 31	47
11 32	20
11 34	41
11 35	5
11 36	22
11 37	26
11 38	21
11 39	30
11 41	36
11 44	11
11 45	15
11 46	24
11 47	27
11 48	29
11 49	4
12 1	46
12 2	32
12 3	30
12 4	25
12 5	43
12 6	26
12 8	31
12 11	44
12 12	24
12 13	2
12 15	7
12 16	3
12 17	0
12 18	34
12 19	21
12 20	15
12 21	36
12 23	40
12 24	13
12 25	27
12 26	8
12 27	20
12 29	45
12 31	4
12 32	1
12 33	6
12 34	33
12 35	11
12 37	49
12 38	16
12 39	35
12 40	47
12 41	14
12 42	19
12 43	22
12 45	5
12 46	41
12 48	18
12 49	39
13 1	1
13 4	34
13 5	0
13 6	41
13 7	14
13 9	46
13 10	7
13 11	27
13 12	10
13 15	21
13 16	43
13 17	9
13 18	45
13 19	3
13 22	28
13 25	36
13 26	32
13 27	47
13 28	17
13 29	11
13 30	48
13 31	26
13 32	38
13 34	23
13 35	35
13 36	20
13 38	40
13 39	4
13 41	49
13 42	2
13 44	33
13 45	25
13 47	18
14 0	39
14 1	36
14 2	19
14 3	34
14 4	11
14 6	22
14 7	1
14 9	14
14 10	23
14 11	24
14 13	38
14 14	5
14 16	30
14 17	47
14 18	43
14 21	4
14 22	33
14 24	28
14 25	17
14 26	10
14 28	44
14 29	3
14 31	6
14 33	41
14 34	40
14 35	15
14 38	46
14 39	48
14 40	20
14 41	32
14 42	21
14 43	25
14 44	13
14 45	8
14 46	16
14 47	45
14 48	2
14 49	7
15 0	9
15 1	37
15 2	16
15 3	4
15 5	15
15 7	23
15 8	43
15 9	41
15 11	25
15 12	17
15 13	7
15 14	12
15 15	30
15 16	46
15 17	8
15 18	1
15 20	34
15 22	22
15 23	49
15 24	32
15 25	31
15 26	33
15 27	44
15 28	21
15 29	40
15 31	2
15 33	18
15 34	38
15 35	20
15 37	29
15 38	0
15 40	3
15 43	24
15 45	13
15 46	6
15 47	42
16 0	16
16 1	20
16 2	45
16 6	44
16 8	9
16 11	22
16 12	31
16 14	36
16 18	32
16 19	7
16 21	24
16 24	38
16 25	30
16 26	35
16 27	14
16 28	0
16 29	28
16 30	21
16 31	43
16 34	3
16 35	40
16 37	4
16 38	37
16 42	26
16 43	34
16 44	25
16 47	39
16 48	5
16 49	17
17 0	2
17 1	26
17 2	22
17 3	29
17 4	15
17 7	47
17 8	33
17 9	4
17 11	31
17 12	16
17 13	25
17 16	40
17 17	30
17 18	46
17 20	27
17 22	12
17 23	45
17 24	7
17 25	10
17 26	3
17 27	18
17 28	43
17 30	23
17 31	11
17 32	14
17 33	39
17 34	13
17 35	21
17 36	34
17 37	38
17 39	41
17 40	36
17 41	24
17 42	35
17 43	44
17 44	9
17 45	20
17 47	37
17 48	32
18 0	43
18 3	5
18 4	8
18 5	23
18 6	46
18 7	7
18 8	10
18 9	2
18 10	36
18 12	32
18 13	22
18 14	37
18 15	41
18 16	28
18 18	40
18 19	18
18 20	24
18 22	19
18 23	14
18 24	26
18 25	11
18 26	48
18 27	1
18 28	25
18 30	44
18 31	12
18 32	6
18 33	16
18 34	34
18 35	31
18 36	15
18 38	38
18 39	21
18 40	49
18 43	33
18 45	35
18 46	4
18 47	20
18 48	0
19 0	41
19 1	27
19 3	6
19 4	29
19 6	43
19 7	21
19 8	48
19 9	19
19 12	2
19 13	36
19 15	10
19 16	7
19 18	42
19 20	1
19 22	17
19 24	46
19 25	0
19 28	11
19 31	40
19 33	3
19 34	35
19 35	33
19 36	9
19 37	28
19 38	32
19 39	38
19 40	26
19 41	12
19 44	22
19 45	31
19 49	15
20 0	49
20 1	43
20 2	15
20 3	31
20 4	6
20 5	37
20 7	26
20 8	34
20 9	38
20 10	25
20 11	36
20 12	44
20 13	41
20 14	23
20 16	18
20 18	4
20 21	46
20 22	35
20 23	3
20 24	20
20 26	24
20 27	27
20 28	33
20 29	22
20 30	0
20 31	17
20 33	40
20 35	47
20 36	16
20 37	7
20 38	8
20 40	9
20 41	29
20 42	1
20 43	2
20 45	19
20 48	45
20 49	21
21 0	42
21 1	38
21 2	1
21 3	33
21 4	22
21 5	45
21 7	37
21 8	40
21 9	18
21 10	3
21 11	46
21 12	26
21 13	12
21 15	34
21 16	29
21 17	49
21 22	0
21 24	8
21 25	35
21 26	41
21 28	9
21 30	4
21 31	24
21 32	10
21 33	27
21 34	20
21 35	23
21 36	11
21 37	16
21 38	47
21 40	25
21 41	5
21 42	14
21 43	13
21 46	43
21 47	19
21 48	21
21 49	2
22 0	0
22 4	9
22 6	19
22 7	8
22 8	22
22 10	40
22 11	37
22 12	11
22 14	27
22 15	23
22 16	14
22 17	38
22 18	47
22 19	34
22 20	6
22 21	15
22 22	1
22 24	39
22 26	36
22 27	29
22 28	30
22 30	46
22 33	24
22 35	45
22 36	2
22 37	10
22 38	20
22 39	13
22 40	28
22 41	26
22 42	12
22 43	4
22 44	32
22 45	18
22 46	31
22 47	49
22 48	16
23 1	47
23 2	7
23 3	49
23 4	32
23 5	13
23 6	29
23 9	0
23 10	10
23 11	21
23 12	14
23 13	6
23 14	22
23 15	2
23 16	36
23 19	20
23 20	39
23 23	28
23 24	1
23 25	24
23 26	15
23 27	16
23 29	9
23 30	33
23 31	5
23 32	23
23 35	44
23 37	34
23 38	25
23 39	37
23 41	19
23 42	41
23 45	45
23 46	40
23 47	26
23 48	12
24 0	25
24 1	10
24 2	2
24 3	36
24 4	27
24 6	45
24 7	22
24 9	48
24 10	39
24 11	29
24 15	46
24 17	15
24 18	18
24 19	33
24 20	32
24 22	24
24 25	41
24 27	17
24 28	3
24 29	19
24 33	23
24 34	12
24 35	13
24 36	14
24 38	31
24 43	0
24 44	6
24 45	43
24 46	21
24 47	8
24 48	26
25 1	44
25 2	28
25 3	7
25 5	22
25 7	43
25 9	47
25 10	45
25 11	23
25 12	34
25 13	3
25 14	0
25 15	31
25 16	26
25 18	48
25 19	24
25 20	41
25 21	12
25 22	4
25 23	36
25 25	46
25 26	40
25 28	49
25 29	38
25 30	11
25 32	29
25 33	19
25 34	14
25 35	17
25 36	13
25 37	8
25 38	10
25 39	5
25 40	2
25 41	16
25 47	35
25 49	25
26 0	26
26 1	18
26 2	11
26 4	42
26 5	49
26 6	16
26 7	17
26 8	44
26 9	35
26 11	1
26 13	40
26 14	41
26 18	9
26 21	6
26 23	10
26 24	14
26 28	2
26 29	36
26 30	27
26 31	21
26 32	28
26 33	31
26 35	4
26 37	46
26 38	29
26 39	33
26 40	23
26 42	8
26 43	7
26 44	43
26 46	13
26 47	32
26 49	30
27 0	6
27 1	8
27 2	3
27 3	16
27 5	19
27 7	48
27 8	4
27 11	26
27 12	38
27 14	49
27 15	29
27 16	42
27 18	11
27 19	43
27 20	2
27 21	18
27 23	47
27 24	23
27 26	5
27 27	9
27 28	32
27 30	36
27 32	41
27 33	45
27 34	25
27 35	27
27 36	28
27 37	15
27 38	34
27 41	40
27 44	20
27 45	7
27 46	10
27 47	30
27 48	22
27 49	35
28 0	24
28 1	40
28 2	13
28 3	44
28 7	45
28 8	41
28 9	25
28 10	35
28 11	49
28 12	7
28 14	31
28 15	18
28 16	10
28 19	0
28 20	37
28 23	29
28 25	39
28 28	46
28 29	20
28 30	47
28 31	19
28 32	34
28 37	22
28 39	2
28 41	15
28 42	32
28 44	30
28 45	16
28 47	48
28 48	6
28 49	36
29 0	32
29 2	39
29 3	25
29 4	49
29 5	14
29 6	40
29 9	16
29 10	33
29 11	15
29 12	12
29 13	20
29 14	43
29 15	24
29 16	17
29 20	19
29 21	38
29 22	13
29 23	7
29 24	47
29 25	6
29 29	2
29 34	22
29 36	36
29 37	5
29 41	4
29 42	10
29 44	34
29 45	1
29 48	42
29 49	8
30 1	22
30 2	12
30 3	8
30 4	0
30 6	38
30 9	26
30 10	44
30 11	10
30 14	45
30 15	14
30 16	39
30 17	2
30 18	19
30 20	35
30 21	33
30 22	25
30 23	6
30 24	48
30 25	42
30 26	43
30 27	7
30 28	34
30 29	23
30 31	41
30 35	28
30 36	37
30 37	9
30 39	3
30 40	30
30 42	4
30 43	29
30 44	24
30 45	46
30 47	17
30 48	31
30 49	18
31 0	19
31 1	6
31 2	20
31 3	40
31 4	10
31 5	25
31 6	28
31 7	2
31 8	15
31 10	8
31 11	42
31 13	24
31 14	18
31 16	31
31 17	4
31 18	21
31 19	36
31 20	33
31 21	9
31 23	44
31 25	16
31 26	39
31 29	48
31 30	22
31 31	32
31 35	37
31 36	41
31 37	23
31 38	3
31 39	29
31 40	0
31 41	1
31 42	7
31 43	17
31 45	34
31 46	49
31 47	38
31 48	13
31 49	14
32 0	18
32 1	30
32 2	10
32 4	7
32 5	42
32 7	38
32 9	31
32 11	16
32 13	8
32 15	19
32 18	0
32 19	46
32 20	48
32 22	44
32 23	32
32 24	2
32 26	49
32 27	13
32 28	22
32 29	12
32 30	15
32 31	35
32 32	3
32 33	20
32 34	9
32 35	34
32 36	25
32 38	28
32 39	6
32 40	21
32 41	11
32 42	5
32 46	14
32 47	23
32 48	41
32 49	37
33 0	12
33 2	46
33 3	27
33 4	37
33 5	30
33 6	0
33 7	41
33 9	22
33 11	5
33 12	49
33 13	34
33 14	47
33 15	45
33 17	10
33 19	28
33 20	18
33 23	20
33 26	31
33 27	40
33 28	15
33 29	44
33 31	36
33 32	33
33 33	32
33 37	35
33 38	7
33 39	42
33 40	13
33 42	11
33 44	8
33 45	26
33 47	25
33 49	9
34 0	30
34 1	33
34 2	4
34 3	39
34 7	20
34 9	27
34 10	9
34 11	32
34 12	6
34 13	47
34 15	48
34 16	16
34 17	29
34 19	45
34 21	10
34 22	26
34 25	25
34 26	46
34 28	5
34 29	24
34 30	18
34 31	37
34 33	17
34 36	8
34 37	11
34 40	19
34 41	0
34 42	15
34 46	42
34 47	13
34 49	41
35 0	20
35 2	33
35 3	28
35 4	31
35 5	26
35 6	15
35 7	30
35 8	32
35 11	39
35 12	43
35 14	6
35 15	5
35 16	11
35 18	10
35 19	22
35 20	47
35 21	34
35 22	48
35 24	24
35 25	23
35 26	19
35 27	8
35 29	42
35 31	45
35 32	12
35 35	1
35 36	18
35 37	25
35 38	36
35 39	9
35 40	46
35 41	35
35 42	17
35 45	4
35 48	40
35 49	44
36 0	47
36 1	21
36 3	35
36 6	18
36 7	29
36 8	5
36 9	6
36 10	4
36 11	9
36 12	48
36 13	23
36 15	11
36 16	20
36 18	3
36 21	27
36 22	14
36 23	2
36 24	36
36 25	8
36 26	1
36 28	26
36 29	43
36 30	45
36 34	10
36 36	39
36 37	24
36 38	13
36 39	0
36 42	30
36 43	19
36 44	41
36 45	22
36 49	31
37 4	20
37 5	33
37 7	16
37 8	38
37 11	12
37 12	19
37 13	44
37 14	46
37 15	32
37 17	35
37 18	39
37 20	45
37 23	37
37 24	15
37 28	4
37 29	6
37 30	26
37 32	30
37 34	28
37 35	14
37 36	40
37 37	31
37 39	47
37 40	24
37 41	10
37 42	13
37 43	11
37 44	18
37 45	3
37 46	34
37 47	41
37 48	7
37 49	22
38 1	7
38 3	32
38 4	46
38 5	2
38 6	13
38 7	0
38 10	1
38 12	36
38 14	21
38 15	39
38 17	45
38 18	28
38 19	6
38 20	4
38 21	8
38 23	25
38 24	33
38 25	47
38 26	34
38 28	20
38 29	14
38 31	30
38 33	10
38 34	49
38 36	24
38 37	19
38 39	22
38 40	12
38 41	23
38 43	35
38 44	37
38 49	16
39 0	46
39 1	2
39 2	40
39 4	16
39 5	38
39 6	10
39 7	18
39 8	11
39 9	5
39 10	22
39 11	48
39 12	4
39 14	44
39 15	20
39 17	31
39 18	33
39 20	26
39 21	28
39 22	32
39 23	0
39 24	19
39 26	30
39 27	34
39 28	27
39 31	14
39 32	21
39 34	17
39 35	36
39 36	12
39 38	39
39 39	25
39 41	45
39 42	6
39 44	35
39 45	42
39 46	23
39 47	24
39 49	47
40 0	34
40 2	41
40 3	26
40 6	21
40 7	42
40 8	3
40 9	30
40 10	27
40 11	4
40 13	11
40 14	14
40 15	28
40 19	35
40 20	40
40 21	0
40 22	15
40 24	25
40 25	20
40 26	17
40 27	46
40 29	13
40 32	45
40 33	9
40 34	36
40 35	18
40 39	23
40 40	43
40 41	2
40 42	16
40 44	39
40 46	12
40 47	44
40 48	48
40 49	1
41 2	35
41 5	21
41 6	47
41 7	33
41 9	12
41 10	2
41 11	45
41 12	37
41 14	16
41 16	27
41 17	20
41 18	26
41 19	11
41 20	28
41 23	39
41 24	30
41 26	25
41 27	19
41 29	29
41 30	3
41 31	38
41 32	4
41 35	48
41 36	7
41 37	44
41 38	49
41 39	40
41 40	15
41 41	42
41 42	18
41 45	0
41 46	9
41 47	10
41 48	36
41 49	34
42 1	31
42 2	8
42 3	21
42 4	12
42 5	44
42 6	7
42 7	27
42 8	45
42 9	36
42 11	35
42 12	28
42 13	13
42 14	2
42 15	47
42 16	23
42 17	42
42 18	29
42 19	48
42 20	43
42 21	25
42 22	40
42 23	17
42 24	10
42 25	26
42 26	22
42 27	4
42 28	37
42 30	34
42 31	0
42 32	19
42 33	30
42 35	16
42 36	49
42 38	1
42 39	20
42 40	38
42 41	9
42 43	15
42 44	3
42 45	32
42 46	5
42 47	33
42 49	6
43 0	45
43 1	32
43 3	43
43 4	18
43 6	1
43 8	47
43 9	23
43 10	30
43 12	9
43 13	33
43 14	34
43 15	4
43 16	8
43 17	7
43 18	44
43 19	13
43 20	46
43 21	11
43 24	41
43 25	28
43 26	14
43 27	48
43 28	42
43 29	39
43 31	25
43 33	15
43 35	29
43 37	20
43 38	22
43 39	24
43 40	16
43 42	27
43 43	26
43 44	2
43 45	49
43 48	38
43 49	10
44 0	35
44 1	23
44 2	18
44 4	28
44 5	40
44 7	34
44 8	42
44 9	49
44 11	3
44 12	22
44 14	38
44 18	16
44 19	4
44 21	32
44 23	33
44 25	2
44 26	47
44 27	36
44 28	29
44 29	30
44 31	27
44 32	9
44 33	1
44 34	45
44 37	41
44 38	26
44 39	15
44 40	6
44 41	13
44 42	46
44 43	37
44 44	44
44 45	14
44 47	31
44 48	19
45 0	1
45 1	16
45 2	37
45 3	46
45 4	48
45 5	39
45 6	9
45 8	24
45 11	8
45 12	25
45 13	35
45 14	33
45 15	26
45 16	34
45 18	38
45 20	3
45 21	19
45 22	36
45 23	27
45 24	44
45 25	40
45 26	21
45 27	22
45 28	6
45 29	7
45 30	10
45 33	28
45 34	0
45 35	42
45 36	4
45 37	43
45 38	5
45 39	12
45 40	32
45 41	30
45 42	23
45 43	47
45 45	2
45 46	20
45 47	14
45 49	13
46 0	4
46 1	29
46 2	48
46 3	20
46 4	35
46 6	31
46 9	3
46 13	15
46 14	11
46 15	33
46 16	22
46 18	37
46 19	23
46 20	9
46 22	10
46 24	34
46 25	49
46 28	36
46 30	2
46 31	8
46 32	25
46 34	19
46 35	38
46 36	5
46 37	21
46 38	45
46 39	7
46 42	43
46 43	6
46 44	16
46 45	44
46 47	46
46 49	32
47 0	7
47 1	24
47 2	17
47 3	15
47 4	39
47 6	23
47 7	5
47 9	11
47 10	32
47 12	21
47 13	16
47 14	1
47 15	25
47 16	48
47 18	41
47 19	10
47 20	13
47 22	2
47 25	19
47 27	12
47 28	40
47 29	35
47 30	42
47 31	22
47 35	49
47 37	0
47 39	14
47 40	44
47 41	3
47 42	29
47 43	27
47 44	38
47 46	30
47 48	34
47 49	46
48 0	11
48 1	49
48 2	26
48 5	10
48 7	4
48 8	35
48 9	20
48 10	34
48 11	19
48 12	15
48 13	45
48 18	5
48 19	37
48 20	30
48 24	17
48 25	3
48 28	41
48 29	32
48 30	1
48 31	23
48 32	31
48 33	7
48 35	0
48 37	12
48 40	40
48 42	9
48 43	28
48 44	36
48 45	29
48 46	38
48 47	22
48 48	44
48 49	43
49 0	48
49 2	29
49 4	23
49 5	32
49 7	49
49 11	20
49 12	45
49 13	1
49 14	19
49 16	24
49 17	16
49 18	15
49 19	44
49 20	17
49 21	22
49 25	34
49 27	41
49 28	8
49 29	0
49 33	36
49 35	25
49 36	30
49 37	27
49 38	4
49 39	28
49 40	10
49 41	33
49 42	3
49 43	46
49 44	31
49 45	47
49 46	26
49 47	11
49 48	39
49 49	40
