50
0 0	21
0 2	25
0 3	48
0 6	28
0 8	49
0 9	40
0 10	12
0 11	17
0 13	36
0 15	26
0 16	46
0 17	38
0 18	14
0 19	45
0 20	39
0 21	4
0 24	0
0 25	37
0 28	33
0 29	19
0 30	13
0 31	23
0 32	1
0 33	18
0 34	44
0 36	15
0 37	42
0 38	32
0 39	41
0 40	43
0 41	3
0 42	10
0 44	7
0 45	35
0 46	47
0 47	29
0 48	30
1 0	33
1 5	9
1 6	20
1 7	48
1 8	47
1 9	7
1 10	10
1 11	30
1 12	3
1 16	26
1 19	31
1 20	12
1 21	21
1 22	43
1 23	15
1 24	46
1 26	34
1 27	13
1 29	44
1 31	32
1 32	45
1 33	0
1 34	28
1 35	23
1 36	24
1 38	27
1 39	37
1 41	17
1 42	1
1 43	19
1 44	4
1 45	8
1 47	25
1 49	39
2 0	20
2 2	44
2 3	13
2 6	8
2 7	21
2 9	38
2 10	35
2 11	40
2 12	0
2 13	23
2 15	45
2 17	14
2 20	49
2 23	39
2 26	9
2 27	1
2 28	32
2 29	36
2 30	17
2 31	11
2 34	24
2 37	26
2 40	25
2 42	19
2 43	4
2 45	37
2 46	42
2 47	28
2 48	16
3 0	22
3 1	9
3 2	5
3 3	28
3 4	40
3 5	14
3 6	33
3 7	29
3 8	3
3 9	17
3 10	7
3 11	23
3 12	32
3 14	49
3 16	12
3 17	44
3 18	48
3 19	27
3 20	11
3 21	25
3 22	24
3 23	26
3 24	21
3 25	0
3 26	19
3 27	2
3 28	18
3 29	38
3 30	45
3 32	36
3 33	30
3 34	43
3 35	4
3 37	37
3 38	46
3 39	13
3 41	35
3 42	16
3 43	39
3 46	1
3 47	6
3 48	10
4 0	44
4 1	3
4 2	15
4 3	1
4 4	0
4 5	19
4 6	38
4 7	49
4 8	17
4 9	26
4 10	39
4 12	8
4 13	14
4 14	12
4 16	36
4 17	42
4 18	2
4 19	9
4 20	28
4 21	31
4 22	45
4 25	6
4 26	41
4 27	32
4 29	40
4 31	10
4 32	47
4 33	20
4 34	29
4 35	48
4 36	11
4 37	27
4 39	5
4 40	21
4 41	33
4 42	35
4 43	46
4 44	18
4 45	4
4 46	30
4 47	13
4 48	25
4 49	37
5 2	7
5 4	25
5 6	9
5 8	0
5 9	16
5 10	40
5 11	47
5 12	19
5 13	38
5 15	17
5 16	39
5 17	5
5 20	18
5 21	3
5 22	36
5 24	14
5 26	37
5 27	33
5 28	15
5 29	8
5 31	43
5 34	13
5 35	11
5 36	49
5 39	12
5 40	27
5 41	32
5 43	44
5 44	23
5 46	35
5 47	42
6 0	1
6 1	24
6 2	0
6 3	8
6 5	37
6 6	11
6 7	17
6 8	21
6 10	23
6 11	7
6 12	48
6 16	45
6 17	20
6 18	5
6 20	33
6 21	46
6 23	6
6 24	19
6 25	30
6 26	28
6 27	35
6 28	14
6 29	25
6 32	13
6 34	15
6 35	42
6 36	26
6 37	44
6 39	16
6 41	29
6 43	10
6 44	12
6 47	49
6 48	36
6 49	18
7 1	7
7 2	42
7 3	12
7 4	46
7 5	44
7 6	45
7 7	43
7 9	36
7 12	20
7 13	10
7 16	4
7 17	34
7 18	19
7 19	0
7 20	27
7 21	2
7 23	33
7 24	16
7 25	1
7 27	49
7 28	5
7 29	6
7 31	26
7 32	29
7 33	31
7 34	23
7 35	3
7 37	25
7 39	47
7 40	22
7 41	40
7 43	21
7 45	30
7 49	48
8 1	31
8 3	46
8 5	26
8 7	40
8 8	9
8 9	30
8 10	45
8 11	43
8 14	8
8 15	28
8 16	10
8 17	29
8 19	18
8 20	0
8 22	12
8 23	38
8 24	22
8 27	11
8 30	7
8 32	16
8 36	27
8 38	49
8 39	33
8 41	1
8 42	5
8 43	37
8 44	39
8 45	2
8 46	25
8 47	48
8 49	20
9 0	4
9 1	36
9 2	27
9 3	22
9 4	10
9 5	18
9 6	46
9 7	5
9 8	14
9 9	12
9 10	17
9 11	11
9 12	15
9 13	35
9 14	25
9 16	38
9 19	28
9 20	3
9 21	49
9 22	42
9 23	1
9 27	43
9 28	47
9 29	16
9 31	44
9 33	21
9 34	26
9 36	48
9 38	20
9 40	7
9 41	24
9 42	23
9 43	8
9 44	6
9 45	19
9 47	9
9 48	0
10 0	35
10 1	4
10 2	29
10 3	9
10 4	45
10 5	49
10 6	17
10 7	3
10 11	41
10 15	5
10 16	37
10 17	24
10 18	22
10 20	10
10 21	6
10 22	44
10 23	12
10 24	47
10 27	0
10 28	1
10 29	2
10 30	32
10 32	34
10 33	40
10 34	38
10 35	36
10 36	30
10 38	48
10 39	15
10 42	42
10 43	7
10 44	33
10 45	25
10 47	31
10 49	8
11 1	40
11 2	35
11 3	37
11 4	41
11 5	32
11 6	16
11 7	18
11 9	22
11 10	0
11 11	42
11 12	45
11 13	15
11 14	6
11 15	25
11 16	14
11 17	1
11 18	20
11 21	43
11 22	39
11 23	13
11 25	31
11 26	27
11 28	44
11 29	11
11 30	3
11 31	36
11 33	34
11 35	38
11 37	23
11 39	24
11 40	49
11 41	9
11 42	30
11 44	21
11 45	48
11 49	5
12 0	16
12 1	30
12 3	10
12 4	17
12 8	4
12 11	6
12 12	37
12 13	25
12 14	24
12 16	8
12 18	23
12 19	34
12 20	46
12 21	26
12 23	19
12 24	31
12 26	21
12 27	39
12 29	12
12 33	13
12 34	18
12 35	0
12 36	29
12 37	14
12 38	42
12 39	35
12 40	45
12 41	49
12 42	7
12 43	27
12 44	9
12 46	28
12 48	38
12 49	3
13 0	12
13 2	49
13 4	34
13 9	1
13 10	41
13 11	44
13 12	10
13 13	31
13 14	33
13 15	37
13 16	15
13 17	47
13 18	39
13 21	42
13 22	32
13 23	18
13 24	4
13 26	5
13 28	23
13 29	0
13 30	21
13 31	7
13 33	24
13 34	8
13 35	27
13 36	46
13 37	28
13 38	2
13 39	17
13 40	6
13 41	13
13 45	9
13 46	36
13 47	22
13 48	29
13 49	38
14 1	35
14 2	11
14 3	15
14 5	39
14 7	8
14 8	27
14 10	20
14 11	21
14 13	47
14 14	0
14 15	31
14 17	28
14 18	26
14 19	12
14 20	36
14 21	29
14 22	16
14 23	34
14 25	25
14 26	14
14 28	2
14 29	32
14 30	5
14 32	18
14 34	22
14 35	44
14 36	4
14 37	1
14 38	17
14 40	37
14 42	41
14 43	6
14 44	3
14 45	43
14 47	7
15 0	8
15 1	45
15 2	34
15 3	23
15 4	36
15 6	12
15 7	46
15 8	44
15 9	13
15 11	14
15 12	39
15 13	24
15 15	49
15 16	0
15 17	33
15 18	27
15 19	32
15 20	4
15 21	41
15 22	47
15 23	11
15 25	18
15 27	22
15 28	6
15 29	43
15 30	29
15 32	5
15 34	35
15 35	40
15 37	48
15 38	16
15 39	28
15 40	9
15 41	20
15 44	1
15 45	7
15 46	17
16 0	7
16 1	13
16 2	10
16 4	18
16 6	23
16 7	4
16 8	36
16 10	8
16 11	49
16 12	21
16 13	29
16 14	26
16 15	1
16 19	3
16 20	47
16 21	19
16 22	35
16 23	2
16 24	42
16 26	39
16 28	25
16 30	43
16 31	22
16 32	28
16 33	16
16 35	12
16 36	33
16 37	17
16 38	14
16 41	5
16 42	45
16 43	31
16 49	32
17 0	27
17 2	16
17 3	42
17 4	48
17 5	36
17 6	31
17 7	26
17 8	8
17 9	37
17 10	15
17 11	33
17 12	46
17 13	4
17 15	22
17 16	35
17 19	38
17 22	21
17 24	41
17 25	13
17 26	23
17 28	30
17 29	47
17 30	12
17 31	0
17 32	49
17 34	1
17 36	44
17 37	10
17 39	39
17 40	3
17 43	18
17 45	45
17 46	9
17 47	24
17 48	32
17 49	29
18 0	30
18 2	4
18 3	18
18 4	49
18 6	0
18 7	10
18 9	5
18 10	13
18 11	36
18 12	35
18 13	48
18 14	11
18 15	38
18 17	15
18 19	37
18 20	40
18 21	17
18 23	9
18 25	29
18 26	32
18 27	6
18 29	22
18 30	27
18 32	23
18 33	8
18 34	20
18 37	24
18 38	47
18 41	44
18 42	46
18 43	28
18 44	2
18 45	14
18 46	34
18 47	45
19 0	45
19 3	38
19 6	26
19 7	12
19 10	2
19 11	25
19 13	42
19 14	40
19 16	30
19 19	15
19 20	22
19 21	28
19 22	7
19 23	32
19 27	20
19 28	31
19 31	29
19 32	11
19 36	17
19 37	5
19 38	3
19 39	43
19 40	0
19 44	27
19 46	18
19 47	21
19 48	35
20 1	46
20 2	8
20 4	26
20 5	25
20 6	41
20 8	1
20 11	22
20 12	36
20 13	7
20 14	21
20 16	47
20 17	37
20 20	15
20 22	28
20 24	18
20 26	49
20 27	12
20 28	39
20 29	3
20 30	30
20 31	17
20 33	45
20 36	42
20 37	2
20 38	19
20 39	40
20 40	10
20 41	31
20 42	0
20 43	38
20 45	20
20 46	24
20 47	44
20 49	6
21 0	15
21 1	26
21 2	43
21 3	36
21 4	44
21 5	21
21 6	7
21 7	0
21 10	49
21 11	1
21 12	25
21 14	16
21 15	34
21 16	42
21 17	32
21 19	40
21 20	41
21 22	17
21 23	35
21 24	45
21 25	20
21 26	2
21 28	10
21 30	31
21 32	19
21 34	11
21 35	30
21 36	28
21 37	3
21 38	13
21 40	38
21 41	39
21 42	8
21 44	47
21 47	12
21 48	18
21 49	27
22 0	17
22 2	46
22 3	5
22 7	41
22 8	32
22 9	8
22 10	1
22 11	37
22 12	27
22 16	11
22 20	31
22 21	39
22 22	18
22 23	23
22 24	6
22 26	47
22 27	40
22 29	13
22 30	26
22 32	48
22 34	33
22 35	28
22 36	25
22 38	21
22 39	14
22 40	20
22 43	15
22 44	22
22 45	44
22 47	19
22 48	42
22 49	24
23 0	6
23 2	39
23 5	45
23 6	34
23 7	36
23 8	28
23 9	35
23 10	19
23 11	31
23 12	7
23 13	43
23 16	13
23 18	30
23 20	2
23 21	9
23 23	16
23 24	40
23 26	25
23 29	10
23 31	15
23 32	14
23 34	3
23 36	1
23 37	38
23 38	18
23 39	11
23 40	48
23 41	22
23 42	26
23 43	47
23 45	27
23 47	23
23 49	0
24 3	27
24 4	33
24 5	41
24 6	5
24 7	6
24 8	22
24 9	43
24 14	15
24 15	4
24 16	44
24 17	39
24 21	30
24 23	25
24 26	0
24 27	14
24 28	42
24 29	23
24 30	20
24 32	31
24 33	17
24 35	29
24 36	35
24 37	8
24 40	40
24 42	38
24 44	13
24 45	49
24 46	11
24 47	1
25 0	24
25 1	11
25 2	20
25 3	17
25 4	35
25 5	30
25 6	27
25 7	42
25 8	48
25 11	45
25 14	32
25 16	41
25 17	13
25 18	43
25 19	39
25 20	34
25 21	44
25 22	1
25 23	10
25 24	3
25 25	16
25 26	31
25 27	19
25 30	40
25 31	18
25 32	8
25 35	37
25 36	9
25 37	36
25 38	23
25 39	7
25 41	15
25 43	49
25 44	38
25 45	6
25 46	26
25 47	33
25 48	47
25 49	21
26 1	49
26 3	44
26 5	40
26 6	6
26 8	24
26 9	34
26 10	3
26 11	15
26 14	36
26 15	41
26 18	1
26 19	10
26 20	38
26 21	8
26 22	30
26 24	35
26 25	4
26 28	0
26 29	31
26 31	37
26 32	2
26 33	25
26 35	47
26 37	13
26 38	9
26 40	33
26 41	19
26 42	32
26 46	48
26 47	18
26 48	14
26 49	42
27 1	14
27 2	24
27 3	2
27 4	22
27 7	28
27 9	23
27 10	32
27 11	34
27 12	47
27 13	13
27 15	33
27 17	12
27 18	46
27 21	18
27 22	49
27 24	48
27 25	21
27 27	8
27 28	3
27 29	39
27 30	25
27 32	26
27 33	38
27 34	42
27 35	9
27 36	20
27 37	30
27 38	7
27 39	27
27 40	35
27 41	6
27 42	37
27 45	11
27 48	1
27 49	36
28 0	25
28 1	27
28 2	28
28 3	16
28 4	30
28 6	2
28 7	32
28 9	46
28 10	47
28 11	38
28 14	35
28 15	36
28 16	3
28 17	48
28 18	17
28 20	6
28 23	20
28 24	29
28 26	44
28 28	41
28 29	37
28 30	1
28 32	9
28 34	31
28 35	8
28 37	11
28 38	5
28 39	22
28 40	12
28 41	18
28 42	24
28 43	14
28 44	10
28 45	15
28 46	43
28 47	4
28 48	21
28 49	26
29 1	33
29 2	41
29 5	43
29 6	4
29 8	42
29 9	3
29 10	44
29 11	28
29 12	49
29 15	14
29 16	18
29 17	0
29 18	21
29 19	1
29 21	32
29 22	29
29 25	47
29 26	12
29 27	25
29 28	17
29 29	15
29 30	11
29 31	45
29 32	40
29 33	27
29 34	2
29 35	22
29 36	8
29 37	6
29 38	37
29 40	46
29 43	30
29 44	26
29 45	23
29 46	31
29 49	35
30 0	2
30 1	8
30 2	1
30 3	47
30 4	9
30 5	7
30 6	22
30 8	34
30 12	41
30 13	3
30 16	20
30 17	4
30 21	48
30 22	40
30 23	46
30 24	13
30 26	17
30 27	38
30 28	11
30 30	36
30 34	30
30 35	32
30 36	6
30 37	31
30 38	25
30 39	18
30 42	27
30 43	26
30 44	15
30 48	45
30 49	19
31 0	48
31 1	5
31 2	19
31 3	39
31 4	24
31 5	28
31 6	37
31 7	31
31 8	30
31 14	9
31 15	47
31 16	33
31 17	7
31 18	13
31 19	2
31 21	22
31 22	34
31 23	49
31 25	44
31 26	46
31 27	4
31 28	45
31 35	25
31 36	32
31 40	14
31 41	16
31 42	36
31 43	1
31 44	35
31 46	38
32 0	38
32 1	6
32 2	17
32 4	47
32 5	15
32 6	39
32 7	9
32 8	7
32 9	24
32 10	34
32 11	5
32 13	19
32 15	11
32 16	25
32 19	48
32 20	42
32 21	14
32 22	4
32 24	23
32 25	3
32 26	35
32 27	45
32 28	13
32 29	20
32 30	49
32 31	31
32 34	27
32 35	46
32 36	18
32 37	32
32 38	44
32 39	29
32 41	8
32 42	40
32 44	28
32 45	26
32 46	37
32 48	2
32 49	1
33 0	32
33 1	2
33 2	31
33 3	43
33 4	11
33 5	4
33 6	25
33 7	20
33 9	44
33 10	6
33 12	18
33 13	21
33 14	45
33 16	16
33 17	46
33 18	24
33 19	35
33 20	9
33 21	36
33 22	5
33 23	47
33 24	27
33 27	3
33 28	38
33 30	33
33 31	14
33 32	17
33 33	48
33 34	39
33 35	26
33 36	40
33 38	15
33 39	8
33 40	13
33 41	28
33 43	41
33 44	0
33 49	49
34 0	49
34 2	37
34 3	19
34 5	13
34 6	35
34 7	14
34 8	33
34 10	46
34 11	0
34 12	9
34 13	44
34 14	23
34 15	3
34 16	22
34 17	8
34 19	29
34 20	45
34 21	38
34 22	27
34 24	1
34 26	11
34 27	10
34 30	24
34 34	21
34 35	15
34 36	36
34 37	4
34 38	41
34 39	26
34 40	30
34 42	34
34 44	42
34 45	32
34 46	7
34 47	16
34 48	6
34 49	31
35 3	11
35 4	8
35 5	3
35 6	40
35 8	12
35 9	42
35 11	20
35 12	24
35 13	5
35 14	10
35 15	39
35 16	49
35 17	23
35 18	41
35 20	48
35 21	16
35 22	14
35 24	44
35 25	33
35 26	38
35 27	18
35 29	27
35 31	6
35 32	4
35 34	46
35 35	19
35 37	0
35 39	1
35 41	30
35 42	29
35 43	13
35 44	45
35 45	34
35 46	32
35 47	36
35 49	43
36 0	13
36 1	1
36 2	6
36 3	7
36 5	11
36 6	24
36 8	2
36 9	48
36 10	9
36 11	46
36 12	29
36 14	39
36 17	43
36 18	0
36 19	14
36 20	30
36 21	27
36 23	31
36 24	26
36 26	20
36 29	49
36 31	35
36 32	22
36 33	37
36 35	17
36 36	34
36 37	33
36 38	10
36 40	32
36 41	47
36 42	15
36 44	36
36 45	38
36 47	41
36 48	40
37 1	37
37 2	33
37 3	31
37 4	29
37 6	30
37 7	44
37 8	45
37 9	0
37 10	18
37 11	39
37 12	16
37 15	6
37 16	21
37 18	32
37 19	7
37 23	4
37 24	28
37 25	40
37 26	3
37 28	20
37 30	41
37 31	9
37 33	26
37 34	25
37 35	24
37 36	43
37 37	12
37 38	8
37 39	10
37 40	42
37 41	23
37 43	35
37 44	17
37 45	36
37 47	47
37 48	5
37 49	22
38 0	39
38 1	48
38 5	47
38 6	36
38 7	45
38 8	41
38 10	24
38 11	16
38 12	30
38 13	1
38 16	6
38 17	25
38 18	8
38 19	19
38 20	37
38 23	0
38 24	34
38 25	12
38 26	40
38 27	31
38 28	7
38 29	14
38 30	35
38 31	3
38 33	44
38 34	10
38 35	21
38 36	23
38 37	49
38 39	9
38 40	5
38 42	28
38 43	29
38 44	32
38 45	17
38 46	4
38 47	38
38 48	13
39 1	23
39 4	14
39 5	6
39 6	19
39 7	33
39 8	16
39 9	29
39 10	30
39 11	32
39 12	44
39 13	41
39 14	38
39 18	36
39 20	5
39 23	3
39 24	25
39 25	17
39 26	1
39 28	43
39 29	26
39 31	13
39 32	7
39 33	39
39 37	35
39 38	22
39 39	31
39 40	4
39 41	34
39 42	18
39 44	20
39 45	46
39 46	2
39 48	8
39 49	45
40 1	42
40 2	48
40 7	11
40 9	49
40 10	31
40 11	12
40 12	4
40 13	27
40 14	47
40 15	21
40 16	24
40 17	3
40 19	16
40 21	37
40 23	41
40 24	17
40 25	5
40 26	6
40 30	10
40 32	43
40 33	33
40 35	2
40 38	39
40 39	25
40 40	26
40 42	22
40 43	0
40 45	13
40 46	20
40 48	44
40 49	14
41 0	10
41 1	19
41 2	23
41 4	28
41 5	35
41 6	49
41 7	39
41 8	15
41 11	27
41 12	26
41 13	37
41 14	13
41 17	36
41 18	38
41 19	8
41 20	25
41 21	45
41 23	44
41 25	48
41 27	9
41 28	16
41 29	30
41 30	22
41 32	46
41 34	7
41 36	12
41 37	47
41 38	0
41 39	32
41 40	1
41 41	2
41 42	33
41 43	24
41 44	31
41 45	5
41 46	6
41 47	43
41 48	3
41 49	17
42 0	36
42 1	39
42 3	0
42 4	23
42 5	38
42 6	47
42 8	6
42 9	14
42 11	4
42 12	1
42 13	28
42 14	43
42 15	24
42 19	41
42 20	20
42 22	19
42 24	49
42 26	10
42 27	44
42 28	29
42 29	9
42 30	8
42 31	33
42 32	37
42 34	17
42 36	2
42 37	22
42 38	30
42 39	45
42 40	34
42 41	27
42 42	21
42 43	25
42 45	3
42 46	46
42 47	26
42 48	15
42 49	12
43 1	20
43 2	36
43 3	6
43 4	32
43 5	2
43 6	15
43 7	13
43 8	18
43 9	45
43 10	21
43 11	10
43 12	42
43 13	11
43 14	44
43 16	34
43 17	9
43 18	35
43 19	23
43 20	17
43 21	40
43 22	25
43 24	8
43 25	26
43 26	4
43 27	41
43 28	48
43 29	28
43 30	38
43 31	24
43 33	1
43 34	12
43 36	5
43 37	39
43 43	3
43 44	37
43 45	22
43 48	46
43 49	30
44 0	18
44 1	0
44 2	38
44 3	49
44 4	31
44 5	16
44 7	37
44 10	29
44 11	48
44 12	22
44 13	8
44 14	7
44 15	9
44 16	17
44 17	40
44 18	6
44 21	35
44 22	20
44 23	45
44 24	11
44 25	28
44 26	42
44 28	24
44 30	44
44 31	25
44 32	15
44 33	3
44 35	41
44 37	21
44 38	26
44 40	2
44 41	12
44 42	47
44 43	23
44 44	14
44 45	1
44 46	27
44 47	39
44 48	34
44 49	33
45 1	25
45 2	30
45 3	3
45 5	5
45 6	48
45 7	47
45 8	13
45 9	15
45 11	2
45 17	18
45 18	28
45 20	14
45 25	8
45 27	36
45 28	27
45 29	7
45 30	23
45 31	1
45 32	41
45 33	43
45 34	19
45 35	34
45 36	38
45 38	6
45 40	24
45 41	26
45 44	44
45 46	12
45 47	35
45 48	31
46 0	14
46 1	16
46 2	22
46 3	45
46 4	20
46 5	29
46 6	32
46 7	27
46 8	39
46 9	25
46 11	13
46 12	5
46 14	48
46 15	2
46 16	43
46 22	10
46 24	12
46 25	36
46 27	15
46 28	19
46 30	0
46 31	4
46 32	6
46 33	35
46 34	37
46 36	47
46 37	9
46 39	46
46 40	23
46 42	17
46 43	34
46 44	8
46 46	40
46 47	11
46 48	49
46 49	44
47 0	0
47 1	29
47 2	13
47 3	25
47 6	21
47 8	31
47 9	39
47 10	36
47 11	3
47 12	33
47 13	20
47 15	8
47 16	2
47 18	45
47 19	44
47 20	24
47 21	47
47 22	26
47 23	27
47 24	38
47 25	34
47 27	30
47 28	28
47 30	14
47 31	5
47 34	9
47 35	1
47 38	35
47 40	41
47 42	4
47 44	19
47 45	12
47 47	37
47 48	11
48 0	37
48 2	14
48 6	3
48 7	1
48 8	20
48 11	9
48 14	34
48 15	15
48 17	35
48 20	32
48 22	0
48 25	10
48 26	7
48 27	47
48 28	46
48 29	45
48 30	42
48 31	21
48 33	2
48 36	13
48 37	18
48 38	36
48 40	19
48 42	44
48 43	22
48 44	25
48 46	16
48 47	27
48 48	39
49 0	29
49 1	15
49 2	47
49 3	35
49 4	37
49 5	27
49 6	1
49 7	34
49 9	41
49 10	38
49 11	18
49 12	28
49 13	46
49 14	5
49 15	0
49 18	9
49 20	8
49 21	33
49 22	6
49 23	30
49 25	7
49 26	22
49 27	26
49 28	4
49 29	42
49 31	39
49 33	10
49 34	14
49 36	16
49 38	40
49 40	44
49 41	48
49 44	24
49 45	31
49 46	21
49 47	17
49 48	12
49 49	13
