50
0 0	33
0 1	32
0 2	39
0 4	36
0 6	16
0 7	28
0 8	34
0 10	13
0 11	27
0 12	2
0 13	4
0 14	19
0 15	12
0 16	40
0 17	1
0 18	21
0 19	11
0 20	35
0 21	30
0 22	5
0 23	6
0 25	9
0 26	45
0 27	26
0 28	23
0 29	49
0 30	37
0 31	0
0 32	8
0 34	31
0 36	29
0 37	43
0 38	3
0 39	20
0 40	15
0 42	47
0 44	25
0 45	7
0 47	24
0 49	44
1 0	17
1 1	21
1 2	22
1 3	4
1 4	9
1 5	6
1 6	49
1 7	10
1 8	24
1 9	38
1 10	42
1 11	29
1 12	39
1 13	28
1 14	1
1 15	37
1 16	8
1 18	2
1 19	27
1 20	14
1 21	5
1 23	0
1 24	46
1 25	47
1 26	26
1 27	36
1 28	44
1 30	34
1 32	31
1 33	33
1 35	30
1 36	3
1 38	16
1 39	45
1 40	32
1 42	48
1 43	43
1 44	15
1 46	35
1 47	20
1 49	7
2 0	27
2 1	3
2 2	13
2 4	7
2 5	35
2 6	33
2 7	40
2 8	11
2 9	39
2 11	34
2 12	1
2 14	31
2 15	28
2 18	16
2 20	43
2 21	9
2 22	37
2 24	32
2 25	0
2 26	20
2 28	14
2 29	38
2 30	5
2 31	29
2 33	45
2 36	46
2 37	23
2 38	4
2 39	8
2 40	2
2 41	15
2 42	10
2 43	25
2 44	44
2 45	26
2 46	22
2 47	48
2 48	30
2 49	19
3 0	43
3 1	17
3 3	15
3 4	41
3 5	3
3 6	38
3 7	35
3 8	8
3 9	44
3 10	34
3 11	7
3 12	27
3 13	10
3 15	9
3 16	4
3 17	49
3 18	19
3 19	18
3 20	13
3 21	46
3 22	12
3 23	31
3 24	2
3 25	37
3 26	1
3 27	42
3 28	30
3 29	28
3 30	23
3 31	14
3 33	11
3 34	20
3 35	39
3 36	33
3 38	6
3 39	40
3 40	21
3 41	26
3 42	29
3 43	47
3 44	48
3 45	36
3 47	0
3 48	24
3 49	22
4 0	25
4 2	12
4 3	29
4 4	15
4 5	4
4 7	0
4 8	43
4 9	47
4 10	1
4 12	16
4 13	20
4 14	14
4 15	17
4 16	35
4 17	22
4 19	40
4 21	11
4 22	33
4 26	6
4 28	46
4 29	44
4 30	48
4 33	49
4 34	18
4 35	2
4 36	5
4 38	41
4 39	34
4 41	3
4 42	37
4 43	39
4 45	19
4 46	26
4 47	45
4 49	32
5 0	16
5 1	2
5 3	43
5 5	32
5 6	25
5 7	44
5 8	20
5 9	41
5 10	29
5 12	4
5 13	49
5 14	8
5 16	18
5 17	24
5 18	45
5 19	10
5 20	26
5 21	17
5 23	35
5 24	40
5 25	21
5 26	14
5 27	13
5 28	7
5 29	27
5 30	38
5 31	34
5 32	47
5 33	1
5 34	12
5 35	0
5 36	42
5 37	15
5 38	48
5 39	39
5 40	33
5 41	9
5 42	28
5 43	19
5 44	22
5 45	37
5 46	30
5 47	6
5 48	46
5 49	11
6 0	4
6 1	45
6 2	33
6 3	21
6 6	24
6 7	49
6 8	44
6 11	8
6 12	9
6 13	15
6 15	11
6 16	29
6 17	7
6 18	47
6 20	17
6 21	10
6 23	32
6 24	3
6 25	38
6 26	5
6 27	35
6 29	19
6 30	22
6 31	23
6 32	6
6 34	25
6 35	26
6 36	48
6 37	12
6 39	31
6 40	18
6 41	16
6 42	39
6 43	41
6 44	20
6 45	30
6 46	43
6 47	1
6 49	13
7 0	31
7 2	35
7 4	20
7 8	48
7 10	9
7 11	1
7 12	12
7 14	45
7 15	15
7 16	42
7 17	38
7 18	34
7 19	2
7 21	49
7 22	27
7 23	7
7 24	16
7 26	4
7 27	25
7 28	26
7 29	17
7 30	14
7 31	11
7 32	29
7 34	36
7 35	22
7 36	21
7 37	10
7 39	6
7 40	44
7 41	40
7 42	0
7 43	5
7 44	3
7 45	18
7 46	47
7 47	43
7 49	23
8 0	40
8 1	16
8 2	10
8 3	34
8 4	30
8 5	11
8 6	14
8 8	7
8 10	27
8 11	24
8 13	39
8 14	28
8 15	25
8 16	5
8 18	18
8 19	45
8 22	44
8 23	20
8 24	0
8 26	17
8 27	15
8 29	6
8 30	19
8 31	2
8 34	23
8 35	9
8 36	41
8 37	22
8 38	35
8 39	43
8 40	26
8 41	12
8 43	3
8 44	33
8 45	32
8 46	4
8 47	36
8 49	48
9 0	38
9 1	12
9 2	24
9 3	26
9 4	21
9 5	9
9 6	22
9 7	27
9 8	15
9 9	32
9 10	3
9 12	25
9 14	13
9 15	8
9 17	40
9 18	11
9 19	6
9 20	28
9 21	36
9 22	29
9 23	37
9 24	35
9 26	19
9 27	7
9 29	18
9 30	4
9 31	31
9 34	39
9 35	33
9 36	0
9 38	23
9 39	2
9 40	10
9 41	47
9 42	44
9 43	17
9 44	41
9 45	34
9 46	1
9 47	46
9 48	45
9 49	42
10 0	23
10 1	19
10 3	24
10 4	10
10 5	41
10 6	35
10 7	18
10 8	31
10 9	28
10 10	49
10 12	26
10 13	8
10 15	21
10 16	22
10 17	4
10 19	12
10 20	5
10 21	14
10 23	38
10 24	13
10 25	1
10 26	37
10 27	43
10 29	45
10 30	2
10 31	47
10 32	3
10 34	16
10 35	32
10 37	25
10 38	11
10 39	42
10 41	29
10 42	20
10 44	27
10 45	0
10 46	36
10 47	40
10 48	6
11 0	6
11 2	18
11 3	20
11 4	40
11 5	1
11 6	46
11 8	42
11 9	12
11 10	28
11 11	2
11 12	13
11 13	26
11 15	14
11 16	9
11 18	8
11 20	39
11 21	16
11 22	24
11 23	5
11 25	17
11 26	35
11 27	22
11 28	19
11 29	10
11 30	3
11 31	44
11 32	41
11 34	49
11 35	7
11 36	45
11 37	36
11 38	33
11 40	11
11 41	34
11 42	31
11 43	0
11 44	47
11 45	25
11 46	29
11 47	27
11 48	43
11 49	30
12 0	32
12 1	40
12 3	42
12 4	19
12 6	23
12 7	15
12 8	27
12 9	17
12 10	14
12 11	47
12 12	34
12 14	7
12 15	48
12 16	25
12 17	16
12 18	20
12 19	1
12 20	0
12 21	3
12 22	6
12 23	21
12 24	9
12 26	22
12 27	5
12 28	33
12 29	12
12 30	44
12 32	37
12 33	41
12 35	36
12 36	28
12 37	8
12 38	43
12 39	35
12 40	49
12 42	4
12 44	26
12 45	24
12 46	46
12 47	13
12 48	39
13 0	24
13 2	3
13 3	2
13 4	6
13 5	49
13 6	26
13 7	12
13 8	23
13 9	36
13 10	43
13 11	42
13 12	20
13 13	22
13 14	39
13 15	32
13 16	19
13 17	0
13 18	46
13 19	9
13 20	21
13 21	40
13 22	17
13 23	15
13 24	5
13 25	13
13 26	30
13 27	8
13 28	38
13 29	47
13 30	11
13 33	16
13 34	44
13 35	45
13 36	37
13 37	33
13 38	28
13 39	7
13 40	1
13 41	48
13 42	34
13 43	14
13 44	31
13 45	4
13 47	25
13 48	27
13 49	29
14 2	25
14 3	19
14 4	29
14 5	43
14 7	38
14 8	14
14 9	35
14 10	18
14 12	44
14 13	37
14 14	10
14 15	34
14 17	6
14 18	7
14 19	24
14 20	36
14 21	13
14 22	16
14 23	45
14 24	49
14 26	9
14 27	41
14 28	20
14 29	48
14 31	27
14 32	32
14 34	46
14 35	4
14 36	12
14 37	28
14 38	31
14 39	26
14 40	22
14 41	8
14 43	40
14 44	23
14 47	11
14 48	3
14 49	2
15 0	39
15 1	10
15 2	40
15 3	44
15 4	4
15 5	17
15 6	32
15 7	22
15 8	0
15 9	5
15 10	38
15 11	14
15 12	11
15 13	23
15 14	37
15 15	36
15 19	26
15 20	46
15 21	47
15 22	19
15 25	28
15 27	18
15 28	27
15 29	34
15 30	15
15 31	13
15 32	45
15 33	31
15 34	9
15 35	8
15 36	43
15 37	20
15 38	7
15 39	12
15 40	35
15 41	6
15 42	33
15 43	1
15 44	2
15 46	24
15 47	3
15 48	16
15 49	49
16 0	47
16 1	36
16 2	15
16 3	9
16 4	25
16 7	32
16 8	2
16 9	26
16 10	33
16 11	6
16 15	7
16 16	48
16 19	38
16 21	45
16 22	21
16 23	23
16 24	41
16 25	16
16 28	39
16 30	49
16 31	46
16 32	11
16 33	43
16 34	8
16 35	14
16 37	34
16 38	27
16 39	37
16 40	0
16 41	18
16 43	22
16 44	13
16 45	44
16 46	31
16 47	28
16 48	10
16 49	12
17 1	48
17 2	19
17 3	45
17 4	22
17 6	27
17 7	2
17 9	15
17 10	30
17 11	10
17 12	33
17 13	17
17 14	25
17 16	16
17 17	28
17 21	21
17 23	36
17 24	1
17 25	4
17 26	8
17 28	32
17 29	24
17 30	29
17 33	18
17 34	14
17 35	37
17 36	38
17 37	26
17 38	12
17 40	3
17 42	40
17 43	35
17 44	6
17 45	43
17 47	41
17 48	23
18 0	44
18 1	5
18 2	34
18 3	37
18 4	13
18 6	39
18 7	31
18 10	23
18 11	20
18 13	45
18 14	3
18 15	41
18 16	30
18 17	35
18 18	32
18 19	49
18 21	8
18 22	46
18 23	28
18 24	47
18 25	33
18 26	2
18 27	14
18 28	29
18 30	40
18 31	26
18 32	36
18 34	27
18 36	11
18 37	17
18 38	21
18 39	16
18 41	10
18 42	15
18 43	48
18 45	42
18 46	38
18 47	12
18 48	4
18 49	0
19 0	8
19 2	26
19 3	3
19 4	14
19 5	13
19 6	40
19 7	24
19 8	4
19 9	19
19 10	46
19 11	9
19 12	15
19 13	36
19 15	31
19 16	20
19 17	39
19 18	12
19 19	34
19 20	27
19 21	18
19 22	32
19 23	29
19 26	47
19 27	10
19 28	42
19 29	2
19 30	41
19 31	17
19 32	22
19 33	6
19 34	11
19 36	30
19 37	45
19 38	44
19 40	16
19 41	0
19 42	7
19 43	33
19 44	21
19 45	49
19 46	28
19 47	5
19 49	25
20 0	29
20 1	11
20 2	21
20 3	7
20 4	24
20 6	20
20 7	36
20 9	4
20 10	31
20 12	14
20 13	6
20 14	26
20 15	5
20 17	34
20 18	39
20 19	35
20 20	30
20 21	22
20 23	48
20 24	43
20 25	42
20 26	38
20 27	12
20 28	8
20 29	16
20 30	10
20 31	41
20 32	2
20 33	0
20 35	28
20 36	19
20 37	44
20 38	18
20 39	9
20 40	27
20 41	1
20 42	45
20 43	15
20 44	32
20 45	46
20 46	13
20 47	17
20 49	3
21 0	2
21 3	12
21 4	48
21 5	46
21 6	36
21 7	43
21 10	32
21 11	23
21 12	0
21 13	14
21 15	49
21 16	41
21 17	15
21 18	17
21 19	5
21 20	45
21 21	26
21 22	42
21 23	13
21 24	31
21 25	25
21 26	39
21 27	20
21 29	37
21 30	27
21 31	4
21 32	7
21 33	47
21 34	33
21 35	34
21 36	40
21 37	19
21 38	9
21 39	21
21 41	22
21 42	38
21 43	24
21 44	11
21 45	3
21 46	16
21 47	29
21 48	44
21 49	1
22 0	13
22 2	1
22 3	8
22 5	44
22 6	21
22 7	6
22 8	47
22 9	48
22 10	35
22 14	32
22 15	29
22 16	46
22 17	12
22 18	41
22 19	25
22 21	4
22 22	10
22 23	34
22 24	11
22 25	39
22 27	27
22 28	45
22 29	9
22 30	18
22 31	42
22 32	16
22 33	24
22 35	31
22 36	20
22 37	37
22 38	15
22 40	17
22 42	36
22 44	14
22 45	5
22 47	49
22 48	40
22 49	43
23 0	9
23 1	25
23 3	10
23 4	11
23 5	40
23 6	13
23 7	33
23 8	21
23 9	16
23 12	28
23 13	27
23 14	6
23 16	39
23 17	44
23 18	30
23 19	31
23 20	22
23 21	37
23 22	1
23 23	14
23 24	15
23 25	19
23 29	26
23 30	45
23 31	8
23 32	42
23 33	36
23 34	43
23 36	24
23 37	46
23 38	32
23 40	34
23 41	35
23 42	23
23 43	12
23 44	0
23 45	38
23 46	7
23 47	2
23 48	5
23 49	20
24 0	34
24 2	44
24 4	3
24 5	28
24 6	8
24 7	46
24 9	14
24 10	25
24 11	35
24 12	29
24 14	2
24 15	24
24 16	31
24 18	37
24 19	22
24 21	32
24 22	0
24 23	17
24 24	4
24 25	20
24 26	42
24 27	49
24 29	43
24 31	12
24 32	38
24 33	10
24 34	40
24 37	13
24 38	5
24 41	30
24 43	45
24 44	7
24 45	11
24 46	15
24 48	33
24 49	36
25 0	48
25 1	38
25 4	17
25 6	30
25 7	23
25 8	33
25 10	19
25 11	12
25 12	41
25 13	24
25 14	34
25 15	46
25 16	7
25 17	45
25 18	22
25 21	25
25 22	20
25 25	40
25 27	4
25 28	11
25 29	39
25 30	31
25 31	35
25 32	43
25 33	8
25 35	42
25 37	18
25 38	47
25 40	13
25 42	16
25 43	9
25 46	32
25 47	44
26 1	7
26 2	32
26 3	6
26 4	8
26 6	5
26 8	9
26 9	1
26 10	24
26 12	48
26 13	25
26 17	19
26 18	0
26 19	43
26 20	2
26 23	41
26 24	44
26 25	29
26 27	45
26 28	12
26 29	30
26 30	20
26 31	37
26 32	10
26 33	4
26 34	22
26 35	40
26 37	47
26 38	39
26 39	33
26 43	13
26 44	35
26 45	23
26 46	34
26 47	31
26 48	49
26 49	18
27 2	29
27 3	49
27 5	5
27 6	45
27 8	1
27 9	20
27 10	26
27 11	15
27 12	30
27 13	18
27 14	40
27 16	38
27 17	41
27 18	28
27 19	13
27 20	16
27 21	19
27 22	48
27 24	39
27 25	12
27 26	11
27 27	6
27 28	22
27 30	36
27 31	25
27 32	0
27 33	27
27 34	2
27 35	44
27 36	10
27 37	3
27 38	24
27 39	32
27 40	9
27 41	7
27 42	43
27 43	31
27 45	35
27 46	23
27 47	42
27 48	17
28 0	19
28 1	42
28 2	47
28 4	1
28 5	2
28 6	11
28 7	7
28 8	38
28 9	45
28 11	36
28 12	23
28 13	35
28 14	0
28 15	26
28 17	21
28 19	39
28 20	24
28 23	44
28 24	10
28 25	5
28 27	46
28 29	20
28 32	33
28 33	30
28 34	13
28 35	29
28 36	22
28 39	3
28 41	25
28 42	32
28 44	4
28 45	15
28 47	9
28 48	31
29 0	41
29 1	6
29 2	17
29 3	32
29 4	23
29 5	34
29 6	28
29 7	5
29 8	46
29 9	25
29 11	18
29 12	31
29 13	9
29 14	20
29 16	10
29 17	33
29 18	48
29 19	3
29 20	44
29 21	12
29 23	16
29 24	27
29 25	7
29 26	43
29 27	37
29 29	21
29 30	42
29 31	1
29 32	26
29 33	22
29 34	30
29 35	19
29 36	15
29 39	24
29 40	40
29 41	4
29 42	2
29 43	36
29 44	38
29 45	45
29 48	29
29 49	35
30 0	42
30 1	18
30 3	17
30 4	39
30 5	37
30 6	34
30 7	26
30 8	10
30 9	23
30 10	5
30 11	46
30 13	31
30 15	35
30 16	27
30 18	9
30 19	33
30 20	11
30 22	15
30 23	25
30 24	45
30 25	32
30 26	0
30 27	48
30 28	2
30 29	3
30 30	30
30 31	20
30 32	19
30 33	40
30 34	24
30 35	38
30 36	7
30 37	4
30 38	36
30 39	1
30 40	47
30 41	13
30 42	41
30 43	44
30 44	28
30 45	21
30 47	14
30 48	22
30 49	16
31 0	20
31 1	27
31 2	16
31 4	35
31 6	31
31 7	37
31 8	19
31 9	3
31 11	38
31 12	8
31 13	7
31 14	11
31 15	47
31 17	23
31 18	5
31 20	12
31 21	0
31 24	33
31 25	41
31 26	25
31 27	2
31 28	49
31 29	14
31 30	32
31 31	21
31 32	39
31 33	9
31 35	17
31 36	34
31 37	6
31 38	1
31 40	42
31 41	44
31 42	24
31 43	18
31 45	13
31 46	48
31 47	10
32 0	3
32 1	46
32 4	47
32 6	9
32 7	25
32 9	34
32 10	20
32 11	22
32 12	5
32 13	21
32 15	30
32 16	44
32 17	2
32 18	33
32 20	6
32 22	49
32 23	27
32 24	36
32 25	45
32 27	32
32 28	18
32 29	15
32 30	43
32 31	24
32 32	17
32 35	11
32 36	16
32 37	48
32 38	42
32 39	23
32 40	7
32 41	38
32 42	12
32 43	10
32 44	29
32 45	28
32 46	0
32 47	26
32 48	19
32 49	40
33 0	30
33 1	15
33 2	0
33 4	2
33 5	27
33 6	41
33 7	9
33 8	12
33 9	29
33 10	10
33 11	21
33 12	6
33 14	44
33 15	38
33 16	37
33 17	26
33 18	24
33 19	48
33 20	23
33 21	33
33 22	47
33 23	19
33 24	20
33 25	22
33 26	13
33 28	28
33 29	36
33 31	43
33 32	4
33 34	5
33 35	46
33 36	31
33 37	1
33 38	17
33 39	18
33 42	25
33 44	49
33 45	14
33 46	11
33 47	16
33 48	34
33 49	45
34 0	46
34 1	31
34 2	27
34 3	30
34 4	45
34 5	19
34 7	1
34 8	29
34 9	8
34 10	0
34 11	41
34 12	47
34 13	3
34 14	43
34 15	33
34 16	32
34 17	48
34 18	14
34 19	28
34 20	40
34 21	2
34 22	23
34 23	39
34 24	38
34 27	11
34 28	25
34 29	4
34 30	12
34 31	6
34 33	35
34 34	10
34 35	5
34 36	36
34 37	21
34 38	34
34 39	15
34 40	20
34 41	17
34 42	49
34 45	16
34 46	44
34 47	22
34 48	26
34 49	9
35 0	37
35 1	0
35 2	46
35 3	25
35 5	31
35 6	29
35 8	13
35 9	6
35 10	7
35 11	26
35 15	42
35 18	38
35 19	15
35 20	20
35 21	48
35 22	22
35 23	47
35 24	28
35 25	34
35 27	1
35 28	16
35 29	8
35 30	33
35 32	23
35 33	2
35 34	3
35 35	41
35 36	17
35 37	39
35 39	44
35 40	30
35 41	11
35 42	35
35 43	21
35 44	40
35 45	12
35 46	45
35 47	32
35 48	36
35 49	10
36 0	45
36 1	22
36 2	38
36 3	35
36 4	43
36 5	12
36 6	4
36 7	16
36 9	11
36 10	15
36 11	19
36 12	17
36 14	9
36 15	6
36 16	34
36 17	20
36 18	23
36 19	0
36 20	10
36 22	41
36 23	46
36 24	48
36 25	14
36 27	47
36 28	3
36 29	33
36 30	26
36 31	36
36 33	42
36 34	21
36 36	13
36 37	40
36 38	37
36 39	29
36 40	5
36 41	31
36 42	1
36 43	27
36 44	30
36 45	2
36 46	8
36 48	25
36 49	28
37 0	21
37 1	49
37 2	5
37 3	23
37 5	7
37 6	3
37 7	29
37 8	36
37 9	33
37 11	31
37 13	41
37 15	2
37 16	45
37 17	14
37 18	13
37 19	30
37 21	24
37 23	1
37 24	6
37 27	39
37 28	48
37 30	17
37 31	22
37 32	27
37 33	44
37 34	15
37 35	18
37 36	8
37 37	9
37 38	20
37 39	46
37 40	25
37 41	43
37 42	42
37 44	12
37 45	10
37 46	40
37 47	34
37 48	32
38 0	35
38 1	20
38 2	11
38 3	16
38 6	48
38 8	28
38 9	31
38 12	43
38 13	13
38 15	45
38 16	2
38 17	8
38 19	46
38 20	1
38 21	41
38 22	38
38 23	10
38 24	34
38 25	23
38 27	17
38 28	4
38 29	40
38 30	9
38 31	32
38 32	12
38 33	15
38 34	47
38 36	27
38 37	7
38 38	30
38 40	29
38 41	24
38 42	26
38 43	37
38 44	5
38 46	3
38 49	14
39 0	12
39 1	30
39 2	28
39 3	11
39 4	27
39 5	45
39 6	18
39 7	8
39 8	41
39 9	49
39 10	17
39 11	44
39 12	21
39 13	2
39 14	23
39 15	1
39 16	6
39 17	36
39 18	43
39 20	31
39 21	38
39 22	39
39 23	26
39 24	14
39 25	3
39 26	48
39 28	34
39 29	7
39 30	24
39 31	5
39 33	29
39 34	0
39 35	10
39 36	32
39 37	35
39 38	22
39 44	42
39 45	9
39 46	37
39 47	33
39 48	20
39 49	15
40 0	11
40 1	13
40 3	0
40 5	23
40 6	44
40 7	14
40 8	25
40 11	40
40 12	10
40 13	34
40 14	24
40 15	43
40 17	9
40 18	3
40 20	42
40 22	4
40 23	33
40 24	21
40 25	46
40 27	38
40 28	6
40 29	31
40 30	39
40 33	12
40 34	29
40 35	27
40 36	47
40 37	2
40 38	26
40 39	41
40 41	5
40 42	18
40 44	19
40 45	17
40 46	20
40 47	35
40 48	48
40 49	8
41 0	26
41 1	34
41 3	47
41 4	12
41 5	38
41 6	2
41 7	45
41 8	16
41 9	40
41 10	22
41 11	11
41 12	18
41 13	46
41 14	5
41 15	20
41 16	0
41 17	3
41 18	27
41 20	8
41 21	7
41 22	36
41 23	49
41 24	24
41 25	43
41 26	10
41 27	30
41 28	15
41 29	32
41 30	13
41 33	25
41 35	35
41 36	39
41 38	14
41 39	17
41 40	28
41 42	21
41 43	23
41 44	1
41 45	31
41 46	41
41 47	37
41 48	9
41 49	33
42 0	28
42 3	39
42 4	5
42 5	47
42 6	15
42 7	11
42 8	37
42 9	13
42 10	21
42 11	48
42 12	45
42 13	12
42 14	18
42 15	19
42 17	29
42 18	36
42 19	42
42 20	32
42 21	44
42 22	31
42 24	7
42 25	8
42 26	40
42 27	0
42 28	35
42 29	41
42 30	46
42 31	10
42 32	9
42 34	34
42 35	16
42 36	25
42 37	49
42 38	38
42 39	14
42 42	17
42 43	20
42 44	43
42 45	1
42 48	2
42 49	24
43 0	10
43 1	9
43 2	43
43 3	14
43 4	28
43 5	26
43 6	1
43 7	39
43 8	17
43 10	8
43 11	37
43 13	33
43 15	22
43 17	46
43 18	29
43 19	19
43 20	48
43 21	20
43 22	2
43 23	11
43 24	30
43 25	31
43 27	44
43 28	24
43 29	23
43 30	6
43 31	7
43 32	34
43 33	3
43 34	38
43 36	35
43 38	0
43 39	25
43 40	41
43 41	45
43 42	5
43 43	32
43 44	16
43 45	40
43 47	15
43 48	13
43 49	4
44 0	22
44 1	29
44 2	49
44 3	31
44 4	38
44 5	24
44 6	10
44 7	48
44 9	7
44 10	12
44 11	32
44 12	42
44 13	5
44 14	21
44 15	0
44 16	13
44 17	11
44 19	8
44 21	27
44 22	34
44 23	43
44 24	17
44 25	44
44 27	16
44 31	33
44 34	4
44 35	20
44 37	41
44 38	40
44 39	19
44 42	9
44 43	26
44 44	46
44 45	6
44 46	2
44 47	47
44 48	28
44 49	39
45 2	23
45 3	5
45 4	33
45 5	25
45 6	47
45 7	3
45 8	35
45 9	0
45 12	22
45 13	38
45 14	12
45 17	37
45 18	40
45 19	4
45 20	7
45 21	31
45 22	45
45 23	9
45 24	19
45 26	21
45 28	36
45 30	1
45 31	49
45 35	15
45 38	29
45 39	10
45 40	14
45 41	20
45 43	11
45 45	39
45 46	17
45 47	30
45 48	41
45 49	26
46 0	5
46 2	42
46 4	32
46 5	29
46 6	6
46 8	45
46 10	41
46 11	0
46 12	46
46 13	19
46 14	48
46 16	26
46 17	31
46 19	7
46 20	49
46 22	8
46 23	2
46 24	12
46 27	28
46 28	13
46 29	22
46 30	21
46 31	16
46 32	1
46 33	14
46 34	17
46 36	18
46 38	25
46 39	30
46 40	23
46 41	37
46 42	11
46 43	34
46 44	39
46 45	47
46 46	9
46 48	35
46 49	27
47 0	1
47 1	35
47 2	2
47 3	38
47 4	42
47 5	36
47 6	12
47 7	41
47 8	32
47 10	47
47 12	19
47 14	22
47 15	16
47 17	27
47 18	31
47 19	20
47 21	15
47 24	8
47 25	26
47 26	34
47 27	24
47 28	5
47 29	25
47 30	0
47 32	44
47 33	21
47 34	28
47 35	13
47 36	49
47 37	30
47 38	10
47 39	4
47 40	43
47 41	14
47 42	46
47 43	6
47 44	37
47 45	29
47 46	39
47 47	23
47 48	11
47 49	17
48 2	20
48 5	48
48 6	43
48 9	37
48 10	2
48 11	16
48 13	0
48 14	41
48 15	10
48 16	12
48 17	47
48 18	26
48 19	36
48 20	29
48 21	23
48 22	9
48 23	24
48 24	25
48 25	18
48 26	44
48 29	11
48 30	28
48 31	3
48 32	40
48 34	32
48 35	21
48 36	4
48 39	13
48 40	31
48 41	39
48 43	49
48 44	17
48 45	8
48 47	19
48 48	7
48 49	6
49 0	49
49 2	9
49 3	13
49 4	16
49 5	14
49 6	0
49 7	34
49 8	22
49 9	30
49 10	45
49 11	39
49 12	32
49 13	48
49 14	46
49 15	3
49 16	11
49 17	10
49 18	44
49 19	17
49 20	25
49 21	42
49 22	26
49 24	18
49 25	2
49 26	33
49 27	31
49 29	29
49 30	7
49 31	15
49 32	24
49 33	37
49 34	35
49 35	43
49 36	23
49 37	27
49 38	8
49 40	12
49 41	28
49 42	19
49 43	4
49 44	36
49 45	20
49 46	6
49 48	38
49 49	47
