50
0 0	9
0 1	37
0 2	38
0 3	15
0 4	29
0 5	23
0 7	22
0 8	26
0 9	14
0 10	27
0 11	21
0 13	17
0 14	33
0 15	8
0 16	1
0 17	16
0 18	44
0 19	32
0 21	19
0 23	3
0 24	4
0 26	41
0 27	34
0 29	28
0 30	49
0 31	46
0 32	20
0 33	35
0 34	18
0 35	43
0 36	5
0 39	6
0 40	30
0 43	11
0 44	48
0 45	12
0 46	7
0 47	39
0 48	25
0 49	40
1 0	20
1 1	33
1 3	27
1 4	12
1 7	40
1 8	15
1 9	37
1 10	38
1 11	45
1 12	5
1 13	30
1 14	49
1 16	3
1 17	23
1 18	24
1 19	18
1 20	9
1 21	36
1 22	17
1 24	14
1 26	19
1 27	39
1 28	25
1 29	21
1 30	28
1 31	48
1 32	31
1 33	43
1 34	47
1 35	2
1 37	13
1 39	32
1 41	4
1 43	1
1 44	46
1 45	6
1 46	8
1 47	10
1 48	34
1 49	0
2 1	17
2 2	15
2 3	1
2 4	47
2 5	20
2 6	16
2 7	38
2 8	21
2 9	0
2 10	42
2 12	37
2 13	32
2 14	35
2 15	41
2 16	7
2 17	36
2 18	12
2 19	40
2 21	31
2 22	43
2 24	44
2 25	13
2 26	9
2 27	29
2 28	27
2 30	45
2 31	28
2 32	30
2 33	46
2 34	3
2 35	22
2 36	33
2 37	6
2 38	39
2 39	48
2 42	8
2 44	4
2 45	5
2 46	19
2 48	11
2 49	14
3 1	15
3 2	23
3 3	44
3 4	30
3 5	42
3 6	40
3 7	5
3 8	36
3 9	20
3 12	4
3 13	33
3 15	22
3 16	0
3 19	28
3 20	8
3 21	2
3 23	47
3 24	18
3 25	14
3 26	11
3 27	37
3 28	1
3 29	12
3 30	31
3 31	39
3 32	7
3 33	6
3 34	45
3 35	29
3 36	43
3 37	41
3 38	48
3 39	26
3 40	9
3 42	16
3 43	34
3 44	38
3 45	3
3 46	17
3 48	21
3 49	24
4 0	45
4 1	0
4 3	42
4 4	1
4 6	7
4 7	39
4 8	17
4 9	27
4 10	3
4 11	43
4 12	34
4 13	28
4 15	4
4 18	13
4 19	29
4 20	11
4 22	22
4 24	26
4 25	25
4 26	40
4 29	2
4 30	47
4 31	12
4 32	41
4 33	20
4 35	8
4 36	14
4 37	24
4 38	32
4 39	38
4 40	36
4 41	6
4 44	44
4 45	16
4 46	46
4 48	35
4 49	10
5 2	5
5 3	31
5 4	23
5 5	2
5 6	19
5 7	15
5 8	7
5 9	35
5 10	10
5 11	49
5 12	24
5 13	20
5 14	45
5 15	28
5 16	12
5 17	48
5 18	33
5 19	14
5 20	29
5 22	0
5 24	25
5 25	8
5 26	26
5 28	4
5 30	32
5 31	1
5 32	3
5 34	39
5 35	16
5 36	42
5 38	13
5 40	40
5 41	46
5 43	22
5 45	30
5 46	47
5 47	18
5 48	27
5 49	37
6 0	21
6 1	29
6 2	42
6 4	16
6 5	33
6 6	2
6 7	30
6 8	40
6 9	19
6 10	6
6 11	14
6 12	8
6 13	0
6 15	5
6 16	22
6 17	11
6 18	36
6 20	43
6 21	39
6 22	34
6 23	46
6 26	27
6 27	12
6 28	17
6 29	48
6 30	44
6 32	47
6 33	26
6 34	10
6 35	24
6 36	20
6 37	4
6 39	13
6 41	49
6 42	18
6 43	23
6 45	7
6 46	25
6 47	9
6 48	32
6 49	41
7 0	37
7 1	30
7 3	4
7 4	46
7 5	43
7 6	49
7 8	10
7 9	28
7 10	23
7 13	31
7 14	5
7 16	21
7 17	0
7 18	3
7 19	20
7 20	33
7 21	40
7 22	13
7 23	1
7 24	11
7 26	12
7 27	45
7 28	16
7 29	36
7 30	35
7 32	2
7 33	9
7 35	27
7 36	29
7 37	44
7 38	6
7 40	25
7 41	48
7 42	38
7 43	18
7 44	19
7 45	8
7 46	24
7 48	17
7 49	42
8 1	28
8 2	20
8 3	39
8 4	31
8 5	19
8 6	15
8 7	1
8 8	2
8 9	12
8 10	34
8 12	26
8 13	35
8 16	25
8 17	24
8 19	43
8 20	42
8 21	45
8 22	9
8 23	21
8 24	38
8 25	30
8 26	7
8 27	8
8 28	14
8 30	46
8 32	13
8 35	40
8 37	11
8 39	4
8 40	10
8 42	36
8 43	27
8 44	32
8 46	49
8 49	16
9 0	32
9 1	19
9 2	12
9 3	23
9 5	4
9 6	30
9 7	8
9 8	11
9 9	36
9 10	9
9 11	46
9 12	3
9 14	27
9 15	43
9 17	29
9 18	10
9 19	44
9 20	7
9 21	5
9 22	1
9 24	13
9 25	39
9 26	34
9 27	35
9 28	49
9 29	40
9 30	42
9 31	37
9 32	17
9 33	48
9 34	41
9 36	45
9 38	22
9 39	16
9 40	31
9 42	20
9 43	6
9 45	15
9 46	0
9 47	33
9 48	2
9 49	21
10 0	8
10 1	32
10 2	9
10 4	0
10 6	26
10 8	12
10 9	29
10 10	16
10 11	33
10 12	30
10 14	2
10 15	42
10 16	48
10 17	46
10 18	20
10 19	23
10 20	3
10 21	10
10 22	18
10 23	13
10 24	39
10 25	4
10 26	35
10 27	25
10 28	44
10 29	22
10 30	6
10 31	17
10 32	34
10 33	5
10 34	31
10 35	11
10 36	19
10 37	47
10 38	40
10 39	27
10 40	24
10 41	41
10 42	43
10 43	49
10 45	37
10 47	38
10 48	15
10 49	36
11 0	22
11 1	42
11 2	34
11 3	32
11 4	25
11 5	15
11 6	0
11 7	13
11 8	46
11 11	5
11 12	14
11 13	27
11 14	7
11 15	10
11 16	41
11 17	2
11 18	48
11 19	1
11 20	37
11 21	49
11 22	38
11 23	31
11 24	45
11 25	17
11 26	43
11 28	36
11 29	18
11 30	9
11 31	23
11 32	4
11 33	33
11 34	24
11 35	30
11 37	19
11 40	6
11 41	26
11 42	11
11 43	3
11 44	12
11 45	47
11 47	29
12 0	48
12 1	2
12 3	34
12 4	21
12 8	18
12 9	24
12 10	39
12 11	3
12 12	28
12 13	38
12 15	35
12 16	37
12 17	41
12 18	1
12 19	0
12 20	19
12 22	15
12 23	11
12 26	36
12 27	27
12 28	8
12 30	12
12 32	25
12 33	40
12 34	20
12 35	6
12 36	9
12 37	43
12 38	14
12 39	22
12 40	4
12 42	45
12 43	26
12 45	49
12 46	13
12 47	44
13 0	10
13 2	36
13 4	44
13 5	26
13 7	3
13 8	5
13 9	21
13 10	18
13 11	41
13 12	19
13 13	24
13 14	28
13 15	6
13 16	17
13 18	27
13 19	4
13 21	22
13 22	20
13 23	15
13 24	12
13 26	30
13 27	33
13 28	9
13 29	25
13 30	8
13 31	47
13 32	23
13 33	34
13 34	1
13 35	0
13 37	42
13 38	2
13 39	31
13 40	35
13 41	32
13 42	40
13 43	7
13 44	37
13 45	45
13 46	16
13 47	46
13 49	29
14 0	41
14 1	12
14 4	17
14 5	36
14 6	21
14 7	37
14 8	35
14 9	18
14 10	8
14 11	34
14 12	47
14 13	10
14 14	0
14 15	19
14 16	11
14 17	9
14 18	38
14 19	46
14 23	14
14 24	7
14 25	27
14 26	6
14 27	2
14 28	40
14 30	23
14 31	26
14 34	5
14 35	33
14 36	25
14 37	48
14 38	42
14 39	3
14 40	16
14 41	45
14 43	39
14 45	13
14 47	28
14 48	29
14 49	43
15 1	16
15 2	44
15 3	6
15 4	24
15 5	8
15 6	9
15 7	2
15 9	5
15 10	32
15 12	23
15 13	26
15 14	20
15 15	37
15 16	33
15 17	30
15 18	15
15 19	22
15 21	7
15 22	3
15 23	38
15 25	47
15 26	45
15 27	19
15 28	28
15 29	13
15 30	4
15 32	49
15 35	1
15 36	40
15 37	34
15 40	42
15 41	17
15 43	14
15 44	43
15 45	31
15 46	27
15 47	41
15 48	12
15 49	46
16 1	11
16 3	18
16 4	48
16 5	39
16 6	35
16 7	34
16 8	45
16 9	23
16 10	44
16 11	29
16 12	21
16 13	40
16 14	8
16 16	14
16 17	25
16 18	4
16 19	10
16 20	20
16 21	28
16 22	16
16 23	7
16 25	6
16 26	24
16 27	5
16 28	38
16 29	46
16 30	43
16 31	32
16 32	37
16 35	49
16 36	41
16 38	3
16 40	1
16 41	33
16 43	12
16 44	27
16 45	17
16 46	22
16 48	9
16 49	13
17 1	43
17 2	48
17 3	37
17 4	32
17 6	18
17 7	44
17 9	41
17 10	30
17 13	34
17 15	38
17 18	26
17 19	31
17 20	16
17 21	21
17 22	6
17 23	39
17 24	29
17 25	23
17 26	20
17 27	11
17 28	10
17 29	24
17 30	5
17 31	19
17 32	45
17 33	1
17 34	49
17 35	12
17 36	17
17 37	22
17 38	8
17 39	33
17 40	7
17 41	42
17 42	46
17 43	15
17 44	14
17 45	36
17 46	2
17 48	4
18 0	11
18 1	40
18 2	32
18 3	10
18 5	1
18 7	33
18 8	3
18 9	25
18 10	29
18 11	0
18 12	27
18 13	5
18 14	34
18 15	36
18 16	2
18 17	20
18 18	16
18 19	48
18 20	44
18 21	42
18 22	30
18 23	22
18 24	21
18 25	18
18 27	23
18 28	13
18 29	43
18 30	17
18 31	6
18 32	24
18 33	15
18 34	7
18 36	26
18 38	35
18 39	37
18 40	46
18 42	14
18 43	9
18 44	41
18 45	28
18 46	38
18 47	47
18 48	19
18 49	39
19 0	27
19 1	14
19 2	28
19 4	26
19 5	13
19 6	38
19 7	18
19 8	8
19 9	39
19 10	21
19 12	22
19 13	45
19 14	30
19 15	31
19 16	43
19 17	15
19 18	42
19 19	25
19 20	41
19 21	24
19 22	48
19 23	49
19 24	47
19 25	19
19 26	37
19 27	3
19 28	23
19 29	17
19 30	40
19 31	7
19 32	5
19 33	4
19 34	46
19 35	10
19 37	0
19 38	1
19 39	2
19 41	16
19 42	6
19 43	29
19 44	35
19 46	34
19 47	12
19 48	44
19 49	9
20 0	7
20 1	45
20 2	1
20 3	21
20 6	24
20 7	43
20 8	19
20 9	4
20 10	11
20 11	12
20 12	10
20 14	6
20 15	49
20 16	23
20 18	46
20 20	38
20 21	48
20 22	29
20 23	25
20 24	33
20 25	36
20 26	3
20 28	39
20 29	47
20 30	26
20 32	16
20 33	44
20 35	32
20 36	27
20 37	8
20 38	9
20 39	28
20 40	18
20 41	22
20 42	13
20 43	20
20 46	31
20 47	42
20 48	0
21 1	9
21 2	8
21 3	43
21 5	32
21 6	31
21 7	48
21 8	41
21 9	38
21 10	15
21 11	1
21 12	16
21 13	42
21 14	19
21 15	13
21 17	40
21 18	7
21 19	21
21 20	2
21 21	47
21 22	23
21 23	24
21 24	37
21 25	49
21 26	39
21 28	11
21 29	4
21 30	29
21 31	36
21 32	14
21 33	18
21 34	30
21 35	3
21 37	12
21 38	10
21 39	17
21 40	28
21 41	44
21 42	5
21 43	0
21 44	33
21 46	35
21 49	25
22 0	24
22 1	8
22 2	6
22 3	12
22 5	27
22 6	32
22 7	10
22 8	14
22 9	48
22 10	45
22 11	4
22 12	25
22 13	49
22 14	31
22 15	16
22 16	18
22 17	47
22 19	26
22 20	23
22 22	19
22 23	5
22 25	21
22 27	30
22 28	15
22 29	41
22 30	2
22 31	40
22 32	9
22 33	13
22 34	35
22 36	22
22 37	29
22 38	46
22 39	44
22 40	17
22 41	0
22 42	7
22 43	43
22 44	34
22 45	33
22 46	3
22 47	11
22 48	37
22 49	28
23 0	42
23 1	41
23 3	26
23 4	39
23 5	6
23 6	25
23 7	23
23 9	10
23 10	43
23 11	15
23 12	2
23 13	14
23 14	36
23 15	46
23 17	3
23 18	30
23 19	33
23 20	17
23 21	38
23 22	7
23 25	40
23 27	47
23 29	34
23 30	11
23 31	44
23 33	12
23 34	28
23 35	45
23 36	13
23 37	21
23 39	5
23 40	37
23 41	20
23 44	49
23 45	4
23 48	16
23 49	18
24 0	26
24 1	20
24 3	38
24 4	41
24 5	0
24 6	13
24 7	35
24 10	37
24 11	44
24 12	46
24 13	21
24 15	18
24 16	32
24 17	6
24 18	31
24 19	39
24 20	48
24 21	3
24 23	23
24 24	49
24 25	9
24 26	16
24 27	22
24 28	24
24 29	1
24 30	34
24 31	8
24 32	43
24 33	47
24 34	29
24 35	42
24 38	25
24 39	12
24 40	14
24 41	5
24 43	28
24 44	40
24 49	27
25 0	3
25 1	18
25 2	19
25 3	13
25 4	10
25 6	45
25 8	22
25 9	26
25 10	17
25 11	11
25 13	15
25 15	12
25 17	38
25 19	42
25 20	35
25 21	20
25 22	8
25 23	33
25 24	40
25 25	7
25 26	0
25 27	6
25 28	43
25 29	30
25 32	46
25 33	25
25 34	2
25 35	36
25 36	39
25 37	23
25 38	4
25 39	21
25 41	1
25 44	24
25 45	14
25 46	37
25 47	48
25 48	41
26 0	15
26 1	36
26 2	17
26 3	22
26 4	13
26 5	24
26 6	20
26 8	44
26 9	46
26 10	49
26 11	23
26 12	41
26 14	21
26 16	26
26 17	8
26 18	18
26 19	19
26 21	11
26 22	31
26 23	6
26 25	34
26 26	47
26 27	28
26 28	45
26 29	27
26 30	33
26 31	38
26 32	40
26 33	14
26 35	48
26 36	37
26 37	39
26 38	30
26 39	35
26 40	29
26 42	0
26 43	32
26 44	9
26 45	43
26 46	1
26 48	5
26 49	3
27 0	23
27 1	39
27 2	29
27 3	24
27 4	2
27 6	6
27 7	42
27 8	28
27 9	49
27 10	12
27 11	17
27 14	40
27 15	3
27 16	8
27 17	33
27 18	22
27 19	27
27 20	32
27 21	0
27 22	25
27 23	4
27 24	16
27 25	37
27 26	38
27 28	19
27 29	45
27 30	41
27 31	13
27 32	36
27 34	44
27 35	35
27 37	31
27 38	15
27 40	20
27 42	10
27 44	11
27 45	18
27 47	34
27 48	14
27 49	5
28 0	49
28 1	24
28 3	40
28 4	33
28 5	38
28 6	14
28 7	46
28 8	4
28 9	32
28 10	1
28 11	31
28 12	13
28 13	2
28 14	26
28 15	7
28 16	44
28 17	19
28 18	34
28 21	30
28 22	11
28 24	43
28 26	15
28 27	18
28 28	47
28 29	20
28 30	22
28 32	42
28 33	36
28 34	48
28 35	5
28 37	3
28 39	0
28 40	23
28 41	28
28 44	17
28 45	21
28 46	9
28 48	39
28 49	45
29 0	5
29 3	19
29 4	11
29 5	28
29 7	9
29 9	7
29 10	24
29 11	22
29 12	36
29 14	43
29 15	21
29 16	45
29 17	34
29 18	37
29 20	15
29 21	14
29 22	26
29 23	20
29 24	41
29 25	12
29 26	46
29 27	40
29 28	29
29 29	42
29 30	10
29 32	44
29 35	18
29 36	32
29 38	38
29 39	25
29 40	0
29 41	39
29 42	30
29 43	31
29 44	47
29 45	48
29 47	2
29 48	1
30 1	34
30 4	22
30 6	10
30 8	31
30 9	2
30 10	4
30 11	9
30 13	41
30 14	39
30 16	16
30 17	14
30 19	36
30 21	6
30 24	30
30 25	44
30 26	33
30 27	24
30 28	32
30 31	45
30 33	11
30 34	43
30 35	17
30 36	7
30 37	38
30 38	20
30 39	47
30 40	8
30 42	1
30 43	42
30 44	3
30 45	40
30 46	5
30 47	26
30 48	48
30 49	23
31 0	14
31 1	10
31 2	3
31 3	30
31 4	28
31 5	34
31 6	11
31 7	27
31 8	37
31 9	6
31 10	2
31 11	47
31 12	40
31 13	23
31 14	4
31 15	26
31 16	29
31 17	42
31 18	43
31 20	1
31 21	46
31 22	24
31 24	22
31 25	45
31 26	5
31 27	31
31 28	7
31 29	35
31 30	20
31 31	25
31 34	17
31 35	44
31 36	38
31 38	19
31 41	15
31 43	41
31 45	9
31 46	18
31 47	13
31 48	33
31 49	32
32 0	47
32 2	18
32 3	45
32 4	6
32 5	16
32 6	1
32 7	41
32 8	13
32 9	9
32 10	26
32 11	35
32 12	42
32 13	3
32 14	12
32 15	40
32 16	28
32 17	4
32 18	25
32 19	11
32 20	36
32 22	37
32 23	17
32 24	10
32 26	2
32 27	38
32 28	22
32 29	0
32 30	21
32 31	43
32 32	15
32 33	49
32 34	14
32 35	34
32 36	30
32 37	7
32 38	24
32 39	29
32 40	5
32 41	19
32 42	23
32 43	48
32 44	31
32 46	33
32 48	20
32 49	44
33 0	2
33 1	1
33 2	24
33 3	48
33 4	3
33 5	9
33 6	29
33 7	16
33 8	49
33 9	13
33 10	36
33 11	19
33 12	17
33 13	11
33 14	14
33 15	33
33 16	6
33 17	39
33 18	45
33 19	5
33 20	31
33 21	32
33 22	42
33 23	43
33 24	8
33 25	0
33 27	4
33 28	41
33 29	15
33 30	37
33 31	20
33 32	10
33 34	27
33 35	26
33 38	47
33 39	18
33 41	38
33 45	34
33 46	30
33 49	7
34 0	12
34 1	27
34 2	43
34 5	30
34 6	48
34 7	24
34 8	42
34 9	22
34 10	14
34 11	32
34 12	29
34 13	8
34 15	34
34 16	13
34 17	37
34 19	6
34 20	26
34 22	39
34 23	41
34 24	35
34 25	20
34 26	10
34 27	0
34 29	7
34 30	38
34 32	18
34 33	31
34 34	40
34 35	4
34 36	11
34 37	33
34 38	17
34 39	46
34 40	47
34 41	36
34 42	3
34 43	45
34 44	1
34 46	44
34 47	49
34 49	19
35 0	16
35 1	5
35 2	31
35 4	19
35 5	7
35 6	46
35 8	1
35 9	42
35 10	25
35 11	38
35 13	22
35 14	44
35 15	39
35 17	18
35 18	0
35 19	45
35 21	17
35 22	32
35 24	3
35 26	28
35 28	48
35 29	26
35 30	14
35 31	41
35 33	21
35 34	13
35 35	37
35 36	47
35 37	20
35 38	34
35 39	15
35 42	24
35 43	2
35 44	8
35 46	23
35 48	36
35 49	6
36 0	38
36 1	23
36 2	14
36 4	15
36 6	33
36 7	19
36 8	32
36 9	45
36 10	28
36 11	48
36 12	39
36 13	18
36 14	37
36 15	17
36 16	10
36 17	22
36 18	8
36 19	35
36 21	4
36 22	27
36 23	29
36 24	20
36 25	31
36 26	25
36 27	26
36 28	2
36 29	16
36 30	24
36 31	21
36 32	11
36 33	3
36 34	0
36 35	9
36 36	44
36 37	46
36 38	5
36 40	13
36 41	12
36 42	41
36 43	30
36 44	6
36 47	43
36 48	49
36 49	1
37 0	31
37 1	21
37 2	27
37 3	20
37 5	17
37 7	28
37 8	9
37 9	47
37 11	40
37 12	38
37 15	24
37 17	44
37 18	41
37 19	3
37 20	12
37 22	4
37 23	35
37 24	1
37 25	42
37 26	8
37 28	33
37 29	19
37 30	0
37 32	39
37 33	29
37 34	11
37 36	10
37 37	32
37 38	45
37 39	34
37 43	46
37 44	16
37 45	25
37 46	48
37 47	30
37 48	6
37 49	49
38 0	30
38 1	22
38 2	21
38 3	3
38 4	9
38 5	10
38 6	36
38 9	34
38 10	40
38 11	13
38 12	31
38 13	46
38 14	32
38 15	47
38 16	24
38 17	1
38 19	49
38 21	35
38 23	18
38 24	5
38 25	2
38 27	17
38 29	23
38 30	48
38 31	0
38 33	41
38 34	12
38 35	20
38 36	15
38 37	37
38 38	44
38 39	19
38 40	39
38 41	25
38 43	16
38 44	29
38 45	38
38 46	43
38 47	6
38 48	8
38 49	26
39 0	4
39 2	47
39 3	17
39 4	8
39 5	44
39 6	22
39 7	20
39 8	24
39 11	16
39 12	1
39 14	3
39 15	9
39 17	32
39 19	12
39 20	39
39 21	27
39 22	5
39 23	34
39 24	23
39 25	28
39 26	31
39 27	14
39 28	26
39 29	29
39 31	49
39 33	30
39 34	6
39 35	15
39 36	21
39 37	18
39 38	0
39 39	45
39 41	11
39 42	37
39 43	13
39 44	10
39 46	40
39 47	7
40 0	39
40 2	11
40 3	8
40 4	34
40 5	3
40 7	21
40 8	20
40 9	31
40 10	47
40 11	30
40 12	6
40 13	29
40 14	18
40 16	35
40 17	5
40 18	14
40 19	17
40 20	49
40 22	41
40 24	24
40 25	22
40 27	48
40 28	46
40 29	9
40 30	7
40 32	12
40 34	4
40 36	2
40 39	40
40 40	33
40 41	27
40 42	25
40 44	36
40 45	23
40 48	42
40 49	38
41 0	28
41 1	7
41 2	35
41 4	36
41 5	29
41 6	3
41 7	45
41 9	11
41 10	5
41 12	15
41 13	43
41 16	49
41 17	27
41 19	16
41 20	25
41 22	47
41 23	40
41 24	9
41 25	33
41 27	32
41 28	6
41 29	38
41 30	1
41 32	21
41 33	10
41 34	37
41 35	19
41 36	31
41 37	2
41 38	12
41 39	24
41 41	30
41 42	44
41 43	8
41 44	20
41 45	26
41 46	41
41 47	14
41 49	4
42 0	33
42 1	44
42 3	2
42 4	49
42 6	4
42 8	38
42 9	40
42 10	41
42 11	24
42 13	7
42 14	42
42 15	48
42 16	47
42 17	43
42 18	19
42 19	34
42 20	5
42 21	25
42 22	12
42 24	15
42 25	46
42 26	32
42 27	10
42 28	20
42 29	14
42 30	16
42 32	26
42 34	36
42 35	39
42 36	8
42 37	35
42 38	11
42 41	21
42 42	27
42 43	17
42 44	23
42 45	1
42 46	28
42 48	13
42 49	22
43 0	35
43 2	39
43 3	16
43 4	14
43 5	31
43 6	5
43 7	11
43 8	47
43 9	8
43 10	0
43 11	18
43 12	49
43 14	41
43 15	30
43 16	34
43 18	29
43 20	28
43 22	45
43 23	9
43 24	42
43 26	17
43 27	7
43 28	37
43 29	3
43 30	36
43 32	32
43 33	27
43 34	25
43 35	21
43 36	6
43 37	1
43 38	26
43 39	23
43 40	19
43 41	40
43 42	22
43 43	33
43 45	46
43 46	12
43 47	24
44 0	0
44 1	31
44 2	46
44 3	9
44 4	27
44 7	25
44 8	34
44 11	7
44 12	43
44 13	16
44 14	47
44 15	32
44 17	45
44 18	6
44 19	15
44 20	22
44 21	41
44 23	2
44 24	19
44 25	26
44 27	44
44 28	3
44 29	5
44 30	39
44 32	8
44 33	42
44 34	38
44 35	23
44 36	24
44 37	17
44 38	18
44 40	49
44 42	48
44 43	21
44 44	13
44 49	35
45 0	43
45 1	25
45 2	45
45 4	37
45 5	22
45 6	8
45 7	0
45 8	29
45 9	33
45 10	7
45 11	28
45 12	35
45 14	11
45 15	2
45 16	36
45 17	26
45 18	40
45 19	9
45 21	12
45 22	21
45 23	19
45 24	17
45 25	1
45 26	48
45 27	13
45 29	6
45 30	3
45 31	14
45 34	32
45 35	46
45 38	49
45 39	10
45 40	27
45 41	34
45 42	15
45 43	44
45 44	18
45 45	20
45 46	42
45 47	4
45 48	24
45 49	31
46 0	1
46 1	49
46 2	10
46 3	36
46 5	48
46 6	34
46 7	31
46 9	3
46 12	11
46 13	4
46 14	29
46 15	27
46 16	5
46 17	35
46 18	47
46 19	37
46 20	40
46 21	26
46 22	46
46 23	45
46 24	6
46 25	41
46 27	42
46 28	12
46 29	44
46 30	15
46 31	24
46 32	0
46 33	22
46 34	9
46 36	16
46 37	25
46 39	43
46 41	13
46 42	39
46 44	30
46 45	19
46 46	32
46 48	28
46 49	17
47 0	40
47 1	4
47 2	37
47 3	5
47 4	38
47 5	49
47 6	41
47 7	26
47 9	30
47 10	13
47 11	42
47 12	44
47 13	19
47 14	24
47 16	27
47 17	7
47 20	46
47 22	14
47 24	0
47 26	21
47 27	1
47 28	34
47 30	18
47 31	11
47 32	29
47 33	28
47 34	33
47 35	25
47 36	48
47 38	23
47 39	8
47 40	45
47 41	3
47 42	17
47 43	36
47 44	2
47 47	15
48 0	29
48 2	40
48 3	14
48 4	42
48 5	18
48 6	27
48 7	36
48 9	17
48 10	31
48 11	10
48 12	20
48 15	45
48 16	19
48 17	21
48 18	28
48 19	24
48 20	4
48 21	33
48 22	49
48 23	12
48 24	34
48 25	35
48 26	23
48 27	46
48 28	5
48 29	39
48 30	13
48 31	3
48 32	22
48 33	8
48 34	16
48 35	41
48 36	0
48 37	26
48 39	1
48 40	32
48 41	2
48 42	9
48 43	25
48 44	7
48 45	44
48 46	15
48 47	37
48 48	30
49 0	34
49 1	38
49 2	22
49 3	25
49 4	35
49 5	11
49 6	42
49 7	17
49 8	43
49 9	16
49 10	48
49 11	37
49 12	9
49 13	47
49 14	46
49 15	1
49 16	39
49 17	12
49 18	23
49 19	7
49 20	21
49 21	13
49 22	36
49 24	32
49 25	5
49 26	29
49 27	15
49 28	31
49 29	8
49 30	30
49 31	18
49 32	6
49 34	26
49 35	28
49 36	3
49 37	40
49 38	27
49 40	41
49 41	10
49 43	4
49 45	24
49 46	14
49 48	45
49 49	2
