50
0 1	11
0 7	36
0 9	32
0 11	18
0 19	37
0 30	26
0 32	3
0 35	1
0 36	13
0 37	2
0 38	35
0 39	45
0 40	49
0 41	19
0 42	29
1 0	38
1 5	48
1 7	24
1 9	16
1 20	2
1 24	15
1 25	33
1 28	5
1 31	43
1 33	7
1 39	36
1 40	3
1 41	6
1 44	29
1 48	40
2 8	43
2 10	41
2 14	49
2 23	33
2 33	19
2 35	26
2 36	12
2 38	36
2 39	21
2 40	0
2 44	35
3 7	20
3 8	25
3 11	24
3 15	11
3 16	3
3 26	35
3 27	1
3 29	36
3 36	41
3 37	15
3 38	48
3 39	9
3 44	7
3 45	18
4 0	26
4 3	32
4 7	22
4 10	16
4 17	21
4 21	18
4 22	45
4 30	4
4 33	2
4 43	33
4 46	37
4 49	9
5 1	6
5 3	42
5 4	10
5 6	47
5 12	43
5 14	1
5 16	44
5 26	15
5 29	22
5 33	4
5 40	11
5 43	12
5 48	14
6 1	44
6 5	41
6 10	15
6 13	48
6 16	5
6 26	12
6 30	21
6 32	14
6 40	25
6 42	47
6 46	27
7 1	4
7 2	31
7 3	35
7 7	39
7 10	23
7 11	42
7 14	16
7 16	36
7 19	12
7 23	46
7 26	41
7 29	38
7 35	37
7 36	15
7 37	33
7 41	34
7 42	2
7 44	32
7 46	24
7 49	43
8 0	12
8 2	33
8 6	6
8 9	47
8 10	37
8 16	16
8 19	5
8 21	45
8 22	11
8 23	35
8 27	13
8 31	38
8 32	36
8 38	7
8 43	15
8 44	8
8 47	42
9 2	39
9 3	38
9 8	12
9 10	20
9 12	22
9 19	8
9 21	19
9 26	27
9 29	23
9 30	47
9 37	5
9 45	49
9 47	10
10 2	18
10 6	48
10 13	3
10 15	49
10 20	20
10 21	28
10 23	9
10 24	24
10 27	7
10 29	30
10 31	42
10 32	10
10 34	16
10 39	22
10 40	4
10 47	33
10 49	12
11 2	36
11 5	4
11 6	43
11 8	15
11 9	3
11 12	40
11 24	35
11 27	0
11 32	22
11 38	17
11 40	30
11 43	1
12 1	26
12 2	32
12 5	13
12 8	7
12 9	28
12 10	4
12 16	11
12 17	12
12 28	37
12 29	44
12 32	39
12 37	35
12 38	20
12 42	42
12 43	9
12 45	24
12 46	2
13 2	16
13 5	9
13 6	14
13 7	32
13 9	12
13 11	43
13 13	44
13 14	35
13 16	28
13 22	34
13 27	31
13 29	6
13 32	2
13 33	47
13 41	22
13 46	7
13 48	20
13 49	3
14 1	35
14 2	21
14 4	8
14 8	36
14 10	11
14 11	13
14 15	3
14 20	0
14 22	4
14 26	26
14 35	47
14 37	28
14 41	45
15 2	46
15 8	23
15 10	40
15 11	28
15 12	32
15 14	14
15 19	31
15 23	3
15 26	10
15 28	12
15 30	8
15 31	16
15 35	9
15 47	18
15 48	5
16 0	15
16 9	46
16 15	10
16 17	4
16 18	28
16 22	31
16 26	13
16 31	9
16 33	42
16 35	6
16 36	26
16 45	36
17 6	41
17 7	26
17 11	38
17 12	33
17 14	25
17 17	37
17 23	24
17 28	31
17 33	21
17 34	19
17 36	44
17 38	23
17 40	42
17 42	11
17 43	7
17 45	15
17 49	22
18 2	12
18 7	41
18 8	42
18 12	30
18 14	28
18 16	4
18 19	3
18 20	31
18 24	7
18 26	47
18 29	9
18 33	39
18 38	18
18 40	16
18 41	35
18 49	6
19 1	20
19 10	29
19 14	17
19 23	19
19 29	45
19 31	0
19 32	5
19 33	15
19 34	8
19 39	4
19 41	27
19 42	36
19 43	13
20 2	37
20 4	17
20 6	31
20 9	42
20 17	38
20 30	32
20 32	1
20 34	7
20 35	22
20 38	29
20 41	47
20 45	39
21 2	27
21 5	44
21 6	1
21 13	31
21 14	15
21 16	7
21 19	41
21 22	37
21 24	22
21 27	35
21 31	4
21 36	18
21 39	32
21 40	47
21 44	21
21 47	39
22 3	12
22 6	4
22 7	48
22 15	17
22 17	15
22 18	29
22 20	1
22 24	36
22 26	33
22 35	11
22 38	46
22 43	23
22 48	42
22 49	38
23 0	3
23 4	25
23 9	15
23 10	9
23 11	21
23 12	24
23 13	42
23 15	5
23 16	46
23 18	1
23 19	7
23 25	29
23 31	17
23 32	26
23 37	6
23 39	44
23 42	0
23 43	45
23 44	13
23 45	10
23 48	2
23 49	18
24 3	34
24 5	32
24 6	29
24 7	43
24 9	20
24 10	44
24 15	26
24 19	48
24 20	28
24 24	37
24 25	14
24 28	27
24 31	12
24 32	9
24 43	10
24 45	11
25 0	43
25 1	42
25 5	39
25 12	29
25 13	47
25 16	6
25 17	30
25 23	41
25 24	32
25 29	13
25 32	16
25 35	21
25 38	14
25 42	33
25 47	37
26 4	39
26 7	14
26 13	35
26 19	17
26 21	26
26 22	7
26 27	2
26 30	23
26 31	6
26 32	13
26 35	30
26 39	3
26 43	43
27 3	39
27 4	37
27 7	2
27 8	13
27 11	26
27 13	32
27 15	31
27 17	5
27 20	49
27 24	46
27 25	16
27 26	9
27 28	14
27 36	17
27 37	30
27 39	1
27 41	8
27 42	10
27 44	38
27 47	7
28 0	18
28 1	34
28 9	7
28 10	22
28 12	47
28 18	19
28 24	42
28 25	46
28 26	16
28 27	15
28 30	6
28 33	3
28 37	9
28 38	12
28 41	49
29 2	24
29 5	6
29 6	0
29 21	17
29 29	31
29 31	41
29 35	15
29 37	49
29 38	34
29 46	38
29 47	22
29 48	11
30 1	37
30 2	20
30 8	21
30 9	34
30 11	15
30 13	4
30 14	19
30 15	13
30 20	46
30 24	16
30 26	31
30 27	39
30 29	33
30 37	40
30 42	22
31 2	2
31 4	12
31 7	21
31 11	44
31 12	23
31 14	27
31 16	45
31 18	22
31 19	20
31 22	15
31 23	6
31 28	10
31 30	36
31 35	29
31 36	14
31 40	1
31 42	43
31 44	0
31 45	17
31 47	31
31 49	47
32 3	36
32 11	37
32 12	38
32 13	21
32 15	2
32 18	45
32 21	8
32 25	20
32 26	30
32 30	29
32 34	10
32 40	35
32 43	40
32 45	28
32 46	31
32 49	7
33 0	44
33 3	7
33 4	48
33 5	49
33 8	18
33 10	34
33 16	35
33 22	3
33 23	28
33 29	25
33 32	6
33 35	42
33 37	26
33 39	5
33 42	37
33 44	27
33 45	31
33 48	4
34 1	29
34 5	26
34 11	35
34 17	27
34 20	13
34 21	12
34 23	14
34 27	3
34 31	8
34 32	0
34 36	11
34 39	43
34 40	17
34 43	28
34 44	20
34 45	38
35 2	49
35 4	44
35 5	28
35 8	37
35 10	36
35 14	33
35 16	32
35 20	34
35 27	9
35 36	0
35 39	17
35 40	38
35 41	29
35 45	3
35 46	5
35 48	21
36 7	47
36 9	44
36 10	0
36 15	25
36 16	18
36 19	28
36 20	33
36 26	17
36 31	15
36 33	11
36 35	32
36 36	35
36 40	21
36 45	12
36 46	6
37 11	36
37 12	48
37 19	21
37 24	33
37 34	1
37 36	43
37 38	27
37 41	5
37 45	46
37 48	17
38 7	38
38 8	19
38 12	18
38 14	47
38 15	7
38 16	29
38 17	17
38 19	13
38 21	31
38 29	49
38 31	35
38 35	0
38 36	2
38 39	41
38 40	12
38 41	21
38 42	32
38 43	8
38 44	22
39 6	34
39 8	10
39 13	0
39 16	33
39 21	14
39 27	37
39 29	43
39 32	44
39 40	20
39 44	9
39 45	8
39 46	3
39 47	25
40 5	14
40 7	33
40 9	48
40 10	25
40 13	29
40 15	32
40 24	12
40 28	3
40 30	9
40 35	49
40 40	36
40 45	16
40 49	11
41 4	6
41 5	3
41 7	15
41 10	13
41 12	46
41 13	14
41 17	0
41 21	36
41 22	25
41 28	48
41 30	2
41 31	5
41 33	28
41 37	41
41 40	19
41 42	9
41 45	4
42 6	20
42 12	28
42 16	26
42 17	33
42 24	17
42 28	29
42 30	24
42 36	31
42 40	5
42 41	32
42 44	23
42 46	42
43 0	13
43 2	47
43 4	35
43 5	46
43 8	39
43 9	17
43 12	3
43 15	0
43 16	1
43 17	18
43 20	7
43 26	11
43 32	34
43 33	25
43 34	37
43 38	8
43 39	48
43 42	15
43 44	49
43 45	14
44 1	48
44 2	34
44 5	45
44 6	33
44 7	18
44 9	27
44 12	19
44 15	28
44 16	41
44 20	3
44 21	23
44 24	11
44 25	37
44 26	0
44 27	44
44 28	40
44 33	12
44 35	39
44 37	47
44 43	49
44 44	5
45 1	27
45 2	43
45 4	22
45 7	16
45 9	31
45 14	4
45 15	24
45 16	2
45 20	5
45 30	11
45 35	18
45 41	17
45 49	37
46 0	6
46 1	28
46 5	40
46 7	17
46 10	10
46 11	20
46 23	37
46 29	27
46 30	31
46 38	32
46 42	16
46 44	15
46 46	41
46 48	13
47 3	17
47 10	32
47 11	4
47 12	0
47 14	7
47 15	39
47 19	45
47 31	30
47 33	9
47 38	5
47 42	27
47 48	15
48 9	21
48 13	39
48 18	36
48 22	49
48 30	40
48 32	41
48 33	31
48 35	10
48 41	13
48 45	33
48 48	35
49 9	9
49 12	17
49 15	8
49 20	36
49 23	45
49 25	0
49 28	35
49 34	23
49 39	42
49 41	15
49 42	20
49 46	12
