50
0 0	16
0 2	5
0 3	2
0 4	48
0 7	35
0 8	8
0 11	13
0 12	49
0 13	41
0 15	43
0 17	45
0 18	32
0 20	9
0 23	23
0 25	28
0 28	21
0 29	34
0 30	42
0 31	17
0 32	1
0 33	29
0 34	11
0 35	47
0 36	4
0 37	31
0 39	38
0 40	22
0 41	44
0 42	33
0 44	12
0 47	10
0 48	0
0 49	24
1 0	7
1 1	1
1 3	36
1 5	23
1 6	47
1 7	20
1 8	40
1 9	15
1 10	25
1 11	35
1 12	8
1 13	39
1 14	30
1 15	37
1 16	14
1 17	2
1 18	48
1 19	44
1 20	46
1 21	5
1 28	31
1 30	12
1 33	38
1 35	27
1 38	22
1 40	32
1 41	17
1 42	19
1 45	6
1 46	4
1 47	45
2 1	41
2 2	10
2 3	38
2 4	24
2 6	44
2 9	21
2 12	4
2 13	15
2 15	17
2 16	48
2 17	27
2 18	39
2 19	6
2 20	35
2 21	16
2 22	8
2 23	13
2 25	29
2 26	47
2 28	5
2 31	30
2 32	2
2 33	20
2 37	25
2 38	18
2 40	12
2 41	23
2 42	9
2 43	7
2 45	43
2 46	45
2 47	33
2 49	1
3 0	10
3 1	19
3 3	13
3 5	49
3 6	33
3 7	4
3 8	17
3 9	14
3 11	41
3 13	5
3 14	42
3 15	16
3 16	9
3 17	40
3 18	8
3 20	18
3 21	45
3 23	35
3 24	38
3 25	48
3 28	23
3 29	21
3 32	37
3 35	11
3 36	31
3 37	30
3 38	47
3 39	15
3 41	28
3 42	39
3 44	22
3 46	7
3 48	20
3 49	2
4 0	39
4 2	13
4 3	27
4 6	15
4 7	41
4 8	2
4 9	44
4 10	11
4 11	30
4 12	42
4 13	32
4 15	9
4 16	23
4 17	3
4 19	34
4 20	5
4 22	18
4 24	48
4 25	19
4 26	38
4 27	47
4 28	16
4 29	24
4 30	0
4 32	36
4 34	22
4 35	7
4 36	12
4 38	6
4 39	49
4 40	20
4 42	14
4 43	35
4 45	4
4 46	25
4 47	31
4 48	10
4 49	28
5 2	35
5 4	34
5 5	19
5 7	25
5 8	30
5 9	41
5 10	20
5 11	18
5 13	36
5 14	9
5 16	24
5 17	37
5 20	7
5 22	17
5 25	33
5 26	3
5 27	5
5 28	47
5 29	14
5 30	22
5 32	0
5 33	23
5 36	1
5 38	31
5 39	8
5 40	38
5 43	44
5 45	29
5 46	11
5 47	27
5 48	13
5 49	15
6 0	11
6 1	42
6 2	45
6 4	21
6 5	1
6 7	24
6 8	18
6 9	48
6 12	6
6 13	38
6 14	36
6 15	28
6 16	37
6 17	12
6 19	15
6 21	30
6 22	26
6 23	32
6 25	10
6 31	43
6 32	9
6 33	35
6 35	14
6 37	39
6 38	3
6 41	20
6 42	5
6 43	49
6 44	34
6 45	25
6 47	4
6 49	19
7 0	18
7 2	38
7 3	28
7 4	10
7 6	0
7 7	36
7 8	25
7 15	47
7 16	45
7 17	44
7 18	11
7 19	16
7 21	6
7 22	32
7 23	5
7 24	31
7 26	33
7 27	2
7 28	19
7 31	8
7 33	3
7 34	39
7 35	1
7 36	30
7 37	46
7 39	27
7 41	9
7 42	24
7 43	17
7 44	26
7 45	48
7 46	13
7 48	21
7 49	40
8 0	2
8 2	14
8 4	47
8 5	46
8 6	38
8 7	19
8 9	8
8 10	24
8 11	34
8 12	7
8 13	13
8 17	26
8 18	6
8 19	40
8 22	28
8 23	48
8 25	30
8 26	35
8 27	9
8 28	41
8 29	1
8 30	39
8 31	12
8 32	18
8 33	37
8 34	16
8 36	5
8 38	20
8 39	17
8 40	0
8 41	42
8 42	25
8 43	36
8 44	33
8 45	15
8 46	31
8 49	32
9 0	27
9 2	21
9 4	42
9 5	17
9 6	20
9 8	28
9 9	39
9 10	8
9 11	6
9 12	36
9 13	46
9 15	48
9 17	23
9 18	34
9 19	25
9 21	19
9 23	45
9 24	9
9 26	2
9 27	7
9 29	31
9 31	0
9 32	49
9 33	24
9 35	18
9 36	40
9 37	43
9 38	11
9 39	1
9 41	4
9 42	38
9 43	12
9 45	16
9 46	26
9 49	22
10 0	4
10 2	1
10 6	23
10 8	48
10 9	36
10 10	12
10 11	39
10 12	15
10 13	42
10 14	31
10 15	24
10 16	20
10 17	46
10 18	33
10 20	34
10 22	16
10 24	25
10 25	11
10 28	44
10 29	18
10 30	10
10 31	37
10 34	38
10 36	21
10 37	19
10 38	17
10 39	9
10 40	47
10 41	13
10 44	3
10 45	32
10 46	29
10 47	2
10 48	6
10 49	8
11 0	25
11 1	16
11 2	15
11 3	17
11 5	18
11 6	32
11 8	7
11 9	1
11 10	35
11 11	31
11 12	28
11 14	43
11 15	0
11 16	49
11 24	39
11 25	2
11 26	11
11 27	46
11 28	22
11 29	12
11 30	26
11 31	38
11 32	5
11 33	33
11 36	37
11 37	10
11 38	45
11 40	29
11 41	8
11 42	13
11 43	20
11 44	19
11 46	34
11 47	21
11 48	4
11 49	48
12 0	5
12 2	25
12 4	49
12 7	32
12 8	3
12 10	45
12 11	20
12 13	9
12 14	24
12 15	31
12 16	15
12 18	38
12 19	28
12 20	47
12 23	27
12 24	23
12 26	42
12 27	22
12 28	6
12 30	11
12 31	21
12 32	14
12 34	34
12 35	44
12 37	1
12 39	37
12 40	4
12 41	0
12 45	7
12 46	19
12 47	17
13 0	38
13 1	4
13 2	12
13 3	10
13 4	37
13 5	27
13 7	13
13 9	30
13 10	23
13 13	6
13 14	26
13 15	8
13 16	28
13 17	17
13 18	21
13 19	36
13 20	45
13 21	34
13 22	47
13 23	0
13 25	24
13 26	43
13 28	15
13 29	39
13 30	48
13 33	44
13 36	20
13 37	14
13 38	5
13 39	22
13 40	35
13 41	49
13 42	1
13 43	2
13 45	9
13 46	16
13 48	7
13 49	41
14 1	30
14 2	39
14 3	7
14 4	27
14 5	14
14 6	9
14 7	23
14 9	4
14 10	15
14 11	24
14 13	26
14 14	25
14 15	2
14 16	11
14 18	45
14 21	42
14 23	21
14 24	28
14 25	49
14 26	44
14 27	10
14 29	38
14 31	6
14 33	48
14 34	33
14 35	46
14 36	22
14 37	8
14 38	35
14 39	12
14 40	43
14 41	29
14 42	18
14 43	16
14 44	32
14 45	36
14 46	20
14 48	34
14 49	37
15 0	3
15 1	44
15 2	17
15 3	39
15 4	26
15 5	47
15 6	46
15 7	38
15 8	27
15 9	40
15 10	5
15 11	21
15 12	11
15 13	22
15 14	2
15 17	19
15 18	31
15 20	6
15 21	25
15 22	20
15 25	1
15 27	12
15 29	0
15 30	23
15 35	42
15 36	45
15 39	48
15 41	10
15 43	4
15 45	14
15 47	18
15 48	33
15 49	34
16 0	23
16 4	17
16 5	37
16 6	35
16 7	43
16 8	36
16 9	28
16 10	33
16 11	10
16 12	16
16 13	4
16 14	44
16 16	19
16 17	11
16 19	21
16 20	41
16 22	31
16 23	47
16 24	32
16 25	38
16 26	45
16 28	18
16 29	30
16 30	7
16 31	5
16 32	39
16 34	20
16 35	22
16 37	40
16 39	13
16 40	8
16 41	6
16 43	14
16 44	25
16 45	2
16 46	27
16 47	42
16 48	48
16 49	29
17 0	31
17 5	42
17 6	36
17 9	11
17 11	33
17 12	37
17 13	21
17 16	25
17 17	41
17 18	26
17 19	45
17 21	24
17 23	19
17 25	27
17 26	15
17 27	20
17 28	46
17 29	44
17 31	47
17 33	14
17 34	23
17 35	13
17 38	4
17 39	40
17 40	9
17 43	48
17 45	30
17 46	18
17 47	7
17 48	39
17 49	10
18 1	20
18 3	19
18 4	7
18 6	42
18 7	26
18 8	16
18 10	36
18 12	17
18 13	0
18 14	18
18 15	38
18 16	21
18 17	15
18 19	11
18 20	1
18 21	10
18 24	27
18 25	14
18 26	31
18 27	23
18 28	29
18 29	47
18 30	30
18 33	34
18 35	45
18 36	2
18 37	37
18 38	9
18 39	39
18 40	40
18 41	35
18 42	6
18 43	3
18 44	46
18 45	5
18 46	8
18 47	25
18 48	12
18 49	43
19 1	40
19 2	37
19 3	24
19 4	14
19 5	35
19 7	33
19 8	23
19 9	29
19 10	46
19 12	13
19 13	3
19 14	19
19 15	42
19 16	47
19 17	8
19 18	30
19 19	48
19 21	22
19 23	17
19 24	16
19 25	21
19 26	1
19 27	43
19 28	39
19 29	10
19 31	34
19 32	20
19 33	12
19 34	41
19 36	38
19 38	28
19 40	31
19 41	5
19 42	11
19 44	44
19 45	49
19 46	15
19 47	26
19 48	18
19 49	25
20 0	14
20 2	7
20 3	45
20 4	3
20 6	17
20 8	34
20 9	13
20 11	40
20 12	41
20 13	28
20 14	8
20 15	49
20 16	1
20 17	32
20 18	44
20 19	10
20 20	20
20 21	43
20 22	23
20 23	38
20 24	12
20 25	39
20 27	25
20 28	11
20 29	5
20 30	6
20 31	9
20 32	46
20 33	36
20 34	29
20 35	37
20 37	21
20 38	16
20 39	26
20 42	48
20 43	31
20 45	19
20 46	47
20 47	22
21 0	46
21 4	31
21 6	34
21 7	37
21 8	39
21 9	0
21 10	30
21 11	29
21 12	45
21 13	33
21 14	6
21 15	15
21 17	42
21 18	17
21 21	14
21 22	5
21 24	24
21 25	12
21 26	27
21 27	1
21 29	40
21 30	44
21 31	35
21 32	32
21 33	4
21 34	28
21 35	19
21 36	13
21 37	23
21 38	43
21 41	48
21 42	47
21 45	10
21 46	21
21 47	20
21 48	26
21 49	38
22 0	34
22 2	42
22 3	11
22 4	41
22 5	8
22 7	21
22 8	46
22 9	43
22 10	16
22 11	26
22 12	32
22 13	10
22 14	27
22 15	4
22 17	49
22 18	36
22 19	29
22 20	40
22 21	48
22 23	20
22 24	5
22 25	0
22 27	35
22 29	9
22 30	1
22 31	28
22 32	47
22 33	18
22 34	17
22 35	3
22 36	25
22 37	13
22 38	14
22 39	31
22 40	15
22 42	7
22 43	19
22 44	2
22 45	22
22 46	33
22 47	6
22 49	39
23 0	1
23 1	13
23 4	22
23 6	16
23 7	9
23 10	39
23 11	5
23 13	19
23 16	12
23 17	4
23 19	35
23 21	18
23 22	36
23 23	31
23 25	8
23 26	24
23 28	48
23 29	28
23 30	38
23 32	11
23 34	3
23 35	34
23 36	0
23 38	21
23 39	6
23 40	14
23 41	46
23 42	10
23 43	33
23 44	42
23 48	2
23 49	47
24 1	14
24 2	44
24 3	9
24 4	18
24 5	12
24 6	8
24 8	24
24 9	34
24 11	47
24 12	22
24 13	43
24 15	1
24 17	25
24 19	38
24 20	26
24 21	31
24 24	15
24 25	17
24 26	37
24 28	40
24 29	23
24 31	45
24 34	35
24 35	20
24 38	27
24 41	19
24 42	2
24 43	13
24 44	36
24 45	46
24 46	39
24 48	29
25 0	47
25 2	28
25 3	0
25 4	19
25 5	36
25 6	40
25 9	38
25 10	41
25 12	44
25 15	21
25 16	13
25 17	33
25 18	42
25 20	48
25 21	27
25 23	10
25 25	43
25 26	32
25 27	31
25 31	24
25 32	23
25 33	22
25 34	7
25 35	39
25 36	6
25 37	9
25 39	18
25 40	1
25 41	11
25 42	3
25 43	45
25 44	30
25 45	20
25 46	14
25 47	37
25 48	46
26 0	43
26 1	6
26 2	16
26 3	8
26 4	33
26 6	41
26 7	49
26 8	21
26 10	10
26 11	19
26 12	34
26 14	13
26 15	14
26 16	17
26 17	20
26 18	25
26 19	32
26 21	44
26 22	45
26 23	1
26 24	18
26 25	47
26 26	40
26 27	37
26 29	7
26 30	4
26 31	26
26 33	5
26 35	2
26 37	3
26 38	48
26 40	11
26 42	46
26 43	30
26 44	28
26 45	23
26 46	42
26 47	39
26 48	36
27 1	5
27 2	4
27 4	39
27 5	13
27 6	22
27 8	41
27 9	32
27 11	46
27 12	20
27 13	23
27 14	7
27 15	27
27 16	35
27 17	47
27 18	18
27 20	10
27 21	29
27 22	48
27 23	6
27 24	1
27 25	31
27 28	2
27 29	37
27 30	17
27 31	49
27 34	40
27 36	16
27 38	24
27 40	19
27 41	14
27 44	11
27 47	15
27 48	25
28 1	37
28 3	30
28 5	43
28 7	2
28 8	42
28 10	40
28 11	16
28 12	46
28 16	32
28 17	21
28 18	10
28 20	22
28 21	0
28 22	19
28 23	9
28 24	20
28 25	41
28 26	5
28 29	8
28 30	13
28 32	38
28 34	45
28 35	24
28 37	4
28 39	14
28 40	39
28 41	27
28 42	12
28 43	34
28 46	1
28 47	29
28 48	15
28 49	3
29 3	25
29 4	38
29 6	31
29 7	30
29 8	12
29 10	2
29 14	5
29 16	22
29 17	14
29 19	7
29 20	19
29 21	39
29 22	4
29 23	24
29 24	47
29 26	17
29 27	16
29 28	9
29 30	46
29 33	11
29 34	44
29 36	32
29 37	45
29 39	10
29 40	21
29 41	41
29 42	42
29 43	43
29 45	27
29 46	28
29 49	18
30 1	38
30 5	0
30 7	1
30 8	45
30 9	6
30 10	48
30 12	31
30 13	35
30 14	12
30 15	40
30 16	39
30 19	27
30 20	44
30 21	28
30 23	42
30 24	33
30 25	4
30 26	16
30 27	36
30 28	34
30 30	37
30 32	25
30 34	32
30 36	26
30 37	15
30 41	3
30 42	17
30 43	22
30 45	13
30 47	8
30 48	49
31 0	35
31 3	47
31 4	12
31 5	24
31 7	31
31 8	20
31 11	43
31 12	9
31 13	40
31 14	38
31 16	4
31 17	7
31 18	14
31 19	17
31 20	32
31 21	36
31 22	11
31 23	22
31 24	46
31 26	34
31 28	42
31 29	13
31 30	25
31 31	1
31 32	30
31 33	21
31 34	6
31 35	15
31 36	3
31 39	33
31 41	45
31 43	23
31 45	37
31 46	5
31 47	28
31 48	8
31 49	27
32 0	0
32 1	35
32 2	2
32 4	15
32 5	20
32 6	30
32 7	7
32 8	1
32 9	16
32 10	28
32 11	8
32 12	3
32 16	6
32 17	9
32 18	29
32 21	49
32 23	12
32 24	21
32 26	19
32 28	24
32 30	40
32 31	13
32 32	4
32 33	43
32 34	25
32 35	32
32 36	17
32 37	38
32 41	33
32 43	26
32 45	31
32 46	22
32 48	5
32 49	44
33 0	17
33 1	28
33 3	41
33 4	11
33 5	15
33 7	18
33 8	43
33 9	20
33 11	49
33 12	14
33 13	48
33 14	47
33 15	46
33 16	33
33 17	1
33 18	16
33 19	42
33 20	0
33 21	7
33 23	30
33 24	22
33 25	6
33 27	44
33 28	10
33 30	27
33 33	31
33 35	4
33 36	8
33 38	32
33 39	35
33 41	36
33 42	21
33 43	40
33 44	38
33 45	3
33 46	24
33 47	34
33 48	9
33 49	12
34 0	28
34 1	25
34 2	40
34 3	16
34 4	30
34 5	22
34 6	26
34 7	11
34 8	49
34 10	9
34 12	29
34 14	35
34 15	44
34 16	3
34 17	10
34 18	4
34 20	38
34 21	32
34 22	39
34 23	36
34 24	19
34 25	46
34 27	21
34 28	0
34 30	8
34 31	23
34 33	13
34 34	14
34 35	17
34 36	41
34 37	7
34 39	2
34 40	34
34 41	1
34 42	20
34 44	27
34 45	47
34 47	48
34 48	45
34 49	33
35 0	37
35 1	7
35 2	27
35 4	40
35 6	39
35 7	48
35 9	47
35 10	21
35 11	14
35 12	10
35 13	44
35 14	22
35 15	13
35 16	38
35 17	30
35 20	8
35 22	24
35 23	49
35 24	11
35 25	26
35 26	29
35 29	16
35 31	18
35 32	42
35 33	32
35 34	36
35 35	23
35 36	19
35 38	46
35 40	17
35 42	43
35 43	6
35 46	12
35 47	41
35 49	45
36 1	18
36 2	0
36 3	26
36 4	8
36 5	25
36 7	28
36 8	37
36 9	33
36 12	39
36 13	30
36 15	19
36 16	36
36 17	43
36 18	5
36 19	41
36 20	49
36 21	47
36 22	34
36 23	29
36 24	40
36 26	4
36 28	38
36 29	20
36 30	3
36 31	22
36 32	24
36 33	46
36 36	15
36 39	16
36 40	6
36 42	27
36 43	1
36 44	48
36 45	42
36 49	7
37 0	41
37 1	12
37 2	46
37 3	44
37 4	6
37 5	34
37 7	5
37 8	14
37 10	49
37 11	0
37 14	16
37 15	20
37 17	36
37 18	7
37 19	22
37 20	31
37 21	9
37 22	10
37 24	4
37 25	42
37 28	43
37 29	17
37 30	18
37 31	33
37 34	8
37 35	38
37 36	47
37 37	48
37 38	25
37 40	28
37 41	15
37 42	37
37 43	27
37 44	45
37 46	30
38 1	31
38 2	36
38 5	41
38 6	4
38 7	12
38 8	29
38 9	3
38 11	32
38 13	2
38 14	40
38 15	11
38 16	16
38 19	47
38 22	14
38 25	34
38 29	33
38 30	45
38 31	27
38 32	35
38 33	15
38 37	20
38 38	39
38 39	21
38 40	10
38 41	22
38 42	49
38 43	38
38 45	1
38 46	46
38 47	19
38 48	23
38 49	42
39 0	29
39 1	23
39 4	20
39 5	28
39 6	49
39 8	13
39 9	2
39 10	47
39 11	9
39 12	35
39 16	10
39 17	0
39 18	24
39 20	21
39 21	40
39 23	44
39 30	36
39 32	41
39 33	42
39 34	15
39 35	12
39 36	14
39 37	26
39 38	1
39 40	16
39 42	4
39 43	32
39 44	7
39 45	18
39 46	38
40 0	6
40 1	29
40 2	32
40 4	23
40 6	5
40 8	31
40 9	10
40 10	38
40 11	12
40 12	19
40 13	27
40 14	49
40 16	34
40 17	28
40 18	20
40 19	8
40 20	36
40 21	37
40 22	3
40 23	26
40 25	40
40 26	46
40 27	13
40 28	14
40 29	11
40 30	24
40 32	48
40 33	9
40 34	1
40 35	43
40 36	18
40 38	33
40 39	45
40 40	7
40 43	25
40 44	21
40 46	2
40 47	0
40 48	30
40 49	4
41 0	42
41 2	26
41 3	21
41 5	39
41 7	29
41 8	9
41 9	17
41 11	36
41 12	12
41 15	35
41 17	5
41 18	19
41 19	20
41 20	24
41 21	2
41 22	43
41 23	7
41 24	0
41 25	45
41 26	22
41 28	33
41 29	32
41 30	28
41 31	44
41 33	30
41 35	40
41 36	34
41 37	47
41 38	15
41 43	18
41 44	14
41 46	3
41 47	13
41 48	1
42 1	21
42 2	47
42 3	46
42 6	24
42 8	44
42 9	42
42 10	7
42 11	25
42 12	27
42 15	30
42 16	5
42 17	16
42 18	0
42 19	4
42 20	43
42 21	38
42 25	35
42 26	13
42 27	49
42 28	3
42 29	45
42 30	20
42 31	2
42 32	12
42 36	39
42 38	19
42 39	23
42 41	18
42 42	32
42 44	37
42 45	11
42 46	48
42 48	28
43 0	22
43 2	49
43 3	18
43 4	28
43 5	11
43 6	48
43 7	47
43 8	10
43 9	45
43 11	1
43 12	5
43 13	12
43 15	32
43 16	8
43 17	35
43 18	23
43 20	25
43 21	3
43 22	38
43 23	15
43 24	42
43 26	21
43 27	41
43 29	36
43 32	16
43 33	7
43 34	19
43 35	29
43 37	27
43 39	43
43 40	2
43 43	46
43 44	17
43 45	34
43 46	40
43 47	14
43 48	37
44 0	32
44 3	29
44 5	10
44 7	39
44 8	22
44 11	38
44 13	17
44 14	34
44 15	7
44 16	42
44 20	30
44 22	27
44 24	45
44 25	37
44 26	28
44 28	20
44 29	19
44 31	14
44 32	43
44 33	40
44 34	12
44 35	9
44 36	48
44 37	36
44 38	26
44 40	24
44 41	16
44 42	15
44 44	23
44 47	3
44 48	44
44 49	31
45 1	47
45 2	20
45 3	48
45 4	1
45 5	26
45 6	12
45 8	35
45 9	31
45 11	17
45 12	40
45 16	2
45 17	13
45 18	9
45 19	46
45 20	28
45 22	41
45 24	43
45 25	7
45 26	49
45 30	21
45 33	6
45 34	5
45 35	16
45 36	29
45 38	34
45 40	3
45 41	38
45 42	8
45 43	39
45 44	0
45 45	33
45 46	36
45 47	32
45 49	14
46 0	30
46 1	9
46 2	22
46 3	1
46 4	16
46 5	5
46 6	11
46 7	0
46 8	6
46 9	24
46 10	31
46 11	2
46 14	29
46 15	12
46 16	41
46 18	35
46 19	3
46 20	39
46 21	15
46 23	14
46 24	13
46 25	23
46 27	32
46 28	45
46 29	4
46 31	25
46 32	26
46 33	10
46 35	8
46 36	44
46 38	40
46 39	42
46 40	27
46 41	7
46 42	34
46 43	37
46 44	47
46 45	28
46 46	49
46 47	36
46 48	17
46 49	21
47 0	9
47 1	46
47 4	5
47 5	21
47 7	6
47 8	11
47 9	37
47 10	17
47 11	44
47 13	7
47 14	20
47 16	31
47 17	39
47 18	12
47 19	2
47 23	25
47 24	34
47 25	13
47 26	10
47 32	22
47 33	8
47 35	28
47 36	43
47 37	24
47 38	30
47 39	3
47 42	29
47 45	45
47 46	0
47 47	23
47 49	36
48 0	21
48 1	36
48 3	31
48 4	45
48 5	2
48 6	28
48 10	29
48 12	24
48 13	49
48 14	0
48 15	23
48 16	46
48 17	34
48 25	25
48 26	6
48 27	15
48 30	33
48 31	48
48 34	4
48 35	41
48 37	12
48 38	38
48 39	30
48 40	26
48 41	32
48 42	22
48 43	42
48 48	43
49 1	15
49 4	25
49 6	14
49 7	44
49 8	33
49 9	9
49 11	48
49 13	1
49 15	6
49 16	40
49 17	22
49 19	26
49 20	11
49 22	37
49 23	39
49 24	7
49 25	5
49 26	30
49 27	28
49 29	3
49 30	49
49 32	17
49 34	43
49 35	10
49 36	36
49 37	35
49 38	12
49 39	29
49 41	34
49 42	31
49 43	0
49 44	24
49 45	8
49 46	41
49 47	38
49 48	19
49 49	46
