50
0 0	16
0 2	44
0 7	42
0 16	45
0 21	17
0 24	27
0 28	20
0 38	37
0 42	3
0 43	10
0 48	40
1 2	26
1 4	35
1 7	37
1 8	29
1 10	28
1 11	17
1 19	38
1 23	49
1 28	7
1 30	9
1 37	33
1 38	0
1 40	2
1 43	25
1 47	5
1 48	34
2 3	17
2 7	14
2 8	46
2 9	31
2 14	21
2 16	24
2 17	43
2 18	49
2 26	1
2 27	36
2 31	34
2 32	22
2 33	47
2 34	29
2 36	4
2 38	48
2 41	16
2 46	3
2 47	19
2 48	26
3 0	40
3 4	17
3 6	37
3 9	39
3 10	0
3 12	33
3 16	12
3 22	24
3 23	27
3 25	41
3 31	35
3 32	23
3 34	3
3 38	36
3 45	8
4 1	47
4 2	17
4 6	25
4 9	36
4 10	6
4 12	32
4 17	39
4 21	49
4 23	12
4 27	35
4 30	44
4 31	18
4 35	1
4 41	41
4 45	3
4 46	33
4 47	24
5 4	41
5 5	19
5 10	17
5 16	3
5 17	22
5 22	29
5 25	33
5 28	35
5 29	24
5 35	37
5 37	16
5 39	30
5 40	18
5 42	28
5 44	6
6 5	43
6 8	14
6 12	28
6 16	41
6 21	12
6 30	25
6 34	10
6 35	7
6 40	3
6 45	38
6 49	21
7 5	10
7 8	26
7 10	2
7 13	8
7 14	1
7 16	38
7 19	29
7 23	16
7 24	7
7 29	35
7 35	15
7 39	9
7 40	12
7 43	32
7 49	36
8 0	38
8 2	43
8 3	28
8 6	7
8 10	13
8 11	24
8 17	5
8 19	46
8 21	20
8 22	9
8 24	25
8 25	40
8 27	47
8 36	0
8 37	30
8 40	10
8 42	32
8 43	12
8 45	16
8 47	48
8 49	8
9 7	0
9 9	19
9 13	2
9 18	27
9 22	30
9 23	46
9 29	42
9 30	43
9 32	21
9 40	44
9 41	20
9 42	35
9 43	48
9 44	33
9 45	23
9 47	32
9 49	47
10 4	22
10 7	48
10 9	11
10 13	6
10 14	17
10 17	31
10 22	21
10 23	24
10 27	26
10 30	2
10 31	46
10 37	20
10 48	12
11 0	1
11 6	39
11 8	7
11 9	33
11 20	16
11 23	38
11 28	45
11 32	2
11 39	10
11 42	26
12 1	28
12 2	11
12 6	34
12 7	3
12 8	25
12 10	32
12 11	44
12 12	43
12 15	23
12 17	40
12 21	39
12 22	2
12 24	10
12 26	33
12 28	9
12 44	26
13 8	43
13 12	40
13 17	26
13 18	34
13 20	37
13 27	3
13 28	39
13 29	4
13 32	27
13 36	41
13 38	23
13 41	18
14 1	13
14 5	15
14 7	40
14 12	36
14 16	10
14 17	46
14 18	9
14 27	43
14 32	20
14 35	5
14 37	1
14 40	31
14 44	41
14 49	45
15 11	37
15 16	30
15 18	21
15 25	1
15 32	33
15 42	27
15 43	26
15 47	34
16 6	20
16 7	15
16 9	22
16 20	30
16 21	36
16 22	43
16 24	35
16 25	18
16 34	49
16 46	1
17 1	0
17 6	35
17 9	34
17 12	45
17 15	39
17 17	18
17 18	8
17 19	1
17 25	11
17 36	44
17 41	48
17 46	27
17 49	46
18 1	5
18 2	37
18 4	46
18 5	27
18 11	47
18 12	16
18 18	22
18 21	9
18 25	20
18 27	45
18 30	11
18 35	49
18 37	28
18 43	24
18 44	25
18 45	10
18 49	33
19 1	8
19 2	18
19 3	36
19 4	23
19 6	43
19 7	49
19 11	15
19 17	1
19 18	48
19 21	7
19 25	32
19 28	31
19 32	24
19 33	35
19 34	0
19 36	17
19 37	37
19 38	2
19 40	9
19 41	13
19 44	16
20 3	42
20 8	22
20 9	35
20 11	30
20 22	16
20 23	3
20 26	26
20 28	46
20 30	32
20 36	21
20 38	40
20 40	25
20 46	23
20 48	13
21 0	45
21 3	7
21 4	36
21 5	33
21 7	9
21 12	17
21 15	40
21 17	0
21 23	23
21 34	24
21 35	12
21 36	14
21 41	49
21 44	48
21 45	35
21 46	20
22 6	17
22 7	38
22 15	27
22 16	34
22 18	43
22 20	33
22 34	31
22 35	26
22 40	14
22 43	13
22 44	15
22 48	35
23 1	49
23 2	35
23 4	12
23 6	9
23 11	40
23 14	44
23 18	13
23 20	3
23 25	38
23 27	22
23 28	10
23 37	41
23 38	14
23 41	28
23 42	34
23 47	42
23 48	47
24 0	21
24 13	37
24 18	17
24 19	3
24 21	40
24 25	28
24 33	27
24 34	2
24 35	41
24 38	39
24 40	48
24 46	29
24 49	0
25 2	36
25 3	49
25 4	24
25 5	35
25 7	21
25 8	31
25 11	6
25 12	20
25 13	42
25 14	9
25 15	46
25 16	5
25 17	13
25 21	11
25 23	39
25 39	17
25 40	41
25 42	33
25 44	43
25 49	19
26 6	21
26 7	41
26 10	23
26 17	10
26 21	43
26 31	15
26 40	19
26 45	9
26 48	17
27 0	44
27 7	17
27 8	5
27 14	48
27 21	41
27 23	36
27 30	27
27 31	26
27 32	34
27 41	46
27 46	10
27 48	25
28 0	33
28 5	45
28 13	20
28 14	28
28 18	11
28 25	29
28 26	37
28 27	27
28 30	23
28 38	21
28 39	2
28 40	34
28 45	49
28 49	16
29 0	9
29 8	17
29 13	26
29 14	31
29 16	14
29 17	33
29 18	41
29 20	36
29 24	46
29 25	21
29 28	49
29 30	19
29 31	3
29 33	32
29 34	23
29 35	30
29 41	45
29 44	42
29 45	43
29 48	29
30 2	47
30 8	40
30 9	28
30 11	5
30 13	34
30 16	11
30 17	2
30 25	3
30 26	21
30 29	39
30 33	8
30 42	1
30 43	19
30 45	42
30 49	41
31 1	3
31 2	21
31 3	23
31 4	38
31 8	6
31 19	44
31 23	47
31 25	12
31 27	41
31 30	49
31 37	32
31 38	20
31 42	29
31 43	1
31 44	9
31 46	17
31 47	22
32 3	26
32 5	9
32 6	36
32 7	22
32 8	11
32 14	49
32 17	23
32 23	17
32 25	44
32 27	10
32 31	28
32 32	42
32 33	15
32 36	2
32 42	6
32 43	27
33 6	44
33 10	39
33 13	40
33 15	1
33 21	45
33 24	30
33 29	15
33 31	38
33 32	37
33 42	41
33 47	2
33 49	13
34 1	15
34 8	49
34 9	25
34 10	43
34 14	3
34 15	10
34 20	17
34 27	44
34 32	7
34 34	11
34 36	9
34 37	31
34 41	19
34 44	20
35 3	38
35 4	14
35 10	49
35 13	11
35 19	4
35 23	35
35 28	26
35 33	40
35 36	20
35 41	22
36 2	45
36 6	32
36 7	46
36 10	7
36 13	19
36 15	25
36 25	6
36 28	17
36 32	0
36 38	43
36 40	37
36 43	42
36 45	34
36 46	18
36 47	49
37 4	8
37 5	28
37 6	15
37 8	21
37 9	24
37 10	29
37 11	25
37 13	44
37 16	42
37 21	31
37 27	4
37 29	20
37 30	0
37 33	43
37 35	34
37 36	36
37 39	16
37 40	49
37 44	23
37 48	30
38 6	45
38 7	47
38 9	46
38 13	41
38 21	3
38 25	17
38 34	20
38 41	10
38 42	31
39 0	34
39 3	43
39 5	31
39 7	20
39 15	15
39 16	32
39 22	47
39 23	19
39 27	42
39 28	37
39 31	44
39 34	38
39 35	27
39 38	12
39 40	6
39 41	3
39 42	45
39 46	39
39 48	2
39 49	35
40 3	35
40 5	7
40 8	4
40 9	45
40 12	30
40 14	41
40 18	31
40 22	20
40 23	15
40 25	8
40 30	33
40 33	26
40 38	10
40 39	40
40 46	12
40 48	28
40 49	25
41 3	24
41 4	20
41 6	3
41 10	18
41 12	25
41 15	26
41 16	22
41 18	30
41 19	41
41 21	48
41 22	38
41 27	9
41 37	34
41 39	46
41 43	16
41 45	47
41 48	14
42 0	0
42 3	45
42 6	42
42 12	39
42 18	25
42 19	49
42 23	28
42 25	30
42 27	19
42 31	23
42 34	14
42 37	6
42 39	34
42 41	7
42 44	3
42 45	17
42 46	24
43 2	33
43 3	0
43 13	39
43 17	4
43 21	10
43 23	29
43 30	45
43 33	16
43 34	43
43 35	47
43 36	46
43 37	27
43 39	23
43 42	5
43 45	13
44 2	13
44 7	19
44 11	43
44 13	49
44 16	2
44 25	46
44 28	3
44 29	23
44 31	12
44 35	39
44 41	1
44 42	47
45 1	35
45 4	25
45 5	26
45 9	0
45 10	14
45 15	49
45 21	6
45 23	20
45 27	46
45 28	5
45 29	31
45 33	1
45 35	10
45 36	3
45 37	42
45 40	16
45 45	41
45 46	4
45 48	38
45 49	40
46 1	6
46 2	10
46 3	27
46 6	18
46 7	33
46 8	38
46 10	35
46 11	1
46 16	17
46 17	9
46 21	44
46 22	34
46 25	22
46 27	0
46 29	5
46 35	46
46 38	11
46 40	30
46 45	45
46 46	28
47 0	31
47 1	27
47 4	33
47 10	34
47 15	48
47 18	6
47 19	9
47 21	42
47 27	23
47 32	49
47 33	14
47 34	19
47 37	12
47 38	16
47 43	46
47 47	15
47 48	3
48 12	18
48 15	28
48 17	41
48 18	45
48 26	9
48 27	31
48 31	47
48 36	43
48 37	39
48 39	32
48 45	46
48 48	8
48 49	5
49 0	2
49 1	12
49 8	13
49 9	3
49 10	30
49 20	46
49 25	34
49 27	25
49 31	29
49 32	47
49 33	45
49 35	6
49 40	0
49 44	38
49 46	19
