50
0 0	38
0 1	39
0 3	17
0 4	43
0 5	2
0 7	23
0 8	36
0 9	35
0 10	27
0 11	10
0 12	33
0 13	15
0 14	46
0 15	28
0 16	45
0 17	34
0 18	48
0 19	21
0 20	5
0 21	37
0 22	8
0 23	4
0 26	40
0 28	12
0 30	41
0 31	16
0 32	0
0 33	29
0 34	20
0 35	14
0 36	25
0 37	6
0 38	31
0 39	11
0 40	49
0 41	44
0 42	9
0 43	7
0 44	32
0 45	26
0 48	22
1 0	46
1 1	42
1 2	39
1 3	31
1 4	6
1 6	10
1 7	43
1 8	26
1 10	16
1 12	38
1 14	8
1 15	17
1 16	49
1 17	11
1 19	30
1 20	29
1 21	23
1 24	7
1 27	2
1 29	28
1 31	36
1 32	21
1 33	19
1 34	48
1 35	1
1 36	12
1 37	32
1 38	22
1 39	15
1 41	0
1 44	5
1 45	18
1 46	41
1 49	33
2 0	31
2 1	49
2 2	32
2 3	24
2 5	7
2 6	1
2 7	10
2 8	13
2 9	11
2 11	25
2 13	41
2 14	14
2 15	36
2 17	8
2 18	40
2 20	35
2 21	26
2 22	48
2 23	42
2 24	23
2 26	15
2 28	39
2 29	45
2 30	9
2 32	18
2 33	20
2 34	37
2 36	21
2 37	3
2 38	16
2 39	33
2 40	47
2 41	6
2 42	19
2 43	2
2 44	27
2 45	0
2 47	43
2 48	46
2 49	22
3 0	34
3 1	26
3 4	19
3 5	28
3 7	46
3 8	1
3 9	43
3 10	8
3 11	0
3 12	22
3 14	41
3 15	32
3 16	47
3 17	42
3 18	2
3 20	11
3 22	18
3 24	15
3 25	38
3 26	20
3 27	9
3 28	17
3 29	37
3 30	25
3 31	45
3 32	4
3 36	10
3 37	12
3 41	33
3 42	44
3 43	5
3 44	36
3 45	23
3 46	30
3 47	21
3 48	14
3 49	13
4 1	15
4 2	47
4 3	7
4 4	44
4 5	27
4 7	26
4 8	48
4 9	12
4 11	34
4 12	49
4 13	11
4 14	20
4 15	31
4 16	43
4 17	45
4 18	10
4 20	16
4 21	38
4 22	0
4 23	2
4 24	46
4 25	25
4 26	3
4 27	42
4 28	4
4 30	13
4 31	22
4 33	36
4 34	8
4 35	5
4 36	1
4 37	19
4 38	41
4 40	21
4 41	37
4 42	18
4 43	39
4 44	30
4 47	6
4 49	14
5 2	18
5 5	29
5 6	0
5 7	32
5 8	44
5 9	47
5 10	40
5 11	43
5 12	6
5 13	2
5 14	45
5 15	41
5 16	27
5 18	5
5 19	46
5 21	48
5 22	11
5 24	37
5 25	28
5 27	35
5 28	21
5 29	33
5 30	20
5 31	34
5 33	39
5 34	49
5 36	24
5 37	15
5 38	14
5 39	13
5 40	36
5 42	31
5 44	7
5 45	30
5 47	19
5 48	4
5 49	25
6 0	5
6 2	27
6 3	23
6 4	29
6 5	16
6 6	46
6 7	45
6 8	22
6 9	1
6 13	44
6 14	40
6 16	19
6 17	0
6 18	35
6 19	25
6 20	39
6 21	33
6 22	32
6 23	30
6 24	36
6 25	20
6 28	48
6 29	10
6 31	41
6 33	11
6 37	2
6 39	28
6 40	8
6 41	9
6 42	7
6 43	15
6 44	14
6 46	31
6 47	26
6 48	38
6 49	49
7 0	43
7 3	1
7 4	41
7 5	8
7 6	23
7 8	7
7 10	26
7 11	18
7 14	28
7 16	0
7 18	42
7 20	31
7 21	45
7 23	13
7 24	22
7 25	14
7 27	11
7 28	9
7 29	15
7 30	46
7 31	32
7 33	38
7 34	24
7 35	16
7 36	3
7 38	20
7 39	29
7 40	39
7 42	30
7 44	19
7 48	12
7 49	47
8 0	33
8 1	44
8 2	45
8 3	16
8 4	1
8 6	31
8 7	30
8 8	0
8 9	27
8 11	3
8 12	13
8 14	9
8 16	37
8 18	39
8 19	23
8 20	24
8 21	32
8 24	34
8 25	49
8 26	41
8 27	26
8 28	11
8 29	14
8 30	28
8 32	20
8 33	35
8 34	4
8 35	46
8 36	15
8 37	7
8 40	19
8 41	18
8 42	25
8 44	47
8 46	29
8 47	17
8 48	42
8 49	38
9 1	16
9 2	41
9 4	22
9 5	26
9 6	27
9 7	2
9 8	35
9 10	49
9 11	15
9 12	5
9 14	37
9 15	39
9 16	20
9 17	21
9 18	33
9 19	12
9 20	10
9 22	30
9 23	28
9 24	44
9 25	48
9 28	46
9 29	38
9 30	36
9 31	9
9 32	17
9 33	7
9 37	31
9 39	23
9 40	43
9 42	42
9 44	18
9 47	45
9 48	6
10 0	17
10 3	5
10 6	18
10 7	37
10 8	12
10 9	38
10 10	44
10 11	46
10 13	4
10 14	10
10 15	48
10 17	6
10 18	3
10 20	22
10 21	41
10 23	19
10 25	40
10 26	1
10 28	2
10 29	7
10 30	23
10 31	29
10 32	42
10 33	49
10 34	27
10 35	26
10 36	9
10 37	30
10 38	32
10 39	35
10 40	20
10 41	43
10 42	28
10 43	14
10 44	39
10 45	45
10 46	25
10 47	11
10 49	0
11 0	11
11 2	0
11 4	48
11 5	49
11 6	24
11 7	4
11 9	42
11 10	47
11 11	26
11 12	1
11 13	31
11 14	38
11 15	25
11 16	17
11 17	16
11 18	41
11 20	21
11 21	36
11 22	9
11 23	44
11 24	10
11 26	7
11 27	20
11 28	45
11 29	18
11 30	37
11 31	8
11 32	12
11 33	34
11 34	39
11 35	27
11 36	28
11 37	33
11 38	40
11 39	6
11 40	46
11 41	14
11 43	22
11 44	3
11 45	2
11 46	32
11 47	13
11 48	29
12 0	14
12 1	45
12 2	6
12 3	11
12 4	38
12 5	13
12 6	20
12 7	5
12 8	16
12 9	4
12 11	1
12 13	10
12 14	19
12 15	30
12 16	21
12 17	25
12 18	12
12 20	48
12 21	15
12 22	34
12 24	26
12 25	32
12 26	17
12 29	42
12 32	28
12 33	43
12 35	23
12 39	39
12 40	0
12 42	36
12 43	29
12 44	22
12 46	40
12 47	24
12 49	9
13 0	20
13 1	19
13 2	3
13 6	11
13 7	22
13 8	10
13 9	17
13 11	49
13 13	13
13 15	5
13 17	33
13 18	26
13 19	36
13 22	47
13 23	38
13 25	30
13 26	14
13 27	28
13 29	23
13 30	48
13 31	46
13 32	31
13 33	25
13 36	40
13 39	2
13 41	15
13 42	35
13 43	34
13 44	45
13 48	0
14 0	4
14 1	7
14 2	43
14 4	37
14 5	46
14 6	9
14 7	0
14 8	20
14 9	40
14 10	13
14 11	41
14 12	35
14 13	32
14 14	24
14 15	2
14 16	12
14 18	18
14 19	39
14 21	22
14 23	15
14 24	8
14 25	26
14 27	16
14 29	1
14 31	17
14 32	38
14 33	27
14 35	10
14 37	42
14 39	36
14 44	44
14 45	3
14 46	5
14 47	33
14 49	11
15 0	8
15 2	28
15 3	43
15 4	34
15 8	37
15 10	9
15 11	14
15 12	7
15 13	1
15 15	3
15 18	45
15 19	49
15 20	26
15 21	27
15 24	6
15 25	29
15 26	30
15 27	40
15 29	41
15 30	42
15 31	20
15 32	36
15 33	4
15 34	12
15 35	18
15 36	11
15 37	0
15 38	24
15 39	48
15 40	25
15 41	5
15 42	2
15 46	21
15 47	38
15 48	44
15 49	10
16 0	19
16 2	10
16 3	41
16 4	2
16 7	34
16 9	25
16 12	40
16 13	42
16 14	3
16 15	15
16 17	44
16 19	33
16 20	46
16 21	31
16 22	29
16 23	16
16 24	35
16 25	45
16 26	24
16 29	4
16 31	28
16 32	27
16 36	48
16 37	49
16 38	26
16 39	37
16 41	23
16 43	1
16 44	13
16 45	8
16 46	11
16 47	9
16 48	20
16 49	39
17 0	6
17 1	29
17 3	12
17 6	48
17 8	19
17 9	31
17 10	28
17 11	4
17 13	38
17 14	22
17 15	40
17 17	9
17 18	37
17 19	42
17 21	43
17 23	34
17 25	3
17 27	36
17 28	23
17 30	7
17 31	15
17 33	33
17 34	5
17 36	20
17 38	47
17 39	16
17 40	26
17 42	45
17 45	13
18 1	11
18 2	33
18 3	0
18 4	49
18 6	40
18 8	31
18 10	1
18 11	20
18 12	18
18 13	14
18 15	47
18 16	13
18 17	28
18 18	43
18 19	37
18 20	7
18 23	6
18 24	24
18 25	2
18 26	9
18 27	38
18 28	34
18 29	22
18 30	17
18 32	32
18 33	41
18 35	39
18 38	25
18 39	45
18 40	35
18 41	42
18 42	23
18 43	48
18 44	21
18 46	19
18 47	3
18 49	16
19 0	44
19 1	4
19 2	35
19 3	39
19 5	36
19 6	22
19 7	48
19 8	27
19 10	6
19 11	37
19 13	29
19 15	9
19 17	47
19 18	7
19 19	14
19 20	2
19 21	0
19 22	3
19 24	16
19 26	23
19 29	11
19 30	38
19 31	18
19 32	30
19 34	26
19 35	28
19 36	46
19 37	10
19 39	17
19 41	20
19 42	1
19 44	41
19 46	8
19 48	13
19 49	34
20 0	25
20 1	14
20 4	7
20 5	34
20 6	15
20 8	5
20 9	36
20 10	23
20 11	19
20 12	10
20 13	28
20 14	49
20 15	27
20 16	39
20 17	43
20 18	31
20 20	8
20 21	16
20 23	29
20 24	21
20 25	0
20 26	37
20 29	17
20 30	12
20 31	47
20 32	26
20 33	40
20 35	42
20 36	18
20 38	46
20 39	24
20 40	13
20 44	6
20 45	48
20 46	22
20 47	30
20 48	32
20 49	44
21 0	29
21 2	38
21 3	34
21 4	13
21 5	40
21 7	27
21 8	47
21 9	0
21 10	39
21 11	17
21 12	28
21 13	25
21 15	42
21 17	37
21 18	24
21 19	22
21 21	35
21 22	21
21 24	2
21 27	45
21 29	20
21 30	30
21 31	14
21 32	6
21 33	23
21 34	11
21 35	48
21 36	41
21 37	18
21 38	5
21 39	9
21 40	15
21 41	3
21 42	26
21 43	10
21 45	19
21 46	44
21 47	16
21 48	33
21 49	12
22 0	37
22 1	43
22 2	22
22 5	44
22 6	16
22 8	8
22 9	41
22 10	29
22 12	46
22 14	23
22 15	34
22 17	35
22 18	30
22 19	11
22 20	18
22 22	19
22 24	45
22 25	42
22 26	28
22 28	10
22 29	3
22 30	32
22 33	48
22 34	31
22 35	38
22 39	21
22 40	5
22 45	15
22 46	4
22 48	39
22 49	26
23 0	28
23 1	47
23 2	36
23 3	21
23 4	16
23 5	17
23 6	8
23 9	3
23 10	0
23 11	13
23 12	31
23 14	4
23 15	38
23 18	20
23 19	41
23 21	6
23 22	43
23 23	22
23 27	49
23 32	10
23 33	44
23 36	5
23 37	48
23 38	35
23 40	9
23 43	42
23 45	34
23 46	23
23 47	7
23 48	37
24 0	45
24 2	5
24 3	33
24 4	14
24 5	39
24 6	25
24 11	27
24 13	34
24 15	26
24 17	4
24 18	32
24 19	1
24 21	29
24 25	19
24 26	0
24 27	15
24 28	30
24 30	49
24 31	42
24 33	6
24 34	47
24 35	12
24 36	31
24 37	40
24 38	18
24 39	46
24 41	21
24 42	13
24 43	16
24 44	24
24 45	22
24 47	37
24 48	28
25 1	34
25 2	25
25 3	32
25 5	20
25 6	49
25 8	40
25 10	15
25 12	47
25 14	33
25 15	46
25 16	7
25 17	27
25 20	12
25 21	28
25 22	23
25 24	29
25 25	4
25 27	5
25 28	43
25 29	2
25 31	21
25 32	44
25 35	19
25 36	35
25 37	13
25 38	3
25 40	18
25 41	45
25 42	41
25 46	14
25 48	10
26 0	12
26 1	23
26 2	14
26 4	8
26 5	37
26 8	17
26 9	44
26 10	42
26 12	11
26 14	35
26 15	16
26 16	25
26 17	2
26 18	15
26 19	3
26 20	36
26 22	4
26 23	18
26 25	5
26 27	6
26 28	28
26 29	26
26 30	40
26 33	31
26 35	49
26 36	32
26 38	27
26 39	47
26 40	10
26 41	41
26 42	0
26 46	46
26 49	24
27 0	27
27 2	8
27 3	26
27 6	44
27 8	46
27 11	12
27 12	29
27 13	37
27 14	30
27 15	1
27 16	22
27 17	18
27 18	14
27 20	17
27 23	10
27 24	38
27 25	41
27 27	39
27 28	49
27 29	6
27 30	0
27 31	13
27 32	34
27 34	9
27 37	24
27 39	20
27 40	11
27 41	19
27 43	45
27 44	4
27 45	47
27 46	15
27 47	31
27 48	35
27 49	23
28 0	47
28 3	36
28 5	15
28 6	3
28 7	39
28 8	23
28 10	5
28 14	29
28 15	22
28 17	30
28 18	44
28 19	32
28 20	4
28 24	42
28 25	33
28 27	14
28 28	24
28 29	34
28 31	0
28 33	37
28 34	41
28 35	43
28 37	28
28 38	45
28 40	1
28 42	12
28 44	48
28 45	17
28 46	27
28 49	2
29 2	40
29 5	48
29 7	42
29 9	39
29 10	31
29 12	30
29 15	12
29 16	11
29 17	14
29 18	17
29 19	47
29 21	46
29 24	27
29 25	6
29 26	38
29 28	7
29 29	5
29 30	45
29 33	8
29 37	4
29 39	41
29 41	13
29 42	22
29 43	28
29 45	43
29 47	23
29 48	1
29 49	3
30 0	21
30 1	0
30 2	2
30 3	38
30 5	12
30 7	11
30 8	3
30 10	48
30 12	37
30 13	46
30 14	13
30 15	4
30 16	5
30 17	39
30 19	40
30 21	19
30 22	17
30 23	27
30 24	31
30 25	1
30 27	44
30 28	26
30 29	43
30 30	15
30 31	23
30 32	25
30 34	10
30 35	30
30 36	33
30 37	41
30 38	49
30 39	22
30 40	6
30 41	32
30 42	16
30 43	18
30 45	42
30 46	35
30 47	28
30 48	24
30 49	7
31 0	23
31 1	31
31 2	13
31 3	40
31 4	46
31 6	45
31 7	6
31 8	34
31 9	28
31 11	44
31 12	39
31 13	16
31 14	12
31 15	14
31 16	10
31 17	5
31 21	8
31 22	22
31 23	48
31 24	9
31 27	25
31 28	37
31 29	0
31 30	21
31 31	19
31 32	33
31 33	15
31 34	36
31 35	29
31 36	38
31 37	26
31 39	30
31 41	2
31 42	24
31 43	35
31 45	32
31 46	42
31 47	49
31 48	18
31 49	41
32 1	10
32 2	11
32 5	41
32 7	28
32 8	49
32 9	19
32 10	45
32 11	40
32 12	44
32 17	1
32 18	46
32 19	15
32 22	31
32 23	32
32 24	39
32 27	4
32 28	8
32 31	24
32 32	35
32 33	21
32 35	22
32 36	16
32 37	14
32 38	23
32 40	27
32 42	48
32 43	47
32 47	36
32 49	30
33 0	13
33 1	40
33 2	26
33 3	44
33 4	30
33 5	0
33 6	6
33 7	21
33 10	46
33 11	32
33 14	18
33 16	1
33 17	29
33 18	27
33 19	28
33 20	15
33 21	9
33 22	2
33 24	43
33 26	34
33 27	23
33 28	3
33 30	35
33 31	49
33 32	5
33 34	16
33 35	37
33 36	45
33 38	10
33 40	42
33 41	7
33 43	17
33 44	38
33 45	25
33 48	8
33 49	36
34 0	0
34 1	48
34 4	42
34 6	17
34 7	18
34 9	22
34 10	11
34 11	38
34 12	36
34 13	47
34 14	5
34 15	13
34 16	8
34 19	6
34 20	45
34 21	7
34 22	49
34 25	9
34 27	43
34 29	44
34 30	19
34 31	31
34 32	46
34 33	10
34 34	32
34 37	35
34 38	28
34 39	3
34 41	16
34 42	33
34 43	37
34 45	39
34 46	24
34 47	41
34 48	21
35 0	48
35 3	22
35 6	37
35 7	7
35 8	39
35 9	14
35 10	30
35 11	47
35 13	5
35 14	15
35 15	35
35 16	33
35 18	16
35 19	27
35 21	13
35 23	43
35 24	40
35 25	36
35 29	21
35 31	11
35 34	44
35 35	24
35 36	0
35 37	23
35 39	10
35 40	32
35 41	1
35 42	38
35 43	20
35 44	2
35 45	41
35 46	49
35 49	28
36 1	6
36 2	37
36 3	45
36 4	9
36 6	26
36 7	47
36 8	33
36 9	5
36 10	19
36 11	28
36 12	20
36 14	34
36 17	46
36 19	24
36 22	1
36 25	12
36 27	48
36 28	44
36 29	36
36 31	4
36 32	3
36 33	30
36 35	21
36 38	0
36 39	31
36 40	41
36 42	40
36 43	43
36 44	29
36 46	2
36 47	10
36 48	16
37 0	15
37 1	9
37 2	34
37 3	2
37 4	0
37 5	19
37 8	38
37 10	41
37 11	22
37 13	24
37 16	16
37 17	48
37 19	45
37 21	30
37 22	5
37 23	31
37 24	18
37 25	11
37 26	12
37 27	29
37 28	42
37 29	35
37 30	39
37 31	40
37 32	43
37 34	1
37 35	3
37 38	37
37 39	7
37 40	17
37 41	28
37 45	36
37 46	10
37 47	27
37 48	26
37 49	20
38 3	30
38 4	21
38 5	31
38 9	7
38 10	33
38 11	2
38 13	18
38 15	11
38 16	26
38 17	23
38 18	49
38 19	38
38 21	20
38 22	15
38 23	0
38 25	8
38 26	10
38 27	19
38 28	5
38 30	24
38 31	1
38 33	16
38 34	25
38 35	47
38 38	39
38 39	43
38 41	27
38 42	37
38 43	40
38 47	42
39 2	31
39 6	4
39 7	24
39 8	45
39 10	14
39 11	48
39 12	0
39 14	17
39 16	2
39 17	7
39 18	19
39 19	8
39 22	25
39 23	37
39 24	20
39 26	44
39 27	18
39 28	22
39 29	29
39 31	30
39 32	49
39 33	9
39 34	35
39 35	11
39 36	39
39 37	1
39 38	33
39 39	26
39 41	38
39 42	21
39 43	41
39 45	40
39 46	36
39 47	34
39 48	47
39 49	27
40 0	42
40 2	20
40 3	3
40 4	33
40 5	23
40 6	30
40 7	49
40 8	24
40 11	11
40 13	35
40 15	0
40 16	34
40 18	47
40 19	26
40 22	6
40 23	36
40 24	48
40 25	16
40 26	39
40 27	10
40 29	12
40 31	43
40 32	14
40 34	22
40 37	17
40 38	21
40 39	19
40 40	31
40 41	40
40 42	27
40 44	8
40 45	9
40 46	37
40 48	7
40 49	45
41 0	41
41 1	8
41 2	15
41 3	28
41 4	27
41 5	5
41 6	7
41 9	45
41 10	4
41 11	36
41 13	39
41 15	44
41 16	48
41 17	24
41 18	0
41 20	32
41 21	47
41 22	38
41 23	20
41 24	11
41 25	35
41 26	19
41 27	22
41 29	46
41 30	3
41 32	2
41 33	12
41 34	14
41 35	13
41 36	29
41 37	9
41 39	49
41 40	34
41 41	17
41 42	6
41 43	21
41 44	1
41 45	31
41 46	18
41 47	40
41 49	37
42 0	22
42 1	3
42 3	6
42 4	26
42 5	1
42 10	2
42 11	23
42 13	45
42 14	11
42 15	37
42 17	41
42 18	8
42 19	31
42 21	12
42 26	13
42 27	27
42 28	40
42 29	48
42 30	14
42 32	47
42 33	5
42 34	43
42 36	36
42 37	38
42 38	34
42 40	24
42 41	10
42 42	17
42 44	16
42 45	33
43 0	18
43 2	42
43 6	34
43 7	36
43 8	28
43 9	16
43 10	32
43 12	41
43 13	9
43 15	8
43 16	14
43 19	13
43 20	47
43 21	40
43 22	37
43 25	39
43 26	31
43 27	1
43 28	33
43 29	30
43 30	11
43 32	19
43 33	26
43 37	20
43 39	44
43 40	45
43 42	29
43 43	0
43 44	17
43 45	27
43 46	3
43 47	48
43 48	2
44 0	32
44 1	35
44 2	19
44 3	46
44 6	43
44 8	11
44 9	33
44 11	7
44 12	8
44 13	30
44 14	2
44 15	21
44 18	22
44 20	42
44 22	28
44 23	41
44 24	49
44 25	27
44 26	18
44 27	0
44 28	15
44 29	16
44 30	34
44 31	26
44 33	1
44 34	40
44 35	45
44 36	14
44 37	29
44 38	9
44 39	25
44 40	4
44 41	36
44 42	47
44 43	12
44 44	23
44 45	37
44 47	5
44 49	31
45 0	2
45 1	21
45 2	16
45 6	5
45 7	19
45 8	30
45 10	43
45 11	42
45 12	9
45 13	22
45 15	29
45 16	31
45 17	13
45 18	23
45 19	7
45 20	3
45 21	24
45 22	14
45 23	17
45 24	28
45 26	11
45 27	41
45 32	40
45 33	32
45 34	38
45 36	6
45 37	46
45 39	0
45 40	48
45 42	8
45 43	26
45 47	44
45 49	1
46 1	2
46 2	7
46 3	20
46 4	4
46 5	18
46 6	32
46 8	15
46 9	6
46 12	25
46 13	48
46 14	0
46 15	45
46 16	23
46 17	3
46 19	43
46 20	40
46 21	39
46 22	41
46 23	24
46 24	19
46 25	13
46 26	26
46 29	27
46 30	1
46 31	12
46 33	28
46 35	17
46 36	30
46 38	42
46 40	44
46 41	49
46 43	8
46 45	35
46 46	16
46 48	5
46 49	21
47 0	30
47 1	24
47 3	13
47 4	35
47 5	47
47 9	26
47 10	18
47 13	43
47 16	9
47 17	32
47 18	28
47 19	34
47 23	3
47 24	25
47 26	49
47 27	21
47 28	1
47 29	31
47 30	22
47 31	37
47 32	8
47 34	23
47 35	36
47 36	19
47 37	16
47 38	38
47 39	27
47 40	2
47 41	4
47 42	5
47 43	46
47 45	44
47 46	7
47 47	29
47 48	11
47 49	48
48 0	39
48 1	20
48 3	37
48 4	15
48 5	32
48 6	28
48 7	29
48 8	21
48 9	30
48 10	10
48 12	2
48 13	49
48 14	16
48 15	23
48 16	46
48 17	36
48 19	17
48 20	19
48 21	14
48 23	5
48 24	12
48 25	22
48 26	33
48 27	31
48 28	13
48 30	8
48 32	1
48 33	18
48 34	45
48 36	4
48 38	11
48 39	42
48 43	44
48 44	26
48 45	38
48 46	9
48 48	41
48 49	43
49 2	49
49 3	47
49 5	45
49 6	2
49 7	17
49 8	4
49 11	8
49 12	21
49 13	23
49 15	20
49 17	26
49 20	33
49 21	42
49 22	44
49 23	9
49 25	34
49 26	43
49 33	46
49 34	13
49 35	35
49 36	22
49 37	5
49 38	36
49 39	1
49 40	28
49 41	39
49 43	24
49 44	11
49 46	12
49 49	6
