50
0 2	18
0 3	35
0 5	26
0 7	23
0 8	10
0 9	17
0 10	12
0 11	2
0 12	40
0 13	45
0 14	43
0 18	7
0 21	27
0 22	0
0 23	28
0 24	11
0 25	37
0 26	19
0 28	38
0 29	32
0 30	36
0 32	21
0 33	46
0 35	20
0 36	1
0 37	4
0 39	47
0 40	15
0 41	24
0 44	22
0 46	3
0 47	14
0 48	8
0 49	33
1 0	33
1 1	34
1 3	1
1 4	41
1 7	8
1 8	45
1 9	5
1 10	49
1 11	12
1 12	3
1 14	46
1 15	10
1 16	31
1 21	43
1 22	21
1 23	38
1 24	30
1 25	17
1 26	27
1 27	24
1 28	39
1 29	14
1 30	15
1 32	35
1 33	29
1 34	13
1 35	47
1 36	4
1 37	6
1 38	40
1 39	16
1 40	7
1 42	2
1 43	44
1 44	25
1 45	22
1 46	28
1 47	20
1 49	36
2 0	47
2 2	35
2 3	23
2 4	6
2 6	36
2 7	27
2 8	3
2 9	10
2 10	18
2 12	46
2 13	15
2 14	34
2 15	22
2 17	49
2 19	44
2 20	0
2 22	29
2 23	11
2 24	12
2 25	16
2 26	13
2 27	26
2 29	31
2 30	14
2 31	43
2 32	40
2 34	45
2 35	1
2 38	28
2 40	42
2 41	32
2 42	21
2 43	24
2 44	19
2 46	2
2 47	9
2 48	38
2 49	5
3 0	46
3 2	25
3 3	7
3 4	1
3 5	36
3 6	43
3 8	14
3 9	16
3 11	27
3 12	24
3 13	10
3 14	18
3 15	13
3 16	35
3 17	0
3 18	49
3 19	3
3 20	39
3 22	23
3 23	42
3 24	22
3 26	26
3 28	19
3 29	21
3 32	38
3 33	28
3 35	40
3 38	29
3 39	17
3 40	44
3 42	41
3 43	32
3 44	34
3 45	12
3 46	47
3 47	45
3 48	15
3 49	48
4 1	4
4 4	36
4 7	19
4 8	21
4 10	11
4 11	39
4 14	15
4 16	18
4 17	40
4 20	16
4 24	6
4 25	26
4 26	32
4 28	35
4 30	3
4 32	7
4 33	9
4 34	22
4 35	42
4 36	46
4 37	44
4 38	23
4 39	0
4 40	31
4 41	29
4 42	14
4 43	12
4 44	30
4 46	38
4 47	37
4 48	49
4 49	28
5 0	44
5 1	13
5 2	23
5 3	36
5 5	8
5 7	24
5 8	5
5 9	29
5 10	48
5 11	4
5 12	15
5 13	32
5 14	6
5 15	38
5 16	47
5 17	33
5 18	25
5 21	22
5 25	10
5 27	40
5 28	2
5 29	49
5 31	1
5 35	46
5 36	31
5 37	34
5 38	3
5 39	14
5 40	17
5 42	11
5 43	28
5 45	9
5 46	35
5 47	18
5 48	0
5 49	30
6 0	16
6 3	48
6 4	25
6 5	42
6 6	8
6 8	0
6 11	40
6 13	49
6 14	9
6 16	13
6 17	19
6 18	1
6 22	11
6 23	7
6 25	30
6 27	27
6 29	43
6 30	32
6 32	33
6 33	44
6 34	29
6 35	45
6 36	24
6 38	41
6 41	23
6 42	34
6 45	35
6 47	12
6 48	20
7 0	32
7 2	22
7 3	29
7 4	23
7 5	6
7 6	47
7 7	34
7 8	13
7 9	24
7 12	45
7 14	14
7 16	37
7 17	2
7 18	41
7 19	35
7 20	31
7 21	20
7 22	1
7 23	48
7 24	18
7 25	42
7 26	5
7 29	15
7 30	46
7 31	0
7 33	49
7 35	33
7 37	7
7 38	36
7 39	9
7 40	40
7 44	10
7 45	3
7 46	4
7 47	27
7 49	16
8 0	39
8 1	46
8 2	0
8 4	9
8 5	32
8 6	1
8 8	27
8 9	15
8 10	21
8 11	24
8 12	36
8 13	23
8 15	18
8 16	8
8 17	25
8 18	42
8 19	40
8 20	26
8 22	10
8 23	22
8 24	2
8 25	11
8 26	38
8 27	20
8 29	28
8 30	35
8 31	41
8 32	4
8 33	19
8 34	6
8 36	33
8 37	37
8 38	14
8 39	12
8 40	49
8 41	16
8 44	17
8 45	48
9 0	34
9 1	38
9 2	10
9 4	37
9 6	35
9 7	2
9 8	33
9 11	29
9 12	41
9 13	26
9 14	45
9 15	14
9 16	0
9 17	7
9 18	27
9 19	9
9 20	13
9 24	28
9 25	18
9 26	31
9 27	19
9 29	24
9 30	23
9 33	39
9 34	46
9 35	36
9 36	44
9 37	3
9 38	15
9 40	21
9 42	6
9 44	43
9 45	1
9 46	25
9 47	40
9 48	16
10 0	6
10 1	3
10 2	46
10 3	28
10 4	43
10 5	34
10 7	11
10 8	39
10 9	26
10 10	9
10 11	8
10 13	31
10 14	10
10 16	23
10 17	5
10 19	7
10 20	42
10 22	2
10 23	14
10 25	45
10 26	25
10 27	15
10 28	16
10 29	48
10 31	21
10 32	41
10 34	44
10 35	37
10 39	40
10 40	20
10 45	19
10 46	12
10 47	30
10 48	24
10 49	27
11 0	3
11 3	10
11 4	38
11 6	22
11 7	35
11 8	34
11 9	23
11 10	7
11 11	45
11 13	41
11 15	9
11 16	32
11 17	14
11 18	36
11 20	24
11 22	13
11 23	16
11 25	33
11 26	18
11 30	21
11 31	28
11 32	20
11 33	31
11 34	17
11 35	48
11 36	27
11 37	49
11 39	46
11 40	25
11 41	5
11 42	19
11 43	26
11 44	15
11 46	6
11 47	42
11 48	1
11 49	43
12 0	21
12 2	17
12 3	32
12 6	31
12 7	15
12 10	35
12 11	6
12 12	23
12 13	14
12 14	27
12 15	7
12 17	47
12 19	0
12 22	49
12 23	20
12 24	10
12 25	8
12 26	2
12 27	9
12 28	22
12 29	18
12 33	13
12 34	3
12 35	34
12 36	36
12 37	40
12 38	42
12 39	11
12 40	38
12 41	33
12 43	43
12 45	41
12 46	46
12 48	12
13 2	2
13 3	40
13 5	16
13 6	4
13 8	36
13 9	45
13 10	23
13 12	31
13 13	1
13 14	42
13 16	26
13 17	20
13 18	15
13 19	10
13 20	18
13 22	48
13 23	25
13 24	35
13 26	6
13 30	37
13 31	11
13 34	38
13 35	17
13 38	47
13 40	34
13 41	39
13 42	5
13 43	7
13 45	32
13 46	30
13 47	19
14 0	1
14 1	28
14 2	43
14 3	6
14 4	40
14 5	35
14 6	29
14 7	45
14 9	47
14 10	39
14 11	25
14 12	26
14 13	13
14 14	37
14 15	49
14 16	2
14 17	18
14 18	32
14 22	31
14 23	10
14 24	33
14 25	24
14 26	0
14 27	23
14 29	12
14 30	48
14 33	22
14 34	42
14 35	16
14 37	27
14 38	34
14 39	38
14 40	8
14 41	36
14 42	4
14 43	21
14 44	11
14 46	9
14 47	3
15 0	24
15 1	29
15 3	46
15 4	5
15 5	9
15 6	26
15 9	44
15 11	38
15 12	39
15 13	35
15 15	21
15 16	19
15 17	30
15 18	11
15 19	16
15 20	49
15 21	42
15 25	15
15 28	4
15 29	34
15 30	27
15 32	13
15 38	20
15 39	8
15 40	1
15 41	2
15 42	0
15 43	40
15 45	25
15 46	7
15 47	6
15 48	43
16 1	18
16 4	39
16 5	17
16 7	1
16 9	30
16 10	2
16 11	22
16 12	37
16 14	48
16 16	20
16 17	11
16 18	13
16 19	46
16 22	14
16 23	32
16 24	44
16 25	12
16 26	35
16 28	40
16 30	9
16 31	31
16 32	23
16 36	10
16 38	0
16 39	42
16 40	41
16 45	43
16 47	34
16 48	47
16 49	8
17 0	7
17 2	20
17 3	17
17 4	21
17 7	40
17 8	25
17 9	4
17 10	3
17 11	44
17 13	37
17 15	36
17 16	15
17 18	12
17 19	42
17 20	47
17 21	5
17 22	45
17 24	43
17 25	35
17 26	28
17 27	0
17 28	34
17 30	33
17 32	32
17 33	24
17 35	11
17 36	49
17 37	16
17 39	29
17 40	10
17 41	46
17 42	26
17 43	27
17 44	41
17 45	2
17 47	13
17 48	9
17 49	38
18 1	7
18 2	44
18 3	15
18 4	2
18 5	11
18 8	32
18 9	31
18 10	40
18 13	0
18 14	38
18 16	30
18 17	9
18 18	3
18 19	1
18 22	47
18 23	4
18 24	46
18 26	23
18 27	49
18 28	26
18 32	10
18 33	42
18 37	45
18 42	12
18 45	28
18 46	20
18 47	16
19 0	20
19 4	31
19 6	46
19 7	38
19 8	19
19 9	1
19 10	34
19 12	44
19 14	39
19 15	40
19 16	21
19 18	8
19 19	15
19 20	5
19 22	18
19 23	24
19 24	47
19 26	7
19 27	35
19 28	48
19 29	4
19 30	28
19 32	37
19 34	0
19 35	6
19 38	10
19 39	43
19 40	23
19 42	22
19 43	33
19 44	16
19 45	11
19 48	42
19 49	45
20 0	36
20 1	9
20 2	5
20 4	29
20 7	13
20 9	8
20 10	43
20 11	34
20 14	47
20 16	44
20 18	38
20 19	4
20 21	40
20 22	39
20 23	12
20 24	1
20 26	41
20 27	28
20 28	45
20 29	33
20 30	49
20 31	25
20 33	2
20 34	26
20 35	18
20 36	17
20 37	48
20 38	6
20 39	10
20 41	3
20 42	32
20 43	0
20 44	20
20 45	15
20 47	24
20 48	27
21 0	45
21 1	36
21 2	8
21 3	43
21 4	26
21 5	46
21 6	18
21 7	30
21 8	44
21 9	37
21 10	42
21 11	19
21 13	47
21 17	4
21 18	35
21 20	28
21 22	15
21 23	23
21 24	20
21 25	25
21 27	38
21 28	0
21 30	29
21 32	5
21 33	6
21 34	32
21 38	27
21 39	21
21 40	13
21 43	9
21 47	33
21 48	34
21 49	22
22 0	17
22 1	0
22 2	29
22 4	19
22 6	45
22 7	28
22 8	49
22 9	48
22 10	33
22 11	13
22 12	11
22 14	30
22 15	20
22 16	7
22 18	44
22 19	23
22 20	22
22 21	9
22 22	25
22 25	46
22 26	16
22 27	43
22 28	3
22 29	37
22 30	41
22 31	4
22 32	24
22 33	26
22 36	2
22 37	42
22 38	39
22 39	1
22 41	38
22 42	35
22 43	14
22 44	8
22 46	18
22 47	47
22 49	34
23 0	37
23 1	47
23 3	9
23 6	2
23 7	5
23 8	15
23 10	27
23 11	1
23 12	4
23 14	22
23 16	11
23 17	36
23 19	28
23 20	23
23 21	13
23 24	3
23 25	19
23 26	8
23 28	33
23 29	10
23 30	43
23 31	20
23 32	6
23 34	16
23 37	0
23 38	38
23 39	24
23 40	32
23 41	17
23 42	48
23 43	41
23 44	49
23 45	40
23 46	42
23 47	25
23 49	39
24 1	19
24 2	48
24 3	47
24 4	33
24 7	26
24 8	12
24 9	36
24 10	15
24 13	16
24 15	45
24 17	37
24 19	2
24 20	25
24 21	34
24 22	22
24 23	44
24 24	32
24 26	17
24 27	41
24 29	38
24 31	29
24 32	11
24 33	40
24 34	31
24 37	35
24 38	18
24 39	4
24 41	20
24 42	8
24 46	24
24 47	23
24 48	3
25 0	48
25 1	45
25 2	13
25 3	11
25 4	15
25 5	49
25 6	33
25 7	39
25 9	9
25 10	41
25 11	43
25 12	25
25 13	36
25 14	32
25 16	29
25 18	34
25 19	12
25 20	14
25 21	23
25 22	19
25 23	31
25 24	21
25 25	22
25 27	16
25 28	6
25 29	40
25 30	0
25 32	1
25 33	8
25 36	37
25 37	28
25 39	44
25 40	5
25 41	18
25 42	42
25 43	20
25 44	4
25 45	7
25 46	10
25 48	46
25 49	3
26 0	9
26 1	16
26 2	21
26 3	25
26 5	45
26 6	27
26 7	0
26 8	35
26 9	28
26 10	30
26 12	17
26 13	18
26 14	29
26 16	42
26 17	38
26 18	48
26 19	14
26 20	20
26 21	7
26 23	3
26 24	24
26 27	8
26 28	36
26 30	2
26 31	26
26 33	11
26 34	43
26 35	23
26 37	22
26 38	32
26 40	47
26 41	49
26 42	33
26 43	6
26 44	5
26 45	4
26 46	41
26 49	19
27 0	18
27 3	26
27 5	39
27 9	20
27 10	1
27 12	7
27 13	40
27 14	16
27 15	31
27 17	3
27 18	10
27 19	45
27 20	46
27 21	48
27 24	5
27 25	14
27 26	34
27 27	11
27 29	23
27 30	38
27 31	49
27 32	30
27 33	4
27 35	28
27 37	24
27 38	21
27 39	25
27 40	43
27 42	44
27 43	29
27 44	47
27 45	17
27 46	27
27 48	37
27 49	9
28 0	25
28 1	32
28 2	4
28 3	0
28 4	20
28 5	5
28 9	34
28 10	29
28 11	28
28 12	12
28 13	17
28 14	2
28 15	1
28 16	3
28 17	22
28 18	43
28 19	48
28 20	15
28 21	19
28 22	35
28 23	45
28 24	26
28 25	38
28 26	24
28 28	10
28 29	9
28 30	16
28 31	13
28 32	44
28 35	41
28 36	42
28 40	27
28 42	46
28 44	36
28 46	37
28 47	21
28 48	14
28 49	7
29 0	42
29 1	35
29 3	39
29 4	49
29 5	1
29 6	37
29 10	0
29 12	20
29 13	12
29 15	8
29 17	26
29 19	38
29 20	41
29 21	16
29 22	43
29 25	29
29 26	33
29 27	2
29 28	30
29 31	24
29 32	31
29 33	36
29 35	10
29 37	11
29 38	9
29 40	45
29 41	44
29 42	15
29 43	23
29 45	27
29 48	7
29 49	25
30 0	12
30 1	10
30 2	30
30 3	8
30 4	24
30 6	28
30 8	31
30 10	19
30 11	47
30 12	6
30 14	44
30 16	14
30 19	29
30 20	11
30 22	37
30 23	18
30 24	49
30 25	23
30 26	9
30 28	32
30 29	2
30 30	25
30 31	45
30 34	20
30 35	39
30 38	1
30 39	13
30 41	34
30 42	36
30 43	35
30 44	27
30 45	33
30 46	0
30 47	26
30 48	40
31 0	10
31 1	23
31 3	31
31 4	12
31 7	18
31 8	1
31 11	37
31 12	5
31 15	4
31 16	33
31 18	19
31 19	43
31 21	14
31 22	6
31 25	28
31 27	46
31 28	47
31 29	16
31 31	44
31 32	45
31 33	30
31 34	41
31 36	25
31 37	39
31 38	2
31 39	35
31 42	40
31 43	34
31 44	7
31 45	26
31 46	8
31 47	36
31 48	11
31 49	32
32 0	11
32 1	17
32 2	3
32 3	22
32 4	18
32 6	6
32 7	42
32 8	48
32 9	13
32 10	26
32 11	32
32 14	7
32 16	36
32 19	41
32 20	38
32 21	37
32 22	8
32 23	15
32 24	25
32 25	34
32 26	29
32 27	44
32 31	23
32 32	0
32 34	40
32 35	2
32 37	46
32 38	49
32 40	35
32 41	12
32 42	20
32 43	5
32 44	24
32 45	10
32 48	4
32 49	47
33 1	2
33 2	12
33 3	14
33 4	28
33 7	44
33 8	7
33 10	24
33 11	16
33 13	4
33 14	36
33 15	42
33 16	41
33 17	35
33 18	9
33 20	33
33 21	0
33 22	38
33 23	26
33 24	23
33 25	31
33 27	47
33 29	1
33 33	45
33 34	21
33 36	48
33 37	10
33 39	34
33 40	39
33 41	37
33 42	18
33 43	3
33 44	32
33 45	46
33 47	8
33 48	13
34 0	0
34 1	49
34 3	16
34 4	11
34 5	18
34 6	25
34 7	4
34 8	9
34 9	14
34 10	22
34 11	20
34 12	42
34 14	19
34 15	23
34 17	39
34 18	33
34 20	40
34 23	6
34 24	13
34 26	43
34 27	32
34 28	1
34 29	26
34 31	30
34 32	34
34 34	35
34 35	3
34 36	5
34 37	36
34 39	31
34 40	37
34 41	10
34 42	29
34 43	45
34 44	12
34 45	47
34 47	48
34 48	2
34 49	41
35 0	15
35 1	14
35 3	42
35 4	4
35 6	34
35 7	21
35 8	37
35 9	49
35 10	45
35 11	46
35 12	38
35 13	48
35 14	28
35 18	24
35 19	33
35 20	44
35 22	40
35 24	27
35 25	7
35 26	36
35 27	6
35 28	25
35 29	5
35 30	12
35 31	47
35 33	3
35 35	0
35 36	20
35 37	26
35 38	19
35 40	30
35 42	16
35 43	22
35 44	31
35 46	23
35 47	11
35 49	1
36 0	40
36 1	31
36 2	34
36 3	38
36 7	49
36 8	24
36 9	3
36 10	25
36 11	11
36 12	47
36 13	39
36 14	1
36 15	6
36 16	28
36 17	16
36 18	26
36 19	32
36 21	10
36 23	5
36 25	9
36 26	46
36 27	42
36 28	27
36 29	36
36 30	22
36 31	2
36 32	8
36 33	48
36 34	15
36 35	35
36 36	23
36 38	43
36 39	7
36 44	45
36 45	29
36 46	44
36 48	33
36 49	18
37 0	30
37 3	19
37 4	22
37 5	23
37 7	10
37 10	36
37 12	8
37 14	31
37 16	6
37 17	17
37 18	37
37 19	49
37 20	1
37 21	4
37 22	26
37 23	9
37 24	0
37 25	5
37 27	3
37 28	18
37 29	27
37 32	48
37 35	44
37 37	29
37 38	25
37 39	45
37 43	11
37 44	46
37 45	34
37 46	15
37 48	21
37 49	20
38 0	49
38 1	37
38 2	14
38 3	41
38 6	13
38 7	12
38 8	8
38 9	42
38 10	5
38 11	3
38 12	21
38 14	26
38 15	16
38 16	24
38 17	29
38 18	22
38 19	39
38 20	35
38 23	33
38 24	17
38 26	11
38 27	18
38 30	40
38 31	34
38 32	2
38 33	23
38 34	19
38 35	9
38 38	44
38 39	36
38 42	30
38 43	15
38 44	38
38 45	45
38 46	32
38 47	7
38 49	0
39 0	2
39 1	25
39 2	39
39 3	30
39 5	48
39 6	7
39 8	23
39 12	0
39 14	11
39 15	34
39 16	22
39 17	10
39 19	5
39 22	44
39 23	40
39 24	42
39 28	29
39 29	41
39 31	18
39 32	36
39 33	16
39 35	38
39 37	43
39 38	12
39 39	26
39 40	33
39 42	47
39 43	1
39 47	46
39 48	19
39 49	4
40 0	35
40 1	40
40 2	38
40 4	3
40 5	29
40 6	21
40 7	17
40 9	0
40 10	8
40 11	49
40 12	1
40 15	11
40 16	10
40 17	45
40 19	24
40 20	32
40 21	41
40 22	12
40 23	30
40 25	48
40 26	39
40 28	5
40 29	42
40 30	47
40 31	15
40 32	43
40 33	27
40 35	7
40 37	9
40 38	46
40 39	19
40 41	22
40 45	14
40 46	26
40 47	2
40 48	23
40 49	44
41 0	8
41 1	15
41 2	1
41 3	20
41 4	7
41 5	37
41 8	30
41 9	33
41 11	31
41 12	2
41 15	19
41 16	40
41 18	5
41 19	18
41 20	27
41 21	21
41 25	41
41 26	22
41 29	6
41 30	44
41 33	0
41 35	25
41 36	38
41 38	24
41 39	23
41 40	3
41 41	26
41 42	10
41 43	4
41 44	29
41 45	42
41 46	39
41 47	28
41 48	36
42 1	21
42 2	11
42 4	32
42 5	44
42 7	16
42 8	2
42 9	46
42 10	31
42 11	23
42 12	18
42 14	33
42 16	48
42 17	43
42 18	14
42 19	34
42 20	29
42 21	28
42 22	4
42 23	39
42 27	12
42 28	49
42 29	45
42 31	38
42 32	25
42 33	5
42 35	24
42 36	47
42 37	41
42 38	13
42 40	0
42 41	7
42 42	9
42 43	37
42 45	20
42 46	36
42 47	10
42 48	6
42 49	17
43 1	24
43 3	2
43 4	13
43 5	3
43 6	10
43 9	41
43 10	14
43 11	21
43 12	35
43 13	33
43 14	4
43 17	12
43 18	18
43 21	39
43 22	30
43 23	1
43 25	36
43 28	37
43 29	29
43 31	40
43 33	17
43 34	28
43 36	43
43 39	27
43 42	23
43 43	25
43 44	9
43 45	16
43 46	45
43 47	15
43 48	44
44 0	43
44 2	27
44 3	45
44 4	48
44 7	37
44 8	28
44 10	46
44 11	9
44 12	14
44 14	35
44 15	33
44 16	25
44 17	23
44 18	30
44 20	10
44 22	17
44 23	49
44 25	47
44 27	34
44 28	15
44 29	8
44 30	39
44 31	42
44 34	4
44 35	12
44 36	0
44 37	2
44 40	24
44 41	31
44 43	38
44 46	13
44 48	26
45 0	22
45 3	3
45 4	8
45 8	29
45 11	0
45 12	27
45 13	34
45 14	41
45 18	2
45 19	21
45 20	45
45 22	16
45 23	36
45 27	48
45 28	23
45 31	33
45 32	18
45 33	37
45 35	30
45 37	19
45 38	11
45 40	4
45 41	40
45 42	1
45 43	49
45 44	42
45 45	31
45 47	35
45 49	13
46 0	31
46 1	43
46 4	42
46 5	4
46 7	14
46 10	10
46 11	26
46 13	44
46 15	25
46 16	34
46 17	28
46 18	17
46 19	6
46 20	48
46 23	46
46 24	40
46 25	49
46 27	33
46 28	41
46 29	7
46 30	18
46 31	9
46 32	15
46 33	12
46 34	8
46 35	29
46 37	13
46 39	30
46 40	36
46 43	47
46 45	38
46 47	32
46 48	5
47 0	23
47 1	8
47 2	15
47 4	34
47 8	42
47 9	11
47 10	47
47 11	48
47 12	32
47 13	38
47 15	30
47 16	45
47 18	31
47 19	17
47 20	2
47 21	12
47 22	5
47 23	35
47 25	27
47 26	20
47 27	37
47 30	1
47 31	22
47 32	26
47 34	14
47 35	19
47 37	21
47 38	4
47 39	33
47 40	9
47 41	13
47 42	25
47 44	3
47 45	24
47 46	16
47 47	49
47 48	39
47 49	10
48 0	4
48 2	33
48 3	13
48 4	0
48 5	38
48 7	41
48 9	43
48 12	28
48 13	25
48 14	49
48 15	47
48 17	1
48 19	37
48 20	36
48 21	11
48 23	21
48 24	15
48 25	3
48 26	42
48 27	10
48 29	35
48 31	12
48 32	9
48 34	23
48 35	31
48 36	45
48 37	18
48 39	32
48 41	8
48 42	39
48 43	19
48 45	44
48 47	22
48 49	2
49 0	28
49 1	27
49 2	37
49 3	34
49 4	47
49 5	21
49 6	41
49 7	29
49 8	38
49 9	6
49 10	32
49 11	17
49 12	33
49 13	5
49 14	20
49 18	40
49 19	30
49 20	19
49 23	8
49 24	16
49 26	12
49 27	14
49 28	46
49 29	11
49 30	26
49 33	35
49 34	1
49 35	4
49 36	15
49 37	25
49 38	45
49 39	2
49 42	7
49 46	22
49 47	31
49 48	48
49 49	49
