50
0 2	25
0 8	39
0 9	0
0 10	21
0 13	31
0 14	28
0 16	2
0 21	11
0 27	4
0 35	18
0 37	42
0 39	5
0 41	27
0 42	9
0 43	26
0 44	7
0 46	32
0 47	23
0 48	30
0 49	44
1 7	19
1 11	30
1 13	2
1 14	36
1 16	27
1 23	18
1 26	1
1 29	4
1 30	9
1 32	49
1 33	13
1 34	34
1 37	0
1 38	40
1 40	11
1 44	20
2 1	11
2 2	5
2 3	9
2 5	4
2 6	28
2 8	2
2 15	48
2 23	23
2 24	30
2 26	29
2 27	40
2 35	12
2 40	47
2 42	1
2 49	7
3 0	31
3 1	12
3 6	45
3 9	28
3 14	21
3 15	30
3 16	26
3 18	35
3 24	34
3 25	11
3 33	8
3 34	25
3 37	19
3 41	40
3 45	47
4 4	36
4 5	13
4 29	43
4 31	21
4 32	39
4 33	6
4 40	26
4 43	1
4 49	25
5 0	44
5 7	33
5 10	12
5 11	16
5 12	24
5 16	18
5 17	46
5 25	26
5 30	14
5 34	17
5 40	23
5 41	43
5 43	25
5 47	20
5 48	28
6 2	6
6 6	39
6 10	27
6 13	14
6 18	43
6 22	13
6 24	2
6 25	38
6 27	17
6 28	19
6 34	22
6 37	3
6 39	48
6 41	37
6 43	12
6 46	40
7 6	5
7 7	37
7 14	30
7 16	38
7 24	13
7 25	18
7 34	8
7 37	27
7 38	4
7 39	32
7 41	39
7 44	31
7 45	25
7 48	6
8 0	0
8 6	31
8 7	7
8 9	12
8 10	33
8 20	18
8 36	47
8 38	16
8 39	1
8 40	19
8 46	5
9 0	49
9 2	4
9 3	19
9 6	6
9 7	9
9 11	26
9 12	21
9 21	34
9 24	38
9 25	22
9 29	47
9 30	46
9 31	16
9 32	3
9 33	17
9 35	33
9 40	20
9 42	27
10 3	27
10 4	49
10 7	45
10 9	32
10 14	33
10 15	21
10 19	10
10 22	2
10 27	28
10 28	39
10 33	30
10 34	16
10 35	38
10 47	5
10 49	3
11 1	41
11 12	39
11 13	7
11 14	25
11 19	18
11 22	22
11 24	23
11 27	42
11 29	13
11 31	48
11 32	46
11 33	9
11 38	17
11 47	0
11 49	15
12 2	26
12 3	13
12 4	29
12 6	30
12 9	43
12 13	38
12 14	49
12 15	45
12 19	24
12 20	37
12 28	4
12 30	12
12 31	17
12 37	39
12 38	46
12 43	11
12 44	18
12 45	19
12 48	21
13 2	45
13 3	5
13 4	2
13 7	20
13 10	29
13 15	36
13 25	40
13 31	10
13 33	19
13 36	34
13 38	43
13 40	21
13 46	8
14 0	33
14 2	32
14 8	25
14 11	3
14 12	12
14 15	2
14 16	20
14 21	41
14 22	49
14 28	46
14 32	11
14 33	21
14 34	43
14 39	15
14 40	31
14 41	28
14 43	13
14 44	35
15 0	3
15 2	44
15 8	40
15 15	37
15 17	2
15 21	0
15 23	5
15 26	18
15 27	12
15 28	7
15 33	49
15 34	13
15 36	14
15 39	26
15 47	43
15 48	29
16 7	39
16 8	22
16 9	20
16 14	29
16 18	49
16 21	31
16 22	34
16 24	1
16 32	14
16 33	0
16 35	9
16 38	13
16 40	24
16 44	17
16 47	8
16 49	4
17 0	18
17 11	49
17 12	4
17 17	9
17 18	21
17 20	7
17 23	38
17 25	36
17 27	1
17 32	27
17 33	23
17 40	12
17 48	43
18 4	12
18 5	35
18 6	44
18 7	49
18 8	15
18 9	10
18 22	29
18 26	34
18 30	21
18 33	14
18 38	25
18 39	23
18 43	37
18 49	28
19 1	35
19 6	37
19 8	30
19 9	39
19 16	1
19 36	7
19 42	21
19 44	47
19 48	22
20 0	19
20 9	4
20 10	20
20 15	5
20 16	23
20 26	26
20 33	32
20 36	37
20 38	3
20 40	25
20 43	49
20 48	9
21 3	35
21 4	44
21 15	18
21 18	31
21 24	5
21 27	36
21 28	11
21 29	40
21 30	17
21 31	14
21 34	27
21 39	28
21 40	45
21 41	23
21 45	24
22 4	30
22 11	32
22 12	40
22 15	38
22 17	18
22 18	5
22 21	44
22 24	19
22 25	46
22 28	43
22 29	12
22 37	4
22 38	27
22 40	29
22 42	20
22 44	39
22 45	45
23 0	45
23 8	9
23 11	0
23 17	35
23 24	12
23 25	25
23 27	22
23 30	39
23 33	47
23 42	26
23 45	10
23 47	1
24 2	16
24 8	20
24 10	25
24 16	48
24 18	34
24 20	23
24 21	5
24 29	24
24 31	2
24 32	33
24 39	27
24 44	41
24 46	31
24 47	7
25 0	20
25 1	25
25 6	10
25 7	17
25 11	12
25 17	33
25 20	36
25 30	31
25 31	9
25 34	18
25 35	23
25 39	39
26 3	10
26 8	13
26 9	41
26 17	12
26 31	46
26 32	16
26 38	0
26 47	48
27 9	35
27 14	18
27 16	42
27 17	17
27 18	6
27 21	37
27 30	1
27 36	0
27 43	21
27 45	23
27 46	29
27 47	39
28 7	3
28 16	29
28 20	45
28 21	19
28 22	15
28 26	8
28 27	18
28 29	2
28 31	47
28 37	43
28 46	30
28 47	40
29 1	2
29 2	41
29 3	29
29 10	4
29 11	11
29 12	22
29 14	19
29 16	43
29 18	47
29 19	40
29 20	31
29 22	38
29 23	25
29 24	27
29 25	23
29 26	33
29 27	21
29 33	42
29 37	5
29 39	45
29 40	49
29 46	9
30 0	21
30 2	31
30 7	13
30 8	5
30 11	33
30 13	6
30 15	4
30 16	37
30 19	28
30 23	8
30 29	0
30 31	42
30 34	26
30 35	2
30 37	48
30 38	12
30 40	32
30 43	30
30 44	34
30 48	20
31 3	17
31 7	5
31 12	11
31 13	8
31 18	3
31 24	24
31 25	39
31 31	0
31 32	28
31 36	29
31 37	35
31 42	10
31 44	37
32 2	22
32 3	18
32 5	41
32 14	43
32 17	28
32 19	46
32 24	37
32 25	47
32 28	6
32 29	45
32 30	40
32 31	27
32 35	26
32 38	24
32 39	9
32 46	34
32 49	14
33 2	17
33 6	43
33 7	48
33 9	1
33 14	47
33 16	15
33 17	39
33 23	3
33 29	7
33 31	5
33 33	24
33 39	37
34 0	26
34 5	34
34 7	21
34 9	45
34 10	19
34 12	6
34 20	16
34 22	30
34 23	28
34 30	22
34 35	29
34 36	31
34 41	5
34 46	10
34 47	47
35 0	6
35 1	48
35 7	22
35 9	18
35 12	29
35 13	43
35 16	30
35 21	33
35 25	5
35 29	20
35 32	19
35 41	34
35 42	4
35 47	26
36 11	28
36 12	17
36 14	34
36 16	13
36 19	44
36 20	4
36 26	15
36 28	23
36 35	10
36 37	30
36 38	35
36 47	27
36 49	1
37 0	16
37 1	33
37 3	22
37 8	23
37 13	13
37 16	25
37 19	41
37 21	6
37 24	39
37 26	35
37 28	29
37 35	42
37 36	27
37 41	11
37 42	38
37 47	15
37 49	10
38 4	17
38 10	24
38 17	15
38 21	10
38 22	32
38 24	20
38 26	13
38 28	37
38 30	42
38 34	23
38 35	49
38 40	2
38 41	9
38 44	16
38 45	26
38 47	4
38 49	38
39 3	36
39 6	35
39 7	1
39 8	0
39 18	22
39 25	48
39 26	7
39 27	19
39 29	39
39 32	17
39 33	2
39 49	46
40 1	10
40 2	12
40 8	24
40 9	31
40 24	43
40 33	45
40 36	40
40 37	34
40 38	23
40 39	17
40 42	39
40 43	0
40 46	46
40 48	15
41 0	7
41 3	12
41 12	14
41 16	44
41 23	33
41 24	35
41 25	2
41 26	47
41 31	20
41 32	48
41 33	26
41 37	37
41 43	10
41 45	6
41 46	22
41 47	17
41 49	31
42 0	5
42 1	14
42 2	0
42 5	12
42 9	21
42 13	17
42 15	11
42 19	37
42 21	24
42 25	27
42 28	13
42 36	20
42 38	2
42 40	1
42 43	9
42 45	28
43 1	28
43 5	22
43 7	31
43 12	32
43 15	3
43 18	29
43 20	9
43 22	0
43 23	4
43 25	12
43 26	36
43 29	48
43 31	19
43 33	44
43 38	37
43 39	47
43 47	2
44 1	19
44 3	4
44 6	21
44 11	18
44 13	22
44 14	15
44 20	39
44 21	17
44 23	31
44 27	30
44 34	24
44 37	46
44 38	41
44 40	28
44 42	5
44 44	25
44 47	49
45 5	17
45 6	29
45 7	44
45 9	22
45 11	23
45 12	35
45 13	3
45 16	6
45 18	30
45 19	25
45 23	14
45 25	15
45 30	16
45 32	37
45 33	34
45 44	46
45 45	8
46 3	40
46 4	23
46 5	6
46 9	44
46 19	12
46 23	10
46 26	20
46 29	8
46 30	24
46 31	38
46 33	4
46 34	37
46 36	5
46 38	39
46 44	49
46 48	11
47 0	17
47 2	27
47 3	28
47 12	42
47 13	41
47 18	4
47 19	38
47 20	19
47 21	14
47 22	35
47 26	22
47 28	1
47 31	33
47 33	39
47 34	9
47 43	3
47 44	15
47 45	7
48 1	47
48 6	40
48 8	41
48 9	46
48 10	3
48 13	24
48 16	36
48 17	37
48 19	16
48 20	10
48 21	18
48 25	4
48 26	19
48 34	49
48 36	45
48 41	38
48 43	14
48 44	32
48 47	6
48 49	39
49 1	46
49 4	43
49 5	32
49 6	14
49 7	15
49 15	49
49 18	13
49 20	28
49 24	36
49 28	45
49 32	20
49 35	34
49 38	11
49 44	3
49 47	35
