50
0 0	17
0 2	24
0 3	27
0 11	7
0 12	38
0 13	48
0 17	28
0 18	33
0 21	40
0 26	10
0 28	32
0 32	9
0 34	39
0 37	5
0 41	20
0 42	0
0 44	34
0 48	6
1 0	30
1 1	43
1 7	47
1 9	38
1 10	24
1 13	46
1 15	16
1 16	18
1 19	13
1 20	0
1 26	8
1 28	21
1 31	48
1 34	15
1 43	20
1 45	4
1 47	11
2 1	27
2 3	46
2 4	34
2 7	25
2 10	30
2 14	49
2 17	2
2 20	32
2 21	23
2 23	15
2 25	10
2 30	40
2 32	43
2 35	0
2 37	9
2 39	21
2 42	28
2 48	22
3 0	44
3 8	5
3 9	11
3 12	27
3 16	40
3 18	41
3 25	33
3 28	8
3 30	37
3 32	45
3 33	15
3 34	18
3 36	2
3 37	39
3 40	48
3 42	24
4 3	22
4 5	4
4 8	46
4 9	43
4 10	0
4 12	18
4 13	37
4 14	44
4 17	19
4 18	39
4 19	26
4 22	40
4 26	7
4 29	49
4 30	14
4 34	20
4 37	17
4 38	36
4 40	12
4 44	16
4 47	21
4 48	32
5 0	32
5 2	20
5 5	22
5 7	35
5 8	2
5 9	12
5 14	18
5 16	27
5 18	38
5 19	28
5 20	43
5 24	7
5 26	37
5 28	48
5 29	3
5 36	41
5 37	10
5 41	1
5 42	13
5 44	23
5 47	42
6 3	9
6 5	16
6 6	10
6 8	21
6 12	42
6 13	1
6 15	12
6 16	45
6 19	41
6 20	46
6 25	49
6 26	18
6 27	33
6 31	3
6 32	44
6 34	29
6 37	27
6 41	26
6 43	36
6 46	43
6 48	37
6 49	47
7 2	49
7 4	20
7 5	2
7 7	13
7 9	10
7 11	12
7 13	25
7 14	24
7 28	36
7 30	43
7 31	0
7 32	15
7 34	32
7 36	38
7 37	30
7 41	34
7 48	23
8 1	49
8 5	35
8 6	48
8 7	5
8 13	42
8 16	34
8 19	27
8 28	12
8 29	38
8 32	22
8 34	30
8 37	45
8 40	43
8 41	37
8 44	15
8 46	0
8 48	20
9 1	31
9 4	26
9 6	6
9 7	12
9 12	49
9 15	18
9 20	24
9 21	42
9 23	17
9 29	41
9 30	16
9 33	28
9 34	1
9 35	13
9 38	21
9 41	32
9 44	11
9 45	14
9 46	46
10 0	22
10 2	15
10 4	1
10 5	25
10 8	0
10 9	16
10 13	27
10 15	45
10 20	17
10 21	19
10 23	6
10 25	47
10 26	13
10 27	28
10 28	23
10 29	5
10 30	9
10 31	30
10 34	42
10 35	4
10 37	38
10 40	33
10 46	8
10 47	44
11 0	42
11 6	41
11 8	17
11 9	14
11 15	15
11 18	40
11 19	19
11 21	0
11 23	8
11 24	21
11 25	32
11 30	36
11 32	6
11 37	25
11 40	27
11 41	30
11 43	47
11 44	20
11 46	1
11 48	31
11 49	18
12 2	7
12 3	33
12 5	21
12 10	41
12 12	10
12 18	30
12 19	42
12 20	12
12 22	39
12 24	20
12 26	23
12 31	37
12 34	43
12 35	19
12 37	8
12 39	44
12 40	49
12 41	18
12 42	36
12 44	31
12 46	17
12 47	1
13 0	34
13 4	42
13 5	32
13 8	39
13 9	2
13 10	18
13 11	36
13 13	28
13 16	9
13 17	43
13 21	8
13 22	31
13 23	16
13 24	13
13 28	26
13 29	46
13 30	47
13 33	23
13 36	35
13 37	33
13 42	6
13 43	10
13 44	14
13 46	48
14 1	24
14 2	38
14 3	0
14 5	34
14 10	26
14 11	18
14 13	5
14 14	25
14 15	10
14 17	45
14 21	46
14 24	33
14 25	35
14 27	47
14 28	7
14 30	22
14 32	29
14 36	15
14 38	23
14 39	17
14 40	21
14 45	44
14 49	42
15 0	21
15 1	16
15 2	27
15 4	19
15 5	23
15 6	15
15 9	0
15 11	10
15 13	44
15 14	6
15 15	14
15 17	9
15 18	1
15 19	36
15 20	37
15 21	45
15 22	8
15 23	43
15 24	31
15 25	12
15 26	39
15 27	24
15 28	11
15 30	41
15 32	42
15 33	33
15 36	28
15 39	20
15 46	40
16 1	46
16 3	31
16 5	17
16 6	43
16 9	4
16 11	38
16 12	33
16 13	19
16 18	48
16 20	18
16 21	10
16 23	25
16 24	11
16 25	20
16 28	47
16 33	39
16 34	40
16 35	35
16 36	21
16 37	0
16 41	24
16 46	7
16 47	16
17 2	18
17 3	13
17 6	14
17 8	25
17 10	6
17 15	37
17 19	32
17 20	2
17 21	26
17 22	23
17 24	15
17 26	34
17 27	44
17 32	36
17 37	47
17 38	17
17 47	30
18 0	35
18 5	9
18 10	37
18 11	2
18 12	0
18 15	41
18 17	49
18 19	40
18 20	23
18 23	36
18 24	30
18 25	16
18 26	47
18 29	34
18 32	8
18 33	10
18 39	12
18 43	18
18 46	21
18 47	25
18 49	19
19 5	12
19 6	46
19 8	13
19 13	10
19 14	8
19 19	43
19 22	3
19 23	42
19 24	36
19 29	7
19 30	18
19 31	5
19 32	38
19 34	28
19 37	35
19 40	6
19 42	21
19 44	17
19 45	49
19 49	1
20 3	15
20 6	49
20 7	33
20 8	28
20 10	36
20 15	30
20 16	7
20 17	20
20 18	14
20 19	48
20 20	4
20 26	46
20 27	12
20 30	5
20 31	32
20 33	0
20 34	13
20 35	8
20 37	6
20 40	23
20 41	25
20 42	42
20 43	37
20 46	24
20 47	45
21 5	43
21 10	49
21 12	5
21 13	9
21 14	46
21 18	27
21 19	1
21 26	14
21 27	42
21 28	22
21 29	15
21 30	17
21 31	34
21 34	24
21 35	23
21 37	19
21 38	38
21 39	3
21 41	11
21 43	32
21 44	33
21 47	6
21 49	8
22 4	0
22 5	15
22 6	42
22 8	3
22 9	6
22 12	39
22 13	22
22 14	45
22 20	16
22 25	48
22 26	41
22 28	25
22 30	44
22 31	23
22 34	31
22 35	17
22 37	43
22 42	12
22 46	38
23 8	1
23 9	13
23 12	31
23 13	23
23 16	35
23 20	10
23 24	44
23 25	36
23 29	9
23 30	26
23 33	2
23 36	48
23 38	40
23 39	28
23 46	3
23 47	49
24 0	4
24 1	32
24 3	37
24 5	3
24 8	18
24 10	11
24 13	34
24 14	30
24 16	21
24 18	6
24 26	12
24 28	44
24 29	33
24 30	7
24 31	19
24 37	16
24 38	46
24 44	26
24 45	23
24 49	38
25 0	28
25 2	22
25 5	11
25 8	49
25 9	44
25 10	39
25 19	7
25 26	30
25 27	23
25 30	10
25 31	21
25 34	34
25 35	24
25 36	37
25 37	12
25 43	31
25 49	48
26 0	11
26 6	21
26 7	23
26 8	15
26 12	13
26 14	7
26 15	24
26 20	8
26 24	1
26 25	40
26 26	31
26 30	46
26 31	26
26 32	34
26 33	43
26 36	29
26 37	37
26 39	36
26 40	35
26 41	12
26 43	9
26 44	25
26 46	19
26 47	48
26 49	0
27 3	7
27 5	27
27 6	39
27 7	24
27 8	48
27 10	25
27 11	5
27 12	16
27 14	11
27 15	8
27 16	32
27 17	30
27 30	33
27 31	15
27 34	10
27 37	31
27 38	9
27 42	49
27 43	17
27 44	6
27 45	22
27 46	23
28 0	23
28 4	36
28 5	40
28 8	12
28 10	9
28 12	7
28 15	17
28 17	41
28 22	0
28 23	29
28 25	6
28 26	25
28 27	2
28 28	37
28 30	34
28 34	8
28 37	32
28 39	46
28 41	21
28 44	28
28 46	11
28 48	18
28 49	13
29 0	25
29 2	28
29 5	6
29 7	41
29 8	8
29 13	11
29 18	18
29 19	24
29 20	45
29 21	32
29 22	22
29 23	47
29 25	19
29 27	15
29 28	33
29 30	42
29 34	0
29 36	49
29 37	21
29 39	37
29 42	7
29 43	40
29 45	36
30 3	47
30 6	26
30 7	9
30 8	42
30 9	5
30 14	20
30 15	23
30 16	0
30 17	35
30 21	14
30 22	11
30 23	37
30 24	6
30 28	46
30 29	10
30 30	19
30 31	27
30 32	31
30 33	1
30 34	48
30 37	41
30 38	32
30 45	43
30 46	34
30 49	28
31 0	20
31 4	48
31 11	3
31 13	33
31 16	12
31 22	15
31 23	22
31 29	18
31 30	49
31 36	40
31 37	24
31 42	26
31 47	2
31 49	5
32 3	44
32 4	3
32 16	43
32 18	15
32 20	6
32 31	22
32 33	20
32 35	38
32 37	36
32 38	25
32 41	42
32 45	12
32 46	30
32 47	19
33 4	7
33 5	1
33 6	33
33 9	18
33 10	44
33 13	24
33 19	20
33 21	34
33 22	2
33 25	29
33 36	25
33 40	45
33 41	46
33 42	47
33 43	21
34 0	45
34 3	14
34 4	46
34 7	6
34 9	23
34 13	16
34 14	28
34 19	0
34 26	5
34 30	38
34 32	7
34 34	21
34 35	3
34 37	2
34 38	4
34 39	18
34 40	44
34 41	48
34 48	34
34 49	20
35 3	18
35 7	26
35 8	35
35 9	33
35 11	32
35 12	44
35 19	22
35 23	39
35 25	8
35 28	17
35 29	2
35 30	13
35 39	31
35 40	34
35 41	28
35 47	12
36 1	26
36 2	34
36 9	30
36 10	13
36 12	45
36 13	12
36 15	46
36 16	6
36 17	21
36 22	19
36 24	32
36 33	40
36 34	11
36 39	25
36 40	37
36 41	2
36 44	7
36 46	29
37 1	15
37 2	42
37 3	45
37 4	33
37 5	5
37 8	29
37 12	32
37 13	0
37 15	6
37 17	24
37 22	25
37 25	3
37 26	20
37 30	28
37 35	46
37 40	31
37 43	11
37 44	18
37 45	48
37 46	36
37 47	27
37 48	13
37 49	17
38 3	41
38 4	6
38 5	13
38 9	49
38 15	3
38 18	36
38 23	28
38 24	25
38 25	21
38 26	44
38 27	18
38 34	46
38 35	2
38 38	45
38 41	4
38 42	31
38 43	29
38 44	37
38 46	14
38 47	40
38 49	33
39 2	8
39 6	20
39 7	36
39 8	16
39 11	0
39 12	35
39 14	48
39 19	30
39 22	37
39 23	10
39 28	13
39 29	44
39 30	25
39 31	28
39 34	6
39 42	34
39 44	24
39 45	31
39 48	43
40 0	7
40 5	48
40 6	0
40 10	27
40 11	14
40 14	9
40 17	10
40 19	35
40 20	31
40 22	42
40 23	4
40 25	17
40 28	29
40 30	20
40 33	30
40 39	32
40 49	25
41 0	10
41 2	6
41 4	25
41 6	40
41 7	14
41 12	8
41 13	21
41 15	34
41 19	15
41 20	39
41 22	20
41 24	37
41 25	46
41 26	45
41 27	13
41 29	22
41 31	7
41 33	29
41 34	4
41 36	17
41 43	30
42 4	4
42 8	24
42 9	47
42 15	27
42 16	29
42 19	10
42 23	11
42 24	8
42 27	36
42 28	35
42 30	31
42 31	25
42 33	41
42 34	16
42 36	34
42 40	22
42 41	3
42 42	43
42 47	0
43 6	38
43 10	22
43 17	13
43 19	33
43 22	32
43 26	21
43 27	25
43 29	27
43 36	26
43 38	29
43 39	5
43 40	10
43 41	6
43 43	34
43 44	0
43 45	16
44 1	10
44 2	30
44 7	29
44 13	43
44 14	31
44 20	5
44 23	27
44 24	16
44 25	42
44 28	40
44 30	21
44 32	13
44 33	22
44 37	18
44 40	14
44 42	23
44 43	1
44 49	26
45 0	16
45 5	8
45 8	38
45 10	3
45 13	47
45 14	26
45 16	36
45 20	14
45 21	1
45 23	49
45 26	40
45 33	6
45 35	20
45 37	44
45 38	27
45 39	29
45 40	24
45 43	33
45 47	4
45 48	7
46 1	3
46 2	46
46 4	37
46 6	28
46 8	14
46 14	43
46 16	10
46 18	4
46 28	20
46 30	29
46 31	12
46 32	27
46 33	8
46 34	36
46 37	34
46 38	30
46 42	5
46 47	15
46 48	35
47 0	43
47 3	2
47 5	24
47 6	18
47 8	47
47 9	25
47 10	1
47 11	34
47 14	33
47 15	21
47 16	46
47 18	44
47 22	13
47 24	42
47 29	26
47 34	23
47 36	12
47 37	40
47 39	19
47 42	17
47 43	38
47 44	3
47 45	30
47 46	10
47 47	37
47 49	16
48 3	8
48 5	20
48 6	5
48 8	27
48 10	16
48 11	31
48 14	13
48 18	19
48 22	45
48 23	33
48 28	24
48 30	39
48 32	47
48 35	30
48 36	7
48 39	1
48 43	35
48 49	6
49 0	5
49 2	13
49 4	8
49 6	4
49 9	17
49 10	40
49 13	7
49 14	41
49 25	30
49 27	46
49 28	2
49 30	6
49 32	16
49 33	44
49 40	9
49 44	45
49 45	32
