50
0 0	21
0 2	25
0 3	48
0 6	28
0 8	49
0 9	40
0 10	12
0 13	36
0 16	46
0 18	14
0 19	45
0 21	4
0 24	0
0 29	19
0 30	13
0 32	1
0 33	18
0 34	44
0 37	42
0 40	43
0 41	3
0 44	7
0 45	35
0 46	47
0 48	30
1 0	33
1 5	9
1 6	20
1 8	47
1 9	7
1 10	10
1 11	30
1 12	3
1 16	26
1 20	12
1 22	43
1 23	15
1 24	46
1 26	34
1 27	13
1 31	32
1 32	45
1 34	28
1 35	23
1 42	1
1 43	19
1 44	4
1 45	8
2 6	8
2 7	21
2 9	38
2 11	40
2 13	23
2 20	49
2 28	32
2 29	36
2 37	26
2 40	25
2 43	4
2 45	37
2 48	16
3 1	9
3 2	5
3 3	28
3 4	40
3 5	14
3 6	33
3 8	3
3 10	7
3 11	23
3 14	49
3 16	12
3 19	27
3 22	24
3 25	0
3 28	18
3 29	38
3 32	36
3 35	4
3 39	13
3 41	35
3 42	16
3 43	39
3 46	1
3 48	10
4 3	1
4 4	0
4 6	38
4 8	17
4 10	39
4 12	8
4 13	14
4 14	12
4 18	2
4 22	45
4 26	41
4 29	40
4 33	20
4 36	11
4 37	27
4 39	5
4 43	46
4 46	30
4 47	13
5 4	25
5 9	16
5 11	47
5 12	19
5 15	17
5 16	39
5 20	18
5 22	36
5 24	14
5 26	37
5 27	33
5 34	13
5 35	11
5 36	49
5 39	12
5 43	44
5 44	23
5 47	42
6 1	24
6 6	11
6 8	21
6 10	23
6 11	7
6 16	45
6 18	5
6 20	33
6 24	19
6 26	28
6 27	35
6 29	25
6 32	13
6 34	15
6 36	26
6 37	44
6 39	16
6 41	29
6 44	12
6 47	49
7 1	7
7 4	46
7 5	44
7 6	45
7 9	36
7 12	20
7 13	10
7 17	34
7 18	19
7 19	0
7 20	27
7 23	33
7 28	5
7 29	6
7 32	29
7 34	23
7 37	25
7 39	47
7 40	22
7 41	40
7 43	21
7 49	48
8 1	31
8 3	46
8 5	26
8 7	40
8 9	30
8 11	43
8 14	8
8 15	28
8 16	10
8 19	18
8 38	49
8 43	37
8 44	39
8 45	2
8 46	25
8 47	48
8 49	20
9 1	36
9 3	22
9 4	10
9 5	18
9 6	46
9 7	5
9 8	14
9 10	17
9 12	15
9 14	25
9 19	28
9 23	1
9 29	16
9 31	44
9 34	26
9 36	48
9 38	20
9 40	7
9 43	8
9 47	9
9 48	0
10 0	35
10 1	4
10 2	29
10 11	41
10 15	5
10 22	44
10 27	0
10 28	1
10 32	34
10 33	40
10 34	38
10 35	36
10 36	30
10 38	48
10 39	15
10 42	42
10 44	33
10 45	25
11 1	40
11 5	32
11 10	0
11 11	42
11 12	45
11 13	15
11 14	6
11 15	25
11 16	14
11 22	39
11 23	13
11 26	27
11 28	44
11 31	36
11 33	34
11 35	38
11 39	24
11 40	49
11 41	9
11 44	21
11 45	48
11 49	5
12 0	16
12 1	30
12 3	10
12 8	4
12 11	6
12 16	8
12 18	23
12 19	34
12 20	46
12 23	19
12 26	21
12 27	39
12 33	13
12 34	18
12 38	42
12 39	35
12 42	7
12 44	9
12 48	38
12 49	3
13 2	49
13 9	1
13 10	41
13 11	44
13 12	10
13 14	33
13 15	37
13 16	15
13 21	42
13 30	21
13 31	7
13 34	8
13 35	27
13 37	28
13 38	2
13 40	6
13 41	13
13 45	9
13 47	22
13 48	29
13 49	38
14 2	11
14 5	39
14 8	27
14 11	21
14 13	47
14 14	0
14 15	31
14 18	26
14 19	12
14 21	29
14 22	16
14 23	34
14 26	14
14 30	5
14 34	22
14 36	4
14 38	17
14 42	41
14 43	6
14 44	3
14 47	7
15 0	8
15 1	45
15 2	34
15 3	23
15 4	36
15 6	12
15 9	13
15 11	14
15 12	39
15 17	33
15 18	27
15 28	6
15 30	29
15 34	35
15 37	48
15 39	28
15 40	9
15 41	20
15 45	7
15 46	17
16 4	18
16 7	4
16 8	36
16 10	8
16 11	49
16 13	29
16 14	26
16 19	3
16 23	2
16 26	39
16 28	25
16 30	43
16 31	22
16 32	28
16 35	12
16 37	17
16 41	5
16 42	45
16 43	31
16 49	32
17 2	16
17 4	48
17 5	36
17 8	8
17 9	37
17 12	46
17 13	4
17 16	35
17 19	38
17 24	41
17 26	23
17 30	12
17 31	0
17 32	49
17 34	1
17 37	10
17 40	3
17 43	18
17 45	45
17 48	32
17 49	29
18 2	4
18 3	18
18 4	49
18 6	0
18 9	5
18 10	13
18 11	36
18 14	11
18 20	40
18 23	9
18 27	6
18 29	22
18 32	23
18 33	8
18 37	24
18 38	47
18 42	46
18 45	14
18 47	45
19 0	45
19 3	38
19 6	26
19 16	30
19 19	15
19 20	22
19 21	28
19 23	32
19 28	31
19 31	29
19 32	11
19 37	5
19 38	3
19 39	43
19 40	0
19 44	27
19 46	18
19 47	21
20 1	46
20 4	26
20 6	41
20 8	1
20 11	22
20 12	36
20 17	37
20 20	15
20 24	18
20 26	49
20 29	3
20 31	17
20 36	42
20 42	0
20 45	20
20 46	24
20 49	6
21 0	15
21 1	26
21 2	43
21 6	7
21 7	0
21 11	1
21 14	16
21 15	34
21 20	41
21 22	17
21 23	35
21 25	20
21 28	10
21 34	11
21 35	30
21 44	47
21 49	27
22 7	41
22 9	8
22 11	37
22 20	31
22 21	39
22 27	40
22 30	26
22 32	48
22 35	28
22 38	21
22 39	14
22 43	15
22 45	44
22 49	24
23 0	6
23 2	39
23 5	45
23 6	34
23 7	36
23 10	19
23 12	7
23 13	43
23 16	13
23 18	30
23 21	9
23 23	16
23 24	40
23 26	25
23 29	10
23 31	15
23 32	14
23 34	3
23 38	18
23 40	48
23 41	22
23 47	23
23 49	0
24 4	33
24 7	6
24 8	22
24 9	43
24 14	15
24 15	4
24 16	44
24 23	25
24 27	14
24 28	42
24 29	23
24 30	20
24 32	31
24 33	17
24 36	35
24 40	40
24 44	13
24 45	49
24 46	11
24 47	1
25 0	24
25 4	35
25 5	30
25 6	27
25 7	42
25 11	45
25 16	41
25 17	13
25 18	43
25 19	39
25 21	44
25 22	1
25 23	10
25 25	16
25 31	18
25 35	37
25 37	36
25 38	23
25 41	15
25 43	49
25 45	6
25 47	33
25 49	21
26 5	40
26 6	6
26 8	24
26 9	34
26 10	3
26 14	36
26 15	41
26 18	1
26 20	38
26 31	37
26 32	2
26 35	47
26 37	13
26 40	33
26 41	19
26 46	48
26 47	18
26 48	14
27 2	24
27 3	2
27 4	22
27 7	28
27 9	23
27 10	32
27 11	34
27 12	47
27 13	13
27 15	33
27 18	46
27 22	49
27 24	48
27 25	21
27 27	8
27 28	3
27 33	38
27 34	42
27 36	20
27 39	27
27 41	6
27 42	37
27 49	36
28 0	25
28 1	27
28 2	28
28 4	30
28 7	32
28 9	46
28 11	38
28 15	36
28 16	3
28 17	48
28 18	17
28 23	20
28 26	44
28 32	9
28 37	11
28 38	5
28 39	22
28 40	12
28 41	18
28 42	24
28 44	10
28 46	43
28 48	21
28 49	26
29 2	41
29 5	43
29 6	4
29 10	44
29 15	14
29 16	18
29 19	1
29 21	32
29 22	29
29 27	25
29 28	17
29 30	11
29 31	45
29 32	40
29 33	27
29 34	2
29 36	8
29 40	46
29 45	23
29 46	31
30 1	8
30 2	1
30 4	9
30 5	7
30 8	34
30 12	41
30 13	3
30 16	20
30 17	4
30 23	46
30 26	17
30 28	11
30 30	36
30 39	18
30 42	27
30 43	26
31 0	48
31 1	5
31 2	19
31 3	39
31 4	24
31 5	28
31 6	37
31 7	31
31 14	9
31 15	47
31 18	13
31 22	34
31 26	46
31 28	45
31 44	35
31 46	38
32 1	6
32 5	15
32 11	5
32 15	11
32 19	48
32 20	42
32 22	4
32 27	45
32 29	20
32 30	49
32 35	46
32 37	32
32 39	29
32 41	8
32 42	40
32 44	28
32 45	26
32 46	37
32 49	1
33 1	2
33 3	43
33 5	4
33 10	6
33 17	46
33 18	24
33 19	35
33 20	9
33 22	5
33 23	47
33 24	27
33 27	3
33 30	33
33 31	14
33 32	17
33 38	15
33 39	8
33 40	13
33 44	0
34 0	49
34 5	13
34 6	35
34 7	14
34 8	33
34 10	46
34 12	9
34 13	44
34 14	23
34 15	3
34 16	22
34 19	29
34 22	27
34 34	21
34 36	36
34 40	30
34 44	42
34 45	32
34 47	16
34 48	6
35 3	11
35 4	8
35 5	3
35 8	12
35 11	20
35 13	5
35 15	39
35 17	23
35 18	41
35 24	44
35 25	33
35 29	27
35 31	6
35 32	4
35 39	1
35 41	30
35 42	29
35 43	13
35 45	34
35 46	32
35 47	36
36 1	1
36 5	11
36 8	2
36 11	46
36 12	29
36 17	43
36 18	0
36 19	14
36 20	30
36 21	27
36 23	31
36 24	26
36 26	20
36 29	49
36 33	37
36 35	17
36 42	15
36 44	36
36 47	41
37 2	33
37 4	29
37 6	30
37 7	44
37 9	0
37 10	18
37 15	6
37 18	32
37 19	7
37 25	40
37 26	3
37 28	20
37 30	41
37 31	9
37 35	24
37 36	43
37 38	8
37 41	23
37 44	17
37 47	47
37 48	5
38 0	39
38 1	48
38 8	41
38 10	24
38 13	1
38 16	6
38 17	25
38 19	19
38 20	37
38 23	0
38 24	34
38 26	40
38 27	31
38 34	10
38 36	23
38 39	9
38 40	5
38 45	17
38 46	4
38 48	13
39 4	14
39 6	19
39 7	33
39 9	29
39 12	44
39 13	41
39 14	38
39 24	25
39 28	43
39 29	26
39 31	13
39 33	39
39 38	22
39 39	31
39 40	4
39 42	18
39 44	20
39 45	46
39 46	2
39 48	8
40 7	11
40 9	49
40 10	31
40 11	12
40 12	4
40 13	27
40 17	3
40 21	37
40 23	41
40 24	17
40 26	6
40 30	10
40 32	43
40 33	33
40 35	2
40 40	26
40 42	22
40 43	0
40 48	44
40 49	14
41 2	23
41 11	27
41 14	13
41 17	36
41 19	8
41 20	25
41 21	45
41 23	44
41 25	48
41 27	9
41 28	16
41 29	30
41 30	22
41 37	47
41 39	32
41 40	1
41 42	33
41 43	24
41 44	31
41 45	5
41 46	6
42 3	0
42 6	47
42 8	6
42 11	4
42 12	1
42 14	43
42 19	41
42 20	20
42 24	49
42 26	10
42 27	44
42 29	9
42 31	33
42 32	37
42 37	22
42 38	30
42 41	27
42 43	25
42 45	3
42 46	46
42 49	12
43 1	20
43 2	36
43 3	6
43 4	32
43 6	15
43 9	45
43 10	21
43 11	10
43 12	42
43 13	11
43 14	44
43 16	34
43 17	9
43 18	35
43 19	23
43 20	17
43 21	40
43 31	24
43 33	1
43 34	12
43 37	39
43 48	46
43 49	30
44 0	18
44 1	0
44 2	38
44 3	49
44 5	16
44 7	37
44 10	29
44 11	48
44 14	7
44 17	40
44 21	35
44 25	28
44 32	15
44 33	3
44 35	41
44 40	2
44 41	12
44 43	23
44 45	1
44 46	27
44 47	39
44 48	34
44 49	33
45 1	25
45 5	5
45 11	2
45 17	18
45 18	28
45 20	14
45 25	8
45 28	27
45 29	7
45 31	1
45 32	41
45 34	19
45 36	38
45 47	35
45 48	31
46 0	14
46 3	45
46 4	20
46 7	27
46 12	5
46 14	48
46 16	43
46 22	10
46 30	0
46 34	37
46 36	47
46 37	9
46 39	46
46 40	23
46 42	17
46 43	34
46 44	8
46 49	44
47 2	13
47 3	25
47 6	21
47 8	31
47 9	39
47 13	20
47 18	45
47 19	44
47 20	24
47 21	47
47 22	26
47 23	27
47 27	30
47 28	28
47 31	5
47 34	9
47 40	41
47 42	4
47 44	19
47 45	12
47 47	37
47 48	11
48 0	37
48 2	14
48 6	3
48 7	1
48 8	20
48 11	9
48 15	15
48 17	35
48 20	32
48 22	0
48 25	10
48 26	7
48 28	46
48 30	42
48 31	21
48 36	13
48 37	18
48 43	22
48 46	16
48 47	27
49 3	35
49 4	37
49 5	27
49 6	1
49 7	34
49 9	41
49 10	38
49 12	28
49 13	46
49 15	0
49 20	8
49 21	33
49 22	6
49 26	22
49 27	26
49 28	4
49 29	42
49 31	39
49 34	14
49 36	16
49 38	40
49 46	21
49 47	17
49 48	12
49 49	13
