50
0 0	30
0 1	48
0 2	27
0 3	3
0 4	36
0 5	0
0 6	39
0 9	31
0 10	21
0 13	6
0 14	42
0 15	35
0 16	23
0 18	47
0 19	38
0 20	4
0 21	9
0 22	2
0 23	18
0 25	1
0 26	20
0 27	40
0 28	29
0 29	22
0 31	16
0 32	45
0 34	25
0 35	28
0 37	37
0 38	15
0 39	46
0 40	41
0 41	13
0 43	44
0 45	8
0 47	7
0 49	17
1 1	13
1 4	12
1 5	1
1 7	10
1 8	2
1 9	9
1 10	7
1 11	44
1 12	42
1 13	23
1 15	24
1 17	49
1 18	11
1 19	18
1 20	14
1 21	17
1 22	32
1 24	3
1 25	25
1 26	27
1 27	20
1 28	34
1 29	6
1 30	5
1 31	41
1 32	8
1 33	29
1 34	4
1 36	39
1 37	31
1 38	30
1 39	16
1 40	43
1 41	26
1 42	48
1 43	36
1 44	33
1 45	46
1 46	38
1 47	15
1 49	28
2 0	11
2 1	34
2 2	1
2 3	2
2 4	15
2 5	31
2 6	28
2 8	26
2 9	16
2 11	37
2 12	41
2 14	5
2 15	49
2 17	21
2 18	45
2 19	9
2 20	22
2 21	38
2 22	30
2 23	0
2 24	13
2 26	12
2 27	24
2 28	7
2 30	35
2 31	29
2 33	14
2 34	42
2 35	47
2 38	8
2 40	32
2 41	39
2 42	6
2 43	4
2 44	23
2 45	10
2 46	19
2 47	18
2 48	17
2 49	36
3 0	29
3 1	7
3 2	39
3 3	20
3 4	6
3 5	41
3 6	33
3 7	2
3 8	24
3 9	15
3 10	10
3 12	49
3 14	46
3 15	3
3 16	9
3 17	27
3 18	43
3 19	47
3 20	28
3 21	22
3 22	25
3 23	42
3 24	35
3 25	14
3 26	26
3 27	19
3 28	23
3 29	45
3 30	40
3 32	16
3 34	1
3 35	44
3 36	38
3 37	48
3 38	32
3 40	34
3 42	37
3 43	21
3 44	13
3 45	5
3 46	11
3 47	17
3 48	31
3 49	12
4 0	1
4 1	40
4 3	10
4 4	3
4 6	26
4 7	25
4 8	42
4 9	11
4 10	37
4 12	22
4 13	7
4 15	18
4 16	24
4 18	46
4 19	5
4 20	41
4 21	28
4 22	13
4 23	4
4 27	33
4 28	43
4 29	49
4 31	21
4 32	47
4 33	8
4 34	39
4 36	44
4 37	14
4 40	19
4 42	31
4 43	17
4 44	2
4 46	30
4 47	45
4 48	0
4 49	35
5 0	21
5 1	42
5 3	11
5 4	7
5 5	35
5 6	29
5 7	16
5 8	14
5 9	12
5 10	39
5 13	17
5 14	26
5 15	23
5 16	20
5 17	24
5 20	0
5 21	27
5 22	15
5 23	22
5 24	10
5 25	5
5 26	32
5 28	8
5 30	9
5 31	31
5 32	28
5 33	43
5 34	30
5 35	6
5 37	49
5 38	19
5 41	46
5 42	25
5 43	40
5 45	48
5 46	2
5 47	33
5 48	13
5 49	45
6 0	41
6 1	11
6 2	10
6 3	35
6 4	33
6 5	18
6 7	27
6 8	39
6 9	47
6 10	16
6 11	13
6 13	26
6 14	45
6 16	25
6 17	17
6 18	32
6 21	24
6 22	28
6 23	34
6 24	43
6 25	12
6 27	6
6 28	46
6 30	2
6 32	20
6 33	4
6 35	40
6 36	42
6 37	21
6 38	22
6 39	7
6 40	48
6 41	15
6 44	44
6 45	30
6 46	37
6 47	1
6 49	8
7 0	23
7 1	45
7 3	6
7 4	48
7 5	26
7 6	21
7 8	5
7 9	28
7 10	15
7 11	9
7 12	12
7 13	2
7 14	37
7 15	47
7 16	43
7 17	46
7 18	25
7 20	31
7 21	7
7 22	22
7 23	33
7 26	0
7 28	10
7 29	39
7 30	14
7 32	49
7 34	35
7 36	32
7 37	38
7 38	4
7 39	20
7 40	42
7 41	18
7 42	41
7 43	24
7 44	27
7 45	16
7 46	3
7 47	19
7 48	40
7 49	44
8 0	31
8 2	13
8 3	22
8 4	34
8 7	19
8 8	25
8 9	6
8 10	30
8 11	39
8 12	33
8 14	29
8 15	41
8 18	38
8 19	26
8 20	46
8 21	8
8 22	3
8 23	7
8 24	4
8 25	27
8 26	21
8 27	17
8 28	11
8 29	0
8 30	15
8 31	2
8 32	36
8 34	44
8 35	1
8 36	18
8 37	5
8 38	35
8 39	28
8 40	49
8 41	43
8 42	10
8 44	45
8 45	47
8 46	23
8 47	40
8 48	42
8 49	9
9 0	2
9 1	8
9 2	11
9 3	7
9 6	19
9 7	9
9 8	15
9 9	22
9 11	1
9 12	4
9 14	21
9 15	13
9 17	23
9 18	29
9 19	36
9 20	18
9 21	31
9 22	10
9 23	5
9 24	48
9 25	33
9 26	14
9 27	35
9 29	16
9 32	39
9 33	40
9 34	17
9 35	32
9 36	47
9 37	41
9 38	27
9 39	34
9 40	0
9 41	45
9 42	46
9 43	20
9 44	43
9 46	49
9 47	12
9 48	28
10 0	40
10 2	22
10 3	36
10 4	0
10 5	29
10 6	17
10 7	5
10 8	32
10 9	26
10 10	3
10 12	14
10 13	48
10 16	31
10 17	7
10 18	28
10 19	6
10 21	34
10 22	20
10 23	21
10 25	35
10 26	47
10 27	44
10 28	2
10 30	38
10 31	23
10 32	43
10 33	24
10 35	41
10 36	15
10 38	18
10 39	11
10 40	30
10 41	37
10 44	25
10 45	13
10 47	4
10 48	10
11 0	3
11 1	31
11 2	47
11 4	8
11 5	19
11 6	13
11 7	20
11 9	10
11 10	14
11 11	34
11 13	11
11 14	30
11 15	38
11 16	0
11 17	28
11 18	44
11 19	33
11 20	40
11 21	12
11 22	43
11 23	45
11 24	49
11 25	2
11 27	37
11 28	15
11 29	17
11 30	39
11 31	5
11 32	18
11 34	29
11 36	21
11 38	48
11 40	25
11 43	42
11 44	9
11 45	26
11 46	46
11 48	22
11 49	32
12 0	0
12 2	16
12 4	18
12 5	27
12 6	40
12 7	22
12 8	10
12 9	39
12 10	48
12 11	47
12 12	45
12 13	33
12 14	3
12 15	14
12 16	8
12 18	4
12 19	7
12 20	23
12 21	49
12 22	6
12 23	36
12 25	41
12 26	19
12 27	38
12 28	17
12 30	25
12 31	35
12 32	11
12 33	2
12 36	46
12 37	43
12 38	44
12 39	31
12 40	28
12 41	1
12 42	15
12 43	29
12 44	34
12 45	37
12 46	42
12 49	13
13 0	32
13 1	2
13 2	15
13 3	46
13 4	41
13 5	45
13 6	30
13 7	31
13 8	47
13 9	1
13 10	26
13 11	48
13 12	37
13 13	34
13 14	39
13 16	14
13 17	0
13 19	43
13 20	25
13 21	42
13 22	9
13 24	6
13 25	18
13 26	13
13 27	23
13 30	44
13 31	8
13 32	24
13 33	12
13 34	38
13 35	10
13 36	19
13 37	28
13 38	49
13 39	5
13 40	36
13 41	29
13 42	3
13 43	33
13 45	21
13 48	27
13 49	22
14 1	12
14 2	7
14 4	39
14 6	22
14 7	41
14 8	48
14 9	30
14 10	28
14 11	16
14 12	20
14 13	5
14 15	10
14 16	35
14 18	6
14 19	0
14 21	32
14 22	23
14 23	24
14 24	8
14 27	4
14 28	26
14 29	1
14 30	13
14 31	27
14 32	2
14 33	46
14 35	11
14 37	29
14 38	25
14 40	31
14 41	34
14 42	9
14 43	15
14 45	14
14 46	17
14 47	49
14 48	38
15 0	16
15 4	44
15 5	20
15 8	45
15 9	43
15 10	9
15 11	21
15 14	2
15 15	5
15 16	40
15 17	22
15 18	7
15 19	42
15 20	17
15 22	11
15 24	30
15 25	26
15 26	18
15 27	32
15 28	13
15 29	3
15 30	8
15 31	25
15 32	48
15 33	47
15 34	46
15 35	38
15 36	10
15 37	6
15 38	28
15 39	24
15 40	23
15 41	33
15 42	0
15 44	4
15 45	27
15 46	36
15 47	34
15 48	29
15 49	37
16 1	32
16 3	0
16 4	11
16 5	49
16 6	18
16 7	23
16 8	16
16 9	5
16 10	13
16 11	46
16 13	30
16 14	22
16 15	17
16 16	29
16 17	14
16 19	24
16 20	48
16 22	45
16 23	3
16 26	44
16 27	2
16 28	1
16 29	12
16 30	42
16 32	6
16 33	21
16 34	8
16 36	41
16 37	34
16 39	38
16 41	40
16 42	19
16 43	27
16 44	36
16 45	43
16 46	10
16 47	35
16 48	15
16 49	26
17 0	46
17 1	10
17 4	28
17 5	16
17 7	17
17 8	37
17 9	3
17 10	8
17 11	31
17 14	34
17 15	4
17 16	7
17 17	43
17 18	49
17 19	35
17 20	32
17 21	21
17 23	41
17 24	40
17 25	6
17 26	15
17 27	27
17 28	38
17 29	29
17 31	18
17 33	11
17 34	22
17 35	2
17 36	14
17 37	1
17 38	39
17 39	33
17 40	26
17 41	25
17 43	13
17 44	5
17 45	0
17 46	45
17 47	9
17 48	12
17 49	23
18 0	47
18 1	15
18 2	19
18 3	31
18 4	37
18 5	17
18 6	25
18 7	38
18 8	43
18 9	44
18 11	7
18 12	30
18 13	8
18 15	36
18 16	41
18 17	48
18 18	1
18 19	45
18 20	33
18 21	18
18 22	27
18 23	46
18 25	4
18 26	2
18 28	24
18 29	21
18 30	32
18 31	12
18 32	3
18 33	28
18 34	26
18 35	34
18 36	6
18 37	13
18 38	0
18 39	42
18 40	20
18 41	49
18 42	39
18 43	5
18 45	11
18 46	9
18 48	23
18 49	29
19 0	24
19 2	35
19 3	17
19 5	48
19 6	4
19 7	49
19 9	8
19 10	0
19 11	26
19 13	1
19 15	16
19 16	10
19 18	5
19 19	31
19 20	3
19 21	11
19 22	44
19 23	15
19 24	27
19 25	19
19 27	28
19 29	33
19 30	23
19 31	22
19 32	37
19 33	36
19 34	21
19 36	34
19 37	45
19 38	6
19 39	32
19 40	12
19 41	30
19 42	14
19 43	38
19 46	29
19 48	18
19 49	43
20 0	18
20 1	35
20 2	8
20 3	5
20 4	14
20 5	22
20 6	2
20 7	0
20 8	4
20 9	38
20 10	23
20 11	27
20 12	44
20 13	31
20 15	26
20 16	39
20 17	15
20 18	16
20 19	13
20 20	21
20 22	17
20 23	49
20 25	40
20 26	33
20 28	19
20 29	10
20 31	34
20 32	12
20 33	37
20 34	32
20 35	45
20 37	9
20 39	29
20 40	3
20 41	7
20 42	42
20 44	28
20 45	41
20 46	20
20 47	48
20 48	11
20 49	24
21 1	3
21 2	6
21 3	13
21 5	11
21 7	30
21 9	20
21 10	31
21 12	39
21 13	44
21 14	27
21 16	32
21 19	2
21 21	10
21 22	47
21 23	35
21 24	1
21 26	45
21 28	16
21 29	48
21 33	7
21 35	4
21 36	25
21 37	0
21 38	29
21 40	24
21 41	21
21 43	14
21 44	17
21 45	40
21 46	18
21 47	43
21 49	49
22 0	8
22 3	49
22 4	35
22 5	30
22 7	12
22 8	38
22 9	23
22 10	22
22 13	9
22 14	48
22 15	29
22 16	44
22 17	42
22 18	3
22 19	40
22 20	39
22 22	41
22 23	1
22 24	46
22 25	32
22 26	28
22 28	0
22 29	20
22 30	16
22 31	33
22 32	13
22 34	47
22 35	14
22 36	31
22 37	18
22 39	25
22 40	27
22 41	10
22 42	21
22 44	15
22 45	34
22 48	37
22 49	7
23 0	36
23 1	14
23 2	23
23 3	41
23 4	47
23 5	46
23 6	7
23 7	21
23 8	40
23 10	1
23 12	24
23 13	18
23 14	28
23 15	22
23 16	11
23 17	38
23 18	8
23 19	4
23 20	30
23 21	20
23 22	39
23 23	29
23 24	34
23 25	45
23 26	10
23 27	5
23 28	44
23 29	42
23 30	33
23 31	15
23 32	26
23 34	19
23 36	35
23 37	27
23 38	37
23 40	9
23 41	3
23 42	17
23 43	25
23 44	32
23 46	43
23 47	16
23 48	2
24 0	20
24 1	49
24 2	9
24 3	34
24 4	43
24 5	15
24 7	4
24 8	19
24 9	25
24 10	29
24 11	28
24 12	8
24 13	13
24 14	35
24 15	32
24 17	16
24 18	40
24 19	37
24 20	36
24 21	45
24 22	5
24 23	6
24 25	46
24 26	1
24 27	18
24 28	41
24 29	26
24 30	10
24 31	11
24 33	22
24 34	7
24 36	27
24 37	24
24 38	31
24 39	23
24 41	12
24 42	2
24 43	48
24 44	14
24 45	17
25 0	17
25 1	23
25 2	32
25 3	39
25 6	9
25 8	11
25 9	27
25 10	45
25 11	20
25 13	28
25 14	15
25 15	8
25 16	13
25 17	1
25 18	35
25 19	16
25 21	30
25 23	10
25 25	37
25 26	7
25 27	48
25 28	40
25 29	36
25 32	22
25 33	3
25 35	29
25 36	33
25 37	47
25 38	42
25 39	44
25 40	5
25 41	38
25 43	41
25 44	46
25 45	24
25 46	14
25 47	21
25 48	25
25 49	2
26 0	14
26 1	17
26 2	41
26 4	27
26 5	43
26 6	5
26 7	7
26 8	28
26 9	40
26 10	24
26 11	29
26 12	16
26 14	23
26 15	2
26 16	46
26 17	44
26 18	33
26 20	19
26 21	36
26 23	32
26 26	49
26 27	0
26 28	48
26 29	4
26 30	20
26 31	38
26 33	15
26 34	45
26 35	9
26 37	35
26 38	3
26 39	6
26 40	8
26 41	11
26 42	30
26 43	10
26 44	37
26 46	13
26 47	47
26 48	39
26 49	25
27 0	5
27 2	38
27 3	37
27 4	1
27 5	25
27 6	32
27 7	45
27 8	17
27 9	14
27 10	33
27 11	36
27 12	48
27 13	22
27 14	44
27 16	3
27 17	13
27 19	12
27 20	8
27 22	46
27 23	31
27 24	39
27 26	23
27 27	49
27 30	7
27 31	40
27 32	4
27 34	43
27 36	9
27 38	47
27 39	10
27 40	11
27 44	0
27 45	2
27 46	26
27 48	41
27 49	34
28 1	33
28 2	43
28 5	24
28 6	42
28 7	47
28 8	46
28 9	17
28 10	19
28 11	2
28 12	34
28 13	21
28 14	6
28 15	11
28 16	1
28 17	4
28 18	30
28 19	29
28 21	39
28 22	0
28 24	44
28 27	14
28 28	28
28 29	35
28 30	41
28 31	10
28 33	32
28 34	31
28 35	18
28 36	23
28 37	40
28 38	45
28 39	8
28 40	7
28 41	36
28 42	16
28 43	3
28 45	9
28 46	25
28 47	37
28 48	49
28 49	15
29 0	34
29 1	19
29 2	28
29 4	38
29 5	33
29 6	43
29 7	46
29 8	3
29 10	40
29 11	10
29 12	25
29 13	14
29 14	49
29 15	21
29 16	45
29 17	29
29 18	31
29 19	30
29 20	15
29 22	37
29 23	44
29 24	47
29 25	9
29 26	35
29 27	42
29 29	8
29 30	17
29 31	26
29 32	32
29 33	41
29 34	16
29 36	48
29 37	11
29 38	5
29 39	1
29 40	13
29 41	24
29 42	22
29 43	39
29 44	20
29 45	36
29 47	6
29 48	4
30 0	9
30 1	29
30 2	33
30 3	30
30 5	39
30 7	24
30 8	27
30 9	4
30 11	32
30 13	36
30 15	42
30 16	2
30 17	10
30 19	41
30 20	47
30 21	25
30 22	16
30 23	14
30 25	21
30 28	31
30 29	43
30 30	49
30 31	45
30 32	15
30 33	44
30 36	28
30 37	26
30 38	7
30 39	3
30 40	40
30 41	48
30 42	34
30 43	18
30 47	0
30 48	6
31 0	7
31 1	25
31 2	42
31 3	24
31 4	4
31 5	40
31 6	45
31 7	37
31 8	31
31 9	36
31 10	32
31 11	5
31 12	35
31 13	20
31 15	48
31 16	16
31 18	23
31 19	46
31 20	38
31 21	14
31 22	19
31 23	9
31 24	22
31 25	30
31 26	3
31 27	34
31 28	18
31 29	15
31 30	11
31 31	6
31 32	41
31 33	26
31 34	0
31 35	43
31 36	29
31 37	17
31 38	13
31 39	39
31 41	27
31 42	1
31 43	49
31 44	8
31 45	28
31 46	33
31 47	2
31 48	44
32 0	37
32 1	30
32 2	18
32 4	20
32 5	34
32 6	10
32 7	39
32 9	7
32 10	11
32 11	40
32 12	15
32 13	25
32 14	47
32 15	0
32 17	36
32 18	42
32 19	8
32 22	33
32 23	26
32 24	2
32 25	44
32 27	21
32 28	45
32 29	24
32 30	29
32 32	9
32 34	27
32 35	16
32 37	22
32 38	43
32 39	13
32 40	1
32 42	5
32 43	46
32 46	41
32 47	38
32 48	48
32 49	31
33 0	42
33 2	45
33 3	25
33 4	13
33 5	23
33 6	6
33 8	8
33 9	35
33 10	4
33 11	41
33 12	28
33 14	40
33 15	27
33 16	17
33 17	31
33 18	15
33 20	11
33 21	47
33 22	21
33 23	20
33 24	0
33 25	49
33 26	48
33 27	16
33 28	9
33 29	30
33 30	3
33 31	32
33 33	34
33 34	33
33 37	39
33 39	36
33 40	18
33 45	38
33 46	22
33 47	24
33 48	14
33 49	46
34 0	12
34 1	18
34 2	4
34 3	45
34 4	16
34 5	13
34 6	34
34 7	3
34 8	30
34 9	21
34 10	47
34 11	22
34 12	38
34 13	15
34 15	44
34 17	40
34 19	28
34 20	1
34 23	8
34 25	17
34 26	46
34 29	37
34 30	19
34 32	29
34 33	27
34 35	26
34 36	24
34 38	10
34 39	14
34 40	35
34 41	32
34 42	23
34 43	43
34 44	39
34 45	33
34 46	48
34 47	25
34 49	42
35 0	45
35 1	9
35 2	31
35 3	19
35 4	10
35 5	8
35 6	36
35 7	33
35 8	18
35 9	29
35 10	49
35 13	39
35 14	7
35 15	12
35 18	14
35 19	11
35 20	44
35 21	40
35 22	42
35 23	25
35 25	13
35 26	30
35 28	37
35 29	2
35 30	28
35 31	48
35 32	1
35 33	35
35 34	23
35 35	5
35 36	43
35 37	32
35 38	38
35 39	17
35 40	46
35 42	20
35 43	22
35 44	21
35 45	15
35 46	0
35 47	27
35 48	34
35 49	16
36 0	10
36 1	22
36 2	21
36 3	28
36 4	46
36 5	36
36 6	48
36 7	29
36 8	44
36 9	13
36 10	2
36 12	17
36 13	49
36 14	9
36 15	30
36 17	25
36 18	0
36 19	32
36 20	12
36 21	26
36 24	38
36 25	42
36 26	8
36 27	47
36 28	3
36 29	23
36 30	37
36 31	24
36 32	27
36 34	15
36 35	7
36 37	20
36 39	43
36 41	19
36 42	4
36 43	1
36 44	6
36 45	31
36 46	35
36 47	5
36 49	14
37 1	46
37 2	37
37 3	47
37 4	30
37 5	5
37 8	20
37 10	27
37 11	4
37 12	21
37 13	3
37 15	25
37 18	13
37 19	17
37 22	34
37 24	15
37 25	24
37 26	41
37 27	22
37 29	38
37 30	18
37 32	14
37 33	1
37 34	48
37 35	31
37 36	36
37 37	33
37 38	23
37 39	45
37 40	10
37 41	0
37 42	28
37 43	2
37 45	44
37 46	12
37 48	8
37 49	11
38 0	13
38 1	41
38 3	15
38 4	32
38 6	37
38 7	42
38 8	22
38 9	33
38 10	34
38 12	26
38 13	0
38 14	18
38 15	43
38 16	38
38 17	35
38 18	27
38 19	44
38 20	5
38 21	3
38 23	47
38 24	23
38 25	10
38 26	24
38 27	9
38 28	20
38 30	31
38 32	7
38 34	36
38 35	39
38 36	2
38 37	8
38 38	14
38 39	30
38 40	29
38 41	16
38 42	12
38 43	45
38 44	48
38 45	19
38 46	6
38 48	21
38 49	40
39 1	44
39 2	34
39 3	48
39 4	22
39 5	37
39 6	49
39 8	13
39 9	0
39 10	5
39 11	24
39 12	29
39 13	32
39 15	19
39 16	26
39 17	45
39 18	12
39 19	3
39 20	42
39 24	21
39 25	7
39 26	38
39 27	25
39 28	27
39 29	18
39 30	43
39 31	46
39 32	23
39 33	30
39 34	9
39 35	15
39 36	8
39 38	40
39 39	35
39 40	2
39 44	16
39 45	39
39 46	28
39 47	31
39 48	1
39 49	4
40 1	4
40 2	40
40 4	2
40 5	21
40 6	15
40 7	6
40 8	1
40 9	49
40 10	38
40 11	19
40 12	47
40 13	35
40 16	30
40 17	8
40 18	9
40 19	25
40 20	13
40 21	48
40 23	27
40 24	42
40 26	5
40 29	31
40 30	36
40 31	43
40 32	34
40 33	33
40 34	37
40 35	22
40 36	0
40 38	11
40 39	41
40 40	45
40 42	7
40 43	12
40 44	24
40 45	32
40 46	44
40 47	10
40 48	46
40 49	18
41 0	43
41 2	5
41 3	23
41 4	21
41 5	32
41 6	8
41 7	15
41 8	12
41 10	36
41 11	45
41 12	40
41 13	16
41 14	41
41 15	9
41 16	33
41 17	11
41 18	18
41 20	2
41 21	44
41 22	35
41 23	48
41 24	17
41 25	29
41 26	37
41 27	31
41 28	49
41 30	47
41 31	39
41 32	30
41 33	25
41 35	0
41 36	13
41 37	3
41 38	34
41 39	26
41 41	4
41 42	38
41 43	19
41 44	22
41 45	6
41 46	27
41 47	42
41 48	20
41 49	1
42 0	38
42 1	36
42 2	26
42 3	12
42 4	25
42 5	6
42 6	27
42 7	48
42 8	35
42 9	24
42 10	41
42 11	23
42 12	10
42 13	29
42 14	4
42 15	1
42 17	34
42 18	39
42 19	20
42 21	37
42 22	40
42 23	30
42 24	31
42 25	22
42 26	9
42 28	47
42 30	46
42 31	17
42 32	0
42 33	42
42 34	5
42 35	49
42 36	16
42 37	2
42 38	33
42 39	19
42 41	28
42 42	32
42 45	45
42 46	21
42 47	13
42 48	7
42 49	3
43 0	25
43 1	27
43 2	14
43 3	29
43 4	45
43 5	7
43 8	36
43 9	2
43 10	46
43 11	12
43 12	5
43 13	43
43 16	47
43 17	19
43 19	15
43 21	1
43 22	26
43 23	39
43 24	20
43 25	0
43 26	40
43 27	13
43 29	41
43 30	48
43 31	37
43 32	31
43 33	9
43 34	28
43 35	24
43 36	4
43 37	30
43 38	16
43 40	17
43 41	23
43 42	8
43 43	34
43 45	42
43 46	32
43 47	3
43 48	35
44 1	26
44 2	24
44 3	33
44 5	9
44 6	12
44 7	40
44 8	34
44 9	32
44 10	42
44 12	0
44 13	46
44 14	25
44 15	39
44 16	36
44 17	47
44 18	21
44 19	48
44 20	20
44 21	13
44 22	7
44 23	19
44 24	18
44 25	38
44 26	4
44 27	30
44 28	35
44 29	28
44 31	14
44 33	10
44 34	2
44 36	22
44 37	15
44 40	37
44 41	31
44 42	45
44 46	16
44 47	41
44 48	43
44 49	5
45 0	27
45 1	0
45 2	3
45 3	4
45 5	44
45 6	46
45 7	32
45 10	18
45 11	49
45 12	23
45 13	19
45 14	36
45 16	28
45 17	2
45 18	41
45 19	39
45 20	24
45 21	35
45 22	48
45 23	38
45 26	31
45 27	29
45 28	42
45 30	6
45 31	13
45 34	10
45 36	7
45 37	12
45 38	26
45 39	15
45 40	22
45 41	5
45 42	11
45 43	16
45 44	47
45 45	1
45 47	8
45 48	30
46 0	22
46 1	37
46 2	30
46 3	44
46 4	5
46 5	2
46 6	11
46 7	1
46 8	29
46 9	41
46 10	20
46 11	6
46 12	7
46 13	27
46 14	24
46 15	15
46 16	42
46 18	19
46 19	21
46 20	10
46 21	4
46 24	28
46 25	31
46 27	39
46 28	33
46 29	13
46 30	45
46 31	9
46 32	46
46 33	38
46 34	3
46 35	36
46 36	17
46 37	25
46 38	12
46 39	0
46 40	16
46 41	35
46 44	49
46 45	23
46 46	47
46 47	14
46 48	26
46 49	48
47 0	4
47 1	38
47 2	29
47 3	9
47 5	12
47 6	3
47 8	41
47 10	44
47 11	25
47 12	1
47 13	45
47 14	8
47 15	40
47 16	15
47 17	20
47 18	34
47 19	49
47 20	37
47 21	16
47 22	14
47 23	23
47 24	32
47 25	36
47 26	43
47 27	26
47 28	5
47 29	47
47 31	0
47 32	35
47 33	48
47 34	13
47 35	27
47 36	11
47 37	42
47 38	46
47 39	2
47 40	6
47 43	30
47 44	7
47 45	22
47 47	39
47 48	33
48 1	16
48 2	20
48 3	8
48 5	10
48 6	31
48 7	36
48 8	0
48 9	34
48 10	43
48 11	35
48 13	38
48 14	11
48 16	5
48 17	39
48 18	26
48 19	14
48 20	29
48 21	46
48 22	1
48 23	2
48 26	42
48 27	7
48 28	32
48 29	44
48 30	24
48 32	17
48 33	23
48 34	40
48 35	25
48 36	12
48 38	21
48 39	37
48 40	33
48 41	22
48 42	13
48 43	6
48 44	30
48 45	18
48 46	15
48 47	28
48 48	3
48 49	27
49 1	21
49 2	2
49 3	16
49 4	23
49 5	47
49 6	14
49 7	13
49 8	33
49 9	37
49 11	18
49 12	46
49 13	10
49 15	34
49 16	49
49 17	30
49 18	48
49 19	27
49 20	7
49 21	5
49 22	38
49 23	28
49 24	12
49 25	8
49 26	25
49 27	43
49 28	6
49 30	4
49 31	3
49 34	11
49 35	42
49 36	45
49 37	19
49 38	24
49 39	22
49 40	15
49 41	44
49 43	35
49 44	31
49 47	29
49 49	41
