50
0 0	11
0 3	21
0 4	16
0 10	25
0 11	34
0 12	24
0 13	43
0 14	19
0 16	42
0 17	45
0 18	36
0 19	47
0 20	49
0 21	37
0 22	33
0 24	6
0 25	31
0 26	29
0 28	8
0 29	26
0 30	35
0 31	7
0 32	28
0 33	13
0 34	17
0 35	15
0 36	9
0 37	3
0 38	39
0 39	5
0 40	46
0 41	44
0 42	38
0 45	32
0 46	10
0 47	20
0 48	2
0 49	41
1 0	8
1 1	27
1 2	14
1 4	4
1 5	42
1 6	16
1 7	39
1 8	21
1 9	47
1 10	26
1 11	29
1 12	15
1 14	2
1 16	30
1 20	17
1 21	24
1 22	22
1 23	25
1 24	23
1 25	40
1 26	48
1 27	3
1 28	11
1 30	5
1 31	20
1 32	49
1 33	44
1 34	34
1 35	32
1 36	7
1 37	19
1 38	12
1 40	6
1 42	28
1 43	35
1 44	33
1 45	31
1 46	18
1 47	37
1 48	43
1 49	0
2 0	21
2 1	36
2 2	45
2 3	12
2 4	20
2 6	22
2 8	19
2 9	42
2 10	1
2 11	48
2 12	26
2 13	5
2 14	44
2 15	4
2 17	24
2 18	25
2 19	6
2 20	34
2 21	9
2 22	31
2 23	35
2 24	38
2 25	3
2 26	33
2 27	11
2 28	40
2 29	2
2 30	43
2 31	28
2 32	39
2 34	37
2 35	41
2 37	8
2 39	47
2 40	7
2 41	30
2 42	16
2 44	0
2 46	32
2 47	27
2 48	29
2 49	13
3 1	40
3 2	9
3 3	5
3 5	36
3 6	35
3 7	19
3 8	44
3 9	13
3 11	3
3 12	16
3 13	7
3 14	46
3 15	11
3 16	39
3 17	10
3 18	6
3 19	20
3 20	31
3 21	1
3 22	43
3 24	0
3 25	22
3 26	28
3 27	37
3 29	47
3 30	38
3 31	48
3 32	15
3 33	41
3 34	42
3 35	24
3 36	27
3 37	26
3 38	8
3 39	32
3 40	30
3 41	4
3 42	34
3 43	2
3 44	45
3 45	21
3 46	23
3 48	14
3 49	49
4 0	16
4 1	24
4 2	47
4 3	36
4 5	17
4 8	14
4 9	46
4 10	39
4 11	31
4 12	22
4 14	29
4 15	0
4 16	28
4 17	27
4 18	42
4 20	38
4 21	25
4 23	11
4 24	1
4 25	12
4 27	40
4 28	23
4 30	4
4 31	41
4 32	19
4 33	6
4 34	44
4 35	13
4 37	34
4 38	9
4 39	21
4 40	35
4 43	45
4 46	26
4 47	48
4 48	20
4 49	30
5 0	45
5 1	25
5 2	38
5 3	15
5 4	46
5 5	41
5 6	29
5 7	23
5 8	49
5 9	28
5 10	6
5 11	10
5 12	18
5 14	11
5 15	1
5 16	34
5 17	32
5 18	14
5 19	2
5 20	48
5 21	22
5 23	21
5 24	43
5 26	31
5 27	27
5 28	0
5 29	36
5 30	24
5 32	33
5 35	30
5 36	47
5 37	37
5 38	20
5 39	4
5 40	17
5 42	44
5 43	19
5 44	40
5 46	13
5 47	42
5 48	26
5 49	16
6 0	24
6 1	6
6 2	31
6 4	37
6 5	28
6 6	15
6 7	4
6 8	35
6 9	29
6 11	21
6 12	9
6 13	30
6 14	20
6 16	2
6 17	12
6 18	39
6 19	45
6 20	23
6 21	5
6 22	40
6 23	41
6 24	36
6 26	26
6 27	14
6 28	17
6 29	22
6 30	34
6 33	46
6 35	42
6 36	10
6 37	44
6 38	16
6 39	25
6 40	19
6 42	48
6 43	7
6 44	27
6 45	43
6 46	49
6 47	0
6 48	8
6 49	11
7 0	5
7 1	10
7 2	4
7 3	48
7 4	3
7 5	49
7 7	15
7 8	8
7 10	44
7 11	41
7 12	27
7 13	14
7 14	16
7 15	23
7 16	29
7 19	40
7 20	18
7 21	32
7 22	7
7 23	26
7 24	47
7 25	38
7 26	22
7 27	2
7 28	37
7 30	36
7 31	13
7 34	0
7 35	25
7 36	34
7 37	45
7 38	35
7 41	31
7 42	33
7 43	24
7 45	11
7 47	12
7 48	42
7 49	19
8 1	3
8 2	25
8 4	41
8 6	49
8 7	31
8 8	45
8 9	24
8 10	27
8 11	36
8 12	47
8 13	1
8 14	43
8 15	6
8 16	38
8 17	15
8 18	20
8 21	2
8 22	10
8 23	5
8 24	16
8 25	35
8 26	37
8 27	26
8 28	21
8 29	46
8 30	48
8 31	29
8 32	18
8 33	11
8 34	7
8 35	19
8 36	40
8 38	13
8 39	12
8 41	42
8 42	22
8 43	28
8 44	8
8 45	14
8 47	17
8 48	32
8 49	4
9 1	5
9 2	1
9 3	28
9 4	23
9 5	10
9 6	27
9 8	9
9 9	12
9 10	29
9 12	2
9 13	41
9 15	47
9 17	0
9 18	22
9 21	30
9 22	19
9 23	40
9 24	48
9 25	42
9 26	39
9 27	38
9 28	36
9 31	16
9 33	15
9 35	34
9 36	33
9 37	35
9 39	11
9 40	4
9 41	6
9 42	21
9 43	8
9 44	43
9 45	18
9 46	24
9 47	26
9 48	17
9 49	20
10 0	36
10 1	11
10 3	31
10 4	22
10 6	37
10 7	34
10 8	42
10 9	48
10 10	12
10 11	35
10 12	28
10 13	3
10 14	40
10 17	16
10 18	44
10 19	38
10 20	25
10 21	46
10 24	45
10 25	32
10 26	8
10 28	26
10 29	29
10 30	14
10 31	17
10 33	23
10 34	19
10 35	43
10 36	1
10 37	6
10 38	2
10 39	49
10 41	7
10 42	47
10 43	4
10 44	24
10 45	39
10 46	33
10 48	9
10 49	10
11 0	19
11 2	20
11 3	4
11 5	16
11 6	12
11 7	5
11 8	30
11 9	33
11 10	14
11 11	13
11 12	17
11 13	29
11 14	38
11 16	36
11 18	49
11 19	24
11 20	22
11 21	27
11 22	6
11 23	8
11 24	18
11 25	28
11 26	46
11 27	15
11 29	40
11 30	31
11 31	42
11 33	21
11 34	26
11 38	41
11 39	7
11 40	10
11 43	9
11 46	37
11 47	35
11 48	34
11 49	1
12 0	38
12 1	4
12 3	47
12 4	19
12 5	8
12 6	11
12 9	10
12 11	42
12 12	39
12 13	40
12 15	13
12 17	44
12 18	28
12 19	36
12 20	21
12 21	17
12 22	20
12 23	15
12 24	33
12 25	2
12 26	25
12 27	43
12 28	16
12 30	49
12 31	37
12 33	24
12 36	6
12 37	18
12 38	5
12 40	1
12 41	26
12 42	23
12 43	41
12 44	30
12 46	29
12 47	14
12 48	3
12 49	48
13 1	42
13 2	5
13 3	25
13 4	34
13 5	6
13 6	36
13 7	32
13 10	7
13 11	46
13 14	24
13 15	28
13 17	21
13 18	43
13 19	19
13 20	39
13 21	49
13 22	16
13 25	14
13 26	35
13 27	41
13 29	18
13 30	30
13 33	10
13 34	29
13 35	47
13 38	1
13 39	45
13 40	2
13 41	12
13 43	3
13 44	9
13 45	33
13 46	11
13 47	40
13 48	13
13 49	26
14 0	48
14 1	49
14 3	42
14 4	9
14 5	34
14 6	47
14 7	11
14 8	33
14 9	8
14 10	36
14 11	27
14 12	7
14 13	37
14 14	21
14 15	39
14 16	24
14 18	17
14 19	31
14 20	0
14 21	41
14 22	32
14 23	43
14 25	20
14 26	16
14 27	28
14 28	30
14 29	10
14 30	12
14 31	2
14 33	26
14 34	4
14 35	45
14 36	19
14 37	14
14 38	46
14 39	15
14 41	29
14 42	35
14 43	25
14 45	44
14 48	6
15 0	43
15 1	2
15 2	39
15 3	26
15 5	3
15 6	28
15 7	24
15 8	11
15 9	17
15 10	15
15 11	47
15 12	30
15 13	42
15 14	27
15 15	44
15 17	8
15 19	7
15 20	29
15 21	31
15 23	45
15 24	41
15 25	13
15 27	9
15 29	16
15 30	23
15 31	33
15 32	14
15 33	48
15 34	35
15 35	49
15 37	46
15 38	32
15 39	18
15 40	34
15 41	40
15 42	0
15 43	21
15 44	10
15 47	6
15 48	19
15 49	37
16 1	46
16 2	0
16 3	39
16 4	36
16 5	25
16 6	19
16 7	30
16 8	28
16 9	11
16 11	9
16 12	12
16 13	24
16 14	6
16 15	22
16 16	31
16 17	14
16 20	42
16 22	29
16 23	33
16 24	13
16 26	45
16 27	23
16 28	41
16 29	3
16 30	37
16 31	26
16 32	1
16 33	43
16 34	10
16 35	44
16 36	2
16 37	15
16 39	20
16 41	8
16 42	4
16 43	5
16 44	48
16 45	38
16 46	7
16 47	32
16 48	16
17 0	22
17 1	17
17 2	11
17 3	46
17 4	2
17 6	31
17 7	45
17 8	43
17 9	3
17 10	28
17 11	40
17 12	37
17 13	35
17 15	26
17 16	4
17 17	41
17 19	21
17 20	13
17 21	14
17 22	0
17 24	15
17 25	47
17 26	49
17 27	34
17 28	6
17 29	23
17 30	8
17 31	5
17 32	25
17 33	38
17 36	39
17 37	30
17 38	24
17 39	44
17 41	32
17 43	29
17 45	42
17 46	20
17 47	1
18 0	23
18 2	28
18 3	49
18 5	11
18 6	26
18 7	42
18 8	41
18 9	43
18 10	22
18 11	33
18 12	32
18 13	39
18 14	25
18 15	12
18 16	47
18 17	1
18 18	8
18 20	37
18 22	30
18 23	44
18 24	24
18 25	16
18 27	29
18 28	5
18 29	6
18 30	2
18 31	10
18 32	34
18 33	20
18 34	21
18 35	48
18 37	0
18 38	3
18 39	38
18 40	9
18 41	15
18 42	27
18 43	14
18 44	31
18 45	17
18 46	36
18 48	4
18 49	46
19 1	29
19 3	16
19 4	21
19 5	27
19 6	9
19 9	35
19 10	45
19 11	7
19 12	6
19 14	42
19 15	25
19 16	43
19 17	19
19 19	5
19 20	1
19 21	11
19 22	44
19 23	31
19 24	39
19 25	8
19 26	38
19 27	24
19 28	10
19 29	12
19 30	20
19 31	4
19 32	22
19 33	30
19 34	18
19 35	14
19 36	13
19 37	28
19 38	48
19 40	3
19 41	36
19 42	17
19 43	46
19 44	34
19 45	49
20 1	26
20 2	6
20 4	15
20 5	45
20 7	27
20 8	46
20 9	5
20 10	0
20 11	32
20 12	14
20 13	47
20 14	12
20 15	16
20 17	25
20 19	43
20 20	35
20 21	33
20 22	37
20 23	13
20 24	2
20 25	34
20 26	24
20 27	42
20 28	9
20 31	36
20 32	30
20 33	1
20 35	20
20 38	23
20 39	29
20 40	18
20 41	17
20 43	39
20 44	28
20 47	31
20 48	10
20 49	22
21 1	47
21 2	43
21 3	38
21 5	9
21 6	21
21 7	33
21 9	27
21 10	23
21 11	5
21 13	17
21 14	14
21 17	35
21 18	15
21 19	28
21 21	42
21 22	45
21 23	46
21 24	26
21 25	10
21 26	19
21 27	32
21 28	34
21 29	39
21 30	29
21 31	0
21 32	41
21 33	12
21 34	48
21 35	6
21 36	49
21 38	36
21 39	30
21 43	20
21 44	22
21 45	16
21 46	2
22 0	25
22 1	8
22 2	24
22 3	18
22 4	45
22 6	3
22 7	20
22 8	47
22 9	19
22 10	48
22 11	39
22 13	26
22 14	1
22 15	30
22 16	16
22 17	49
22 18	21
22 19	27
22 20	10
22 23	23
22 24	34
22 26	0
22 27	6
22 28	7
22 29	32
22 31	46
22 32	40
22 33	2
22 34	15
22 35	17
22 36	12
22 37	4
22 38	37
22 39	33
22 40	42
22 41	28
22 42	9
22 43	36
22 45	35
22 46	43
22 47	5
22 49	14
23 0	32
23 1	22
23 2	46
23 3	9
23 4	47
23 6	6
23 8	5
23 10	31
23 11	17
23 12	38
23 13	33
23 14	45
23 15	42
23 16	10
23 18	40
23 19	23
23 20	3
23 22	21
23 23	34
23 24	7
23 25	36
23 27	4
23 28	15
23 29	25
23 30	19
23 31	8
23 32	29
23 33	28
23 34	20
23 35	11
23 36	30
23 37	41
23 38	49
23 39	16
23 40	0
23 41	2
23 42	1
23 45	37
23 46	35
23 47	18
23 48	27
23 49	43
24 0	20
24 1	28
24 2	8
24 3	37
24 4	30
24 6	13
24 7	48
24 8	2
24 9	22
24 10	11
24 11	38
24 12	36
24 13	27
24 15	3
24 16	35
24 18	46
24 19	29
24 20	41
24 21	0
24 24	12
24 26	10
24 27	1
24 28	39
24 29	19
24 32	32
24 33	4
24 35	40
24 36	15
24 37	43
24 38	42
24 39	14
24 40	49
24 41	45
24 42	31
24 43	18
24 45	6
24 46	16
24 47	44
24 48	23
24 49	7
25 0	29
25 1	32
25 2	34
25 3	24
25 4	10
25 5	46
25 6	48
25 7	35
25 8	6
25 10	49
25 11	30
25 12	23
25 15	36
25 16	25
25 17	2
25 20	27
25 21	26
25 23	18
25 24	14
25 25	11
25 26	47
25 27	21
25 28	28
25 29	44
25 30	1
25 31	3
25 34	9
25 35	8
25 36	43
25 38	22
25 39	37
25 40	15
25 41	19
25 42	20
25 43	33
25 44	17
25 45	7
25 46	42
25 47	45
25 48	40
25 49	38
26 0	18
26 1	37
26 2	42
26 3	14
26 4	17
26 5	29
26 7	2
26 8	4
26 9	49
26 10	5
26 11	0
26 12	40
26 13	8
26 15	7
26 16	15
26 17	9
26 18	41
26 20	11
26 21	12
26 22	47
26 23	19
26 24	3
26 25	44
26 26	1
26 27	35
26 28	22
26 29	33
26 30	27
26 31	38
26 32	48
26 33	32
26 34	28
26 35	16
26 36	45
26 37	31
26 38	10
26 39	13
26 42	43
26 43	30
26 44	6
26 47	23
26 48	24
26 49	34
27 1	7
27 2	44
27 3	35
27 5	23
27 6	33
27 7	25
27 8	36
27 9	45
27 12	20
27 13	16
27 15	29
27 16	37
27 17	46
27 18	18
27 19	34
27 20	6
27 21	40
27 22	26
27 23	32
27 25	5
27 26	14
27 27	17
27 28	38
27 30	41
27 31	15
27 32	31
27 33	19
27 34	13
27 35	2
27 36	4
27 37	1
27 39	39
27 40	28
27 41	21
27 43	12
27 44	47
27 45	9
27 46	27
27 47	43
27 48	22
27 49	8
28 0	39
28 1	34
28 2	16
28 3	23
28 4	38
28 5	7
28 6	43
28 7	17
28 8	10
28 9	20
28 10	21
28 11	18
28 12	5
28 13	48
28 14	22
28 15	9
28 16	33
28 17	13
28 18	2
28 20	15
28 21	45
28 22	36
28 23	12
28 25	27
28 26	3
28 27	44
28 29	31
28 30	25
28 31	19
28 33	0
28 34	1
28 36	32
28 37	24
28 38	26
28 39	28
28 40	8
28 41	49
28 42	29
28 43	11
28 45	30
28 46	40
28 47	4
28 48	46
29 1	43
29 2	18
29 3	32
29 4	39
29 5	20
29 6	34
29 7	7
29 8	17
29 9	26
29 10	3
29 12	41
29 13	44
29 15	14
29 16	9
29 17	29
29 18	13
29 19	48
29 20	33
29 22	2
29 24	28
29 25	25
29 26	4
29 27	30
29 28	46
29 29	24
29 31	45
29 33	36
29 34	11
29 35	1
29 36	21
29 37	23
29 38	19
29 39	10
29 41	5
29 42	12
29 43	47
29 46	6
29 48	37
29 49	40
30 0	2
30 1	16
30 3	7
30 4	8
30 6	17
30 7	12
30 8	0
30 9	6
30 10	13
30 11	22
30 12	44
30 13	36
30 14	10
30 15	45
30 17	30
30 18	29
30 19	39
30 20	47
30 21	4
30 22	15
30 23	1
30 24	35
30 27	46
30 29	9
30 30	18
30 33	31
30 34	27
30 36	48
30 37	49
30 39	42
30 40	37
30 41	38
30 42	41
30 44	19
30 46	3
30 47	11
30 48	5
30 49	25
31 0	42
31 1	14
31 2	15
31 3	10
31 4	6
31 5	47
31 6	41
31 7	22
31 8	34
31 9	2
31 10	20
31 11	37
31 12	48
31 13	49
31 14	7
31 15	46
31 16	1
31 17	33
31 18	11
31 22	24
31 23	39
31 24	19
31 25	21
31 26	30
31 27	36
31 28	4
31 29	38
31 30	26
31 31	32
31 33	5
31 36	44
31 37	13
31 38	17
31 39	31
31 40	16
31 41	27
31 42	18
31 43	0
31 44	35
31 45	8
31 46	25
31 47	29
31 48	28
32 5	4
32 6	46
32 8	39
32 10	8
32 13	25
32 14	30
32 16	3
32 17	11
32 18	27
32 19	0
32 20	7
32 21	15
32 22	35
32 23	48
32 24	20
32 26	44
32 27	49
32 28	31
32 30	6
32 31	18
32 32	16
32 33	42
32 34	47
32 35	26
32 36	36
32 37	2
32 38	21
32 39	43
32 40	5
32 41	37
32 43	17
32 44	13
32 46	22
32 47	10
32 48	38
32 49	12
33 1	12
33 3	44
33 7	47
33 10	46
33 11	15
33 12	31
33 13	32
33 14	37
33 15	35
33 16	13
33 17	20
33 18	48
33 19	4
33 21	10
33 22	18
33 23	9
33 24	8
33 25	45
33 26	5
33 30	7
33 31	27
33 33	17
33 34	30
33 36	23
33 38	6
33 39	41
33 40	40
33 41	11
33 42	25
33 43	1
33 45	22
33 46	14
33 47	34
33 48	21
33 49	24
34 0	13
34 1	30
34 2	21
34 3	45
34 4	44
34 5	2
34 6	25
34 7	43
34 8	1
34 10	19
34 11	8
34 12	4
34 13	23
34 14	26
34 15	17
34 16	32
34 17	40
34 18	10
34 19	42
34 20	20
34 21	47
34 22	14
34 23	22
34 24	37
34 25	48
34 26	15
34 29	28
34 30	11
34 31	39
34 32	35
34 34	6
34 36	29
34 38	33
34 39	46
34 40	31
34 41	0
34 43	34
34 44	18
34 45	5
34 46	12
34 47	24
34 48	49
34 49	36
35 0	49
35 1	39
35 2	17
35 3	3
35 4	18
35 6	5
35 7	28
35 8	24
35 9	31
35 11	43
35 12	34
35 14	4
35 15	19
35 16	6
35 18	0
35 19	11
35 20	16
35 21	36
35 23	30
35 24	27
35 29	8
35 31	22
35 34	38
35 35	29
35 36	14
35 37	9
35 38	15
35 39	2
35 40	33
35 41	25
35 42	42
35 43	13
35 44	46
35 45	10
35 46	44
35 47	21
35 49	32
36 0	6
36 1	31
36 2	48
36 3	8
36 4	11
36 5	26
36 6	0
36 7	41
36 8	40
36 9	37
36 10	42
36 12	10
36 13	46
36 14	28
36 15	33
36 16	21
36 18	16
36 19	15
36 20	19
36 21	3
36 22	49
36 23	24
36 24	30
36 25	9
36 26	27
36 27	25
36 28	1
36 29	4
36 31	12
36 33	35
36 35	7
36 36	20
36 37	29
36 38	43
36 39	17
36 40	47
36 41	22
36 42	5
36 43	38
36 44	23
36 45	13
36 46	34
36 47	36
36 48	45
36 49	18
37 0	15
37 1	9
37 4	25
37 5	48
37 6	38
37 7	44
37 8	29
37 9	40
37 10	10
37 11	12
37 12	33
37 13	20
37 14	34
37 15	43
37 16	8
37 17	31
37 18	32
37 19	22
37 20	28
37 21	18
37 22	46
37 23	7
37 24	4
37 25	17
37 26	13
37 27	47
37 28	49
37 29	37
37 31	11
37 32	27
37 34	23
37 35	5
37 36	26
37 37	36
37 38	45
37 39	3
37 40	39
37 41	1
37 43	16
37 44	42
37 45	41
37 46	0
37 47	30
37 48	35
37 49	2
38 0	46
38 2	30
38 6	14
38 7	38
38 8	20
38 9	0
38 10	35
38 11	26
38 13	11
38 14	23
38 15	2
38 17	47
38 18	12
38 19	16
38 20	5
38 22	9
38 23	4
38 24	32
38 25	6
38 28	43
38 30	22
38 31	31
38 33	25
38 35	10
38 36	3
38 37	33
38 38	7
38 39	36
38 40	29
38 41	48
38 42	45
38 43	49
38 44	44
38 45	34
38 46	15
38 47	19
38 49	21
39 0	7
39 1	41
39 2	36
39 3	1
39 4	35
39 6	40
39 8	31
39 9	38
39 10	16
39 11	23
39 12	46
39 13	21
39 14	48
39 15	49
39 16	5
39 17	17
39 18	34
39 19	26
39 21	6
39 22	27
39 28	18
39 29	11
39 30	10
39 31	25
39 32	47
39 34	2
39 35	3
39 36	24
39 37	22
39 38	44
39 39	0
39 40	32
39 41	14
39 42	30
39 43	37
39 44	20
39 46	45
39 47	39
39 48	15
39 49	28
40 0	41
40 2	37
40 3	43
40 4	32
40 5	18
40 6	45
40 7	10
40 9	23
40 10	30
40 11	6
40 12	35
40 14	49
40 16	11
40 17	22
40 18	26
40 20	36
40 22	48
40 23	28
40 24	5
40 25	4
40 26	21
40 27	7
40 28	13
40 29	1
40 30	3
40 31	14
40 32	46
40 33	40
40 35	31
40 36	42
40 37	12
40 38	0
40 39	27
40 40	24
40 41	47
40 43	44
40 44	16
40 45	29
40 47	9
40 48	33
41 0	35
41 1	15
41 3	17
41 4	43
41 5	39
41 6	8
41 7	3
41 8	12
41 9	25
41 12	21
41 14	32
41 15	20
41 16	22
41 17	42
41 18	33
41 20	45
41 21	23
41 22	34
41 23	2
41 24	29
41 25	46
41 26	9
41 27	48
41 28	27
41 29	5
41 30	28
41 31	49
41 32	37
41 34	36
41 35	0
41 37	40
41 38	11
41 39	24
41 40	13
41 41	10
41 43	31
41 44	38
41 47	16
41 48	30
41 49	44
42 0	47
42 1	35
42 2	13
42 3	20
42 6	7
42 7	6
42 9	36
42 11	4
42 13	31
42 15	40
42 16	23
42 17	48
42 19	37
42 20	32
42 21	34
42 22	3
42 23	14
42 24	21
42 25	29
42 28	24
42 30	0
42 31	1
42 32	9
42 33	22
42 34	8
42 35	12
42 36	28
42 37	10
42 39	19
42 40	25
42 41	16
42 42	11
42 43	43
42 44	41
42 45	15
42 47	46
42 48	39
42 49	42
43 0	17
43 2	33
43 4	5
43 5	31
43 6	10
43 7	26
43 8	25
43 9	32
43 10	2
43 11	45
43 13	28
43 14	9
43 18	4
43 20	24
43 22	42
43 23	3
43 24	49
43 25	0
43 26	11
43 27	19
43 28	35
43 33	27
43 34	16
43 35	36
43 36	38
43 37	7
43 38	18
43 40	44
43 41	34
43 42	13
43 44	29
43 45	40
43 46	30
43 47	47
43 48	12
43 49	39
44 0	30
44 1	38
44 2	12
44 3	0
44 6	39
44 7	49
44 8	23
44 9	18
44 10	32
44 11	28
44 14	8
44 16	48
44 18	3
44 21	7
44 22	25
44 23	10
44 26	17
44 27	45
44 28	42
44 29	21
44 30	15
44 31	24
44 32	43
44 34	22
44 35	4
44 36	5
44 37	16
44 38	47
44 39	1
44 41	9
44 42	19
44 44	36
44 45	46
44 46	31
44 47	41
44 48	11
44 49	33
45 0	9
45 1	18
45 2	49
45 3	2
45 4	31
45 6	24
45 7	8
45 8	13
45 10	43
45 12	19
45 14	39
45 15	15
45 16	45
45 17	37
45 18	47
45 20	14
45 21	28
45 24	22
45 25	7
45 26	6
45 27	10
45 28	29
45 29	48
45 30	16
45 31	30
45 32	42
45 33	3
45 34	12
45 35	35
45 36	46
45 37	32
45 39	40
45 40	21
45 43	23
45 44	5
45 45	36
45 46	1
45 47	38
45 49	27
46 0	27
46 1	21
46 3	22
46 4	42
46 5	38
46 6	1
46 7	36
46 8	37
46 9	15
46 10	34
46 11	24
46 12	11
46 13	19
46 14	31
46 15	10
46 17	4
46 18	30
46 19	25
46 20	9
46 21	16
46 22	23
46 23	49
46 24	46
46 25	33
46 26	20
46 27	13
46 29	35
46 32	12
46 33	45
46 34	43
46 35	18
46 36	41
46 37	17
46 38	29
46 39	48
46 40	14
46 41	3
46 42	40
46 43	6
46 44	32
46 45	47
46 46	8
46 48	7
46 49	5
47 0	14
47 1	44
47 2	2
47 3	40
47 4	24
47 7	16
47 8	22
47 9	7
47 10	37
47 11	20
47 12	3
47 13	18
47 14	47
47 15	8
47 16	46
47 17	5
47 19	9
47 20	43
47 21	13
47 22	28
47 23	29
47 24	10
47 27	31
47 28	45
47 29	27
47 30	17
47 31	35
47 34	39
47 36	0
47 37	11
47 38	4
47 39	23
47 40	12
47 41	41
47 43	15
47 44	26
47 45	1
47 46	48
47 48	25
47 49	6
48 0	34
48 1	1
48 2	10
48 4	26
48 6	4
48 7	9
48 9	21
48 10	47
48 12	43
48 13	15
48 14	17
48 15	31
48 16	14
48 18	24
48 19	44
48 21	8
48 22	39
48 23	6
48 24	25
48 25	49
48 26	32
48 28	48
48 29	13
48 30	33
48 32	2
48 33	29
48 35	22
48 36	16
48 38	27
48 39	35
48 40	36
48 42	46
48 43	42
48 45	0
48 46	28
48 47	7
48 48	18
48 49	45
49 0	26
49 1	20
49 2	35
49 3	30
49 4	12
49 5	1
49 6	18
49 7	21
49 8	16
49 9	44
49 10	4
49 11	14
49 12	25
49 13	9
49 14	3
49 15	5
49 16	17
49 17	23
49 18	37
49 19	33
49 20	8
49 21	38
49 22	41
49 23	36
49 25	15
49 26	42
49 27	22
49 28	32
49 29	0
49 30	13
49 31	43
49 32	10
49 34	46
49 35	39
49 36	11
49 37	48
49 38	40
49 39	34
49 40	45
49 43	27
49 44	7
49 45	28
49 46	19
49 47	2
49 48	47
