50
0 1	6
0 3	44
0 9	17
0 10	14
0 11	10
0 13	1
0 17	27
0 19	28
0 20	36
0 22	18
0 23	42
0 26	25
0 32	49
0 33	43
0 34	35
0 35	0
0 38	37
0 39	9
0 41	33
0 42	48
0 43	22
0 44	26
0 45	5
0 48	19
1 4	34
1 5	43
1 7	41
1 9	37
1 11	4
1 14	49
1 15	39
1 22	31
1 23	33
1 25	32
1 28	48
1 29	17
1 31	27
1 32	10
1 34	23
1 37	13
1 38	44
1 39	15
1 40	16
1 43	29
1 45	36
1 46	20
2 0	19
2 1	45
2 2	6
2 3	30
2 4	27
2 9	18
2 10	24
2 14	9
2 15	35
2 16	39
2 19	25
2 20	4
2 21	12
2 22	38
2 23	7
2 24	13
2 26	46
2 27	34
2 29	15
2 30	44
2 32	36
2 33	37
2 34	33
2 35	21
2 36	0
2 37	16
2 38	42
2 40	3
2 42	47
2 43	40
2 44	49
2 46	28
2 48	1
3 5	37
3 7	3
3 9	27
3 11	11
3 12	4
3 14	28
3 15	9
3 16	15
3 18	22
3 19	34
3 24	46
3 25	25
3 30	38
3 31	14
3 34	2
3 36	8
3 37	39
3 38	26
3 40	36
3 41	47
3 42	33
3 43	24
3 44	18
3 45	48
3 47	7
3 48	49
4 1	3
4 5	17
4 6	47
4 10	25
4 11	48
4 12	46
4 13	34
4 19	21
4 20	9
4 21	8
4 22	41
4 24	37
4 25	13
4 26	5
4 27	0
4 31	33
4 33	19
4 34	36
4 36	12
4 37	42
4 38	10
4 39	11
4 40	22
4 41	26
4 43	44
4 45	27
4 46	18
4 48	35
5 2	44
5 4	38
5 5	3
5 6	8
5 9	24
5 11	43
5 13	11
5 15	7
5 16	13
5 17	19
5 18	30
5 20	48
5 21	34
5 24	36
5 27	45
5 28	31
5 29	40
5 35	46
5 36	2
5 40	0
5 45	25
5 47	12
5 48	32
6 1	29
6 5	32
6 7	24
6 9	35
6 10	44
6 11	12
6 14	8
6 17	28
6 19	42
6 20	39
6 24	21
6 30	15
6 31	49
6 33	17
6 40	37
6 41	23
6 42	11
6 45	1
6 46	46
7 0	49
7 1	43
7 5	12
7 6	10
7 8	8
7 10	20
7 11	39
7 13	45
7 14	41
7 15	34
7 16	14
7 21	2
7 22	5
7 25	24
7 27	1
7 28	6
7 29	33
7 30	48
7 33	38
7 37	25
7 40	23
7 41	40
7 43	9
7 45	15
7 46	11
7 48	44
7 49	7
8 1	4
8 2	18
8 4	17
8 5	8
8 7	43
8 8	42
8 9	38
8 11	34
8 12	49
8 13	39
8 14	26
8 16	44
8 18	7
8 22	47
8 23	1
8 24	9
8 26	41
8 27	3
8 29	6
8 39	45
8 41	46
8 45	21
8 46	23
9 1	30
9 4	18
9 5	14
9 6	40
9 8	49
9 10	34
9 12	39
9 13	48
9 14	32
9 15	0
9 16	4
9 19	10
9 22	17
9 23	12
9 25	46
9 26	11
9 28	28
9 31	15
9 33	47
9 36	9
9 37	2
9 39	24
9 42	31
9 44	20
10 3	36
10 9	4
10 11	31
10 12	25
10 13	21
10 14	34
10 15	32
10 18	27
10 19	23
10 21	17
10 24	42
10 27	12
10 28	14
10 29	5
10 34	37
10 36	24
10 38	9
10 40	48
10 43	47
10 45	41
11 2	29
11 4	9
11 6	49
11 8	37
11 9	36
11 10	41
11 11	47
11 14	45
11 16	31
11 17	40
11 18	5
11 20	28
11 21	0
11 25	34
11 26	30
11 27	15
11 30	42
11 31	44
11 32	12
11 33	25
11 34	48
11 35	3
11 43	6
11 44	8
11 47	20
11 48	39
11 49	24
12 2	5
12 4	24
12 5	40
12 6	30
12 7	19
12 9	31
12 13	16
12 14	22
12 16	8
12 17	4
12 18	23
12 20	37
12 24	48
12 25	38
12 26	3
12 29	20
12 30	33
12 31	43
12 32	29
12 34	1
12 35	42
12 36	21
12 38	47
12 42	32
12 45	35
12 47	45
12 48	27
12 49	39
13 0	0
13 3	5
13 4	42
13 5	25
13 9	20
13 10	16
13 11	27
13 16	9
13 17	21
13 21	31
13 24	45
13 26	19
13 32	3
13 33	14
13 37	32
13 38	23
13 40	44
13 42	12
13 43	18
13 44	39
13 45	40
13 47	24
13 48	2
13 49	34
14 0	21
14 1	28
14 2	45
14 5	35
14 6	36
14 7	12
14 8	34
14 13	9
14 14	6
14 15	4
14 17	16
14 18	47
14 19	26
14 22	43
14 24	18
14 25	37
14 27	19
14 28	11
14 29	1
14 31	31
14 33	15
14 36	22
14 39	8
14 44	25
14 47	30
15 0	15
15 1	33
15 2	35
15 3	41
15 5	45
15 6	27
15 7	36
15 9	13
15 11	38
15 13	44
15 16	47
15 17	14
15 18	9
15 20	1
15 21	16
15 22	46
15 23	25
15 26	10
15 32	21
15 37	48
15 41	42
15 44	32
15 46	30
15 47	29
15 48	5
16 2	21
16 3	16
16 4	28
16 6	25
16 7	9
16 9	48
16 10	38
16 13	19
16 14	1
16 19	46
16 21	7
16 23	23
16 24	11
16 26	40
16 27	22
16 28	33
16 31	6
16 33	44
16 34	32
16 35	12
16 39	14
16 40	20
16 41	2
16 42	15
16 45	29
16 46	39
17 8	16
17 9	9
17 10	19
17 14	13
17 17	2
17 18	33
17 19	7
17 20	5
17 21	27
17 22	0
17 26	31
17 28	21
17 30	36
17 31	1
17 32	14
17 33	49
17 36	26
17 37	20
17 40	8
17 42	42
17 43	17
17 44	6
17 45	28
17 46	15
18 2	11
18 3	22
18 5	7
18 7	44
18 8	45
18 9	25
18 13	33
18 15	27
18 17	49
18 19	41
18 20	24
18 21	19
18 22	3
18 23	37
18 28	10
18 29	34
18 31	2
18 32	20
18 35	4
18 36	14
18 38	32
18 39	17
18 42	6
18 44	29
18 45	9
18 47	28
19 0	5
19 2	13
19 3	7
19 6	46
19 7	47
19 8	26
19 9	41
19 10	4
19 13	49
19 15	3
19 17	24
19 18	15
19 20	23
19 21	45
19 22	22
19 23	10
19 24	38
19 25	42
19 26	35
19 27	2
19 30	32
19 32	18
19 35	39
19 36	6
19 37	40
19 38	1
19 40	31
19 41	17
19 44	36
19 46	37
19 48	9
20 0	45
20 2	16
20 3	38
20 4	19
20 5	47
20 6	21
20 8	27
20 9	26
20 10	31
20 14	7
20 15	8
20 17	42
20 19	44
20 22	40
20 24	15
20 25	18
20 26	9
20 28	35
20 30	46
20 32	11
20 33	29
20 34	39
20 38	3
20 39	2
20 42	30
20 43	20
20 44	28
20 45	37
20 46	6
20 47	36
21 0	12
21 1	38
21 3	21
21 4	36
21 6	37
21 10	28
21 13	15
21 15	45
21 19	35
21 21	5
21 22	30
21 25	7
21 26	20
21 27	42
21 30	27
21 32	48
21 34	11
21 36	39
21 38	6
21 39	34
21 40	49
21 41	4
21 43	8
21 45	3
21 46	25
21 48	24
22 1	1
22 12	21
22 13	3
22 14	10
22 17	46
22 18	32
22 20	6
22 21	37
22 22	39
22 23	24
22 25	35
22 26	36
22 28	18
22 30	31
22 36	7
22 38	20
22 40	47
22 41	15
22 43	16
22 44	0
22 47	2
23 0	16
23 2	14
23 5	20
23 6	11
23 8	44
23 13	8
23 17	3
23 18	49
23 19	22
23 22	33
23 24	24
23 27	10
23 29	46
23 35	9
23 36	37
23 37	31
23 40	45
23 41	6
23 44	17
23 45	4
23 46	48
24 1	20
24 2	7
24 3	43
24 5	11
24 8	14
24 12	29
24 16	10
24 18	21
24 19	3
24 21	18
24 25	31
24 26	38
24 28	40
24 29	22
24 30	41
24 32	23
24 33	9
24 34	45
24 37	37
24 38	49
24 39	36
24 43	30
24 49	13
25 0	35
25 1	11
25 2	34
25 3	47
25 5	13
25 6	3
25 8	5
25 9	49
25 16	29
25 17	8
25 18	43
25 22	1
25 24	20
25 25	19
25 26	39
25 27	14
25 28	4
25 30	37
25 32	24
25 33	0
25 37	23
25 38	30
25 40	42
25 41	18
25 43	32
25 46	33
25 47	16
25 48	21
25 49	41
26 1	47
26 2	12
26 3	23
26 4	31
26 5	18
26 9	11
26 12	45
26 15	26
26 17	32
26 19	49
26 21	44
26 24	7
26 26	21
26 28	9
26 29	2
26 32	37
26 33	40
26 34	19
26 38	16
26 44	30
26 48	15
26 49	10
27 1	34
27 4	37
27 6	38
27 7	6
27 8	9
27 9	43
27 12	1
27 13	22
27 15	2
27 16	20
27 19	36
27 21	4
27 22	24
27 23	13
27 24	25
27 25	47
27 26	15
27 31	41
27 35	30
27 36	48
27 37	3
27 38	46
27 39	40
27 40	10
27 42	39
27 45	45
27 46	31
27 47	18
28 0	47
28 1	31
28 3	1
28 5	34
28 7	48
28 11	32
28 14	21
28 15	22
28 16	37
28 18	29
28 19	27
28 24	10
28 26	49
28 32	6
28 33	42
28 37	28
28 38	15
28 39	19
28 41	11
28 42	0
28 43	5
28 46	2
28 48	20
29 1	42
29 2	9
29 6	32
29 7	4
29 9	46
29 12	15
29 16	6
29 17	48
29 18	39
29 20	10
29 22	8
29 25	33
29 30	49
29 37	41
29 38	12
29 39	43
29 40	28
29 42	18
29 43	38
29 44	35
29 45	30
29 48	17
30 4	8
30 5	0
30 6	16
30 7	37
30 8	43
30 9	30
30 11	3
30 13	17
30 15	33
30 16	42
30 18	31
30 19	48
30 24	28
30 25	44
30 26	26
30 27	23
30 29	36
30 30	40
30 31	13
30 35	18
30 36	41
30 38	25
30 39	7
30 41	29
30 43	4
30 44	21
30 45	12
30 46	5
30 47	47
31 3	2
31 4	35
31 6	4
31 10	48
31 11	25
31 12	41
31 16	24
31 18	3
31 19	20
31 25	11
31 28	45
31 29	38
31 31	21
31 33	33
31 34	17
31 35	5
31 36	34
31 37	43
31 39	0
31 41	36
31 42	27
31 44	40
31 45	22
31 47	32
31 48	16
31 49	30
32 0	22
32 2	8
32 5	6
32 8	40
32 9	0
32 10	47
32 11	1
32 12	30
32 13	12
32 15	44
32 16	32
32 20	11
32 23	16
32 25	3
32 29	26
32 30	13
32 31	34
32 32	31
32 33	41
32 34	14
32 37	19
32 38	2
32 39	49
32 40	15
32 42	37
32 45	42
32 46	24
32 48	38
32 49	4
33 0	33
33 1	44
33 3	40
33 6	12
33 8	21
33 9	19
33 10	29
33 13	24
33 16	28
33 18	1
33 20	30
33 21	41
33 26	16
33 28	26
33 29	35
33 33	36
33 34	47
33 35	20
33 36	45
33 38	34
33 39	18
33 40	32
33 42	4
33 43	0
33 45	13
33 47	48
33 48	25
33 49	2
34 0	37
34 3	32
34 4	0
34 5	31
34 6	6
34 9	14
34 11	20
34 15	41
34 16	46
34 21	28
34 22	19
34 30	21
34 33	5
34 34	40
34 35	16
34 37	9
34 39	29
34 42	8
34 43	27
34 45	7
34 47	3
35 1	17
35 2	31
35 9	32
35 11	0
35 12	44
35 13	36
35 16	48
35 18	40
35 19	13
35 21	3
35 23	20
35 24	19
35 28	15
35 31	25
35 32	8
35 34	34
35 36	18
35 41	5
35 44	12
35 47	41
35 49	35
36 3	10
36 4	22
36 7	1
36 9	33
36 12	20
36 13	31
36 14	36
36 15	19
36 18	17
36 22	23
36 24	44
36 25	16
36 27	49
36 28	37
36 29	39
36 31	12
36 32	2
36 35	34
36 36	28
36 45	18
36 47	40
36 49	25
37 1	35
37 2	33
37 3	0
37 6	28
37 8	48
37 16	18
37 17	43
37 18	41
37 22	10
37 24	30
37 28	24
37 29	13
37 30	4
37 32	9
37 33	3
37 34	46
37 36	25
37 38	19
37 39	32
37 40	34
37 41	22
37 43	15
37 44	27
37 49	20
38 0	1
38 2	15
38 3	19
38 4	30
38 5	2
38 7	27
38 8	28
38 9	6
38 10	26
38 12	9
38 13	42
38 14	48
38 15	11
38 19	31
38 20	35
38 21	23
38 23	17
38 27	33
38 28	34
38 30	12
38 33	20
38 34	13
38 35	10
38 36	32
38 41	3
38 47	37
38 48	18
38 49	21
39 0	42
39 2	20
39 3	48
39 4	33
39 5	49
39 6	19
39 9	12
39 11	22
39 13	25
39 21	30
39 22	14
39 24	32
39 25	10
39 26	37
39 27	8
39 28	46
39 29	0
39 30	47
39 33	11
39 35	40
39 39	35
39 40	27
39 41	45
39 42	9
39 43	28
39 44	13
39 49	17
40 0	40
40 1	14
40 5	22
40 6	1
40 8	20
40 9	15
40 10	5
40 12	7
40 13	18
40 14	39
40 15	25
40 16	34
40 17	30
40 20	8
40 25	29
40 26	17
40 29	19
40 30	9
40 32	45
40 33	27
40 35	6
40 38	21
40 41	31
40 43	46
40 44	10
40 45	32
40 49	3
41 2	38
41 5	41
41 7	0
41 8	47
41 9	29
41 10	46
41 11	33
41 12	37
41 15	21
41 16	11
41 22	48
41 26	43
41 27	7
41 30	2
41 31	28
41 32	35
41 34	16
41 38	45
41 39	12
41 41	32
41 42	22
41 43	3
41 44	42
41 46	19
42 2	3
42 3	4
42 4	16
42 6	9
42 7	42
42 8	36
42 9	1
42 11	23
42 15	18
42 16	30
42 18	26
42 19	5
42 20	12
42 22	37
42 24	8
42 26	7
42 28	29
42 29	32
42 30	17
42 31	39
42 32	0
42 33	21
42 34	44
42 38	27
42 41	34
42 42	2
42 44	22
42 45	31
43 4	43
43 6	33
43 7	18
43 8	6
43 10	8
43 14	3
43 15	30
43 17	36
43 18	16
43 21	20
43 25	1
43 27	31
43 28	7
43 32	13
43 33	4
43 36	40
43 39	48
43 40	9
43 42	25
43 43	37
43 44	38
44 0	44
44 1	25
44 3	45
44 7	16
44 8	12
44 9	8
44 10	37
44 12	3
44 13	32
44 16	17
44 17	34
44 19	9
44 21	46
44 22	42
44 24	27
44 25	21
44 26	18
44 28	23
44 29	11
44 30	28
44 35	33
44 37	15
44 38	36
44 39	6
44 40	26
44 44	2
44 45	39
44 49	1
45 1	24
45 3	42
45 4	32
45 5	21
45 6	0
45 8	38
45 9	45
45 10	2
45 13	14
45 17	7
45 21	39
45 23	43
45 24	12
45 26	29
45 29	44
45 32	28
45 33	31
45 34	9
45 36	11
45 39	25
45 41	16
45 44	15
46 0	9
46 1	7
46 5	26
46 6	35
46 7	32
46 8	30
46 9	44
46 10	17
46 11	8
46 13	6
46 15	12
46 16	1
46 18	38
46 19	2
46 20	45
46 21	22
46 22	34
46 24	14
46 30	0
46 35	13
46 36	36
46 38	33
46 39	5
46 41	48
46 42	20
46 45	19
46 46	29
46 48	28
47 2	49
47 3	29
47 5	4
47 7	14
47 8	2
47 9	21
47 10	22
47 12	28
47 14	44
47 15	42
47 16	0
47 18	45
47 20	25
47 21	24
47 23	47
47 26	32
47 27	48
47 31	3
47 34	18
47 40	38
47 42	34
47 49	46
48 1	13
48 3	8
48 4	3
48 6	31
48 9	5
48 13	37
48 14	40
48 15	6
48 16	2
48 21	25
48 22	35
48 23	39
48 26	4
48 27	16
48 29	9
48 30	11
48 31	38
48 32	34
48 33	28
48 34	0
48 37	18
48 46	14
48 49	26
49 10	23
49 13	30
49 14	0
49 18	19
49 19	11
49 20	7
49 23	21
49 25	20
49 26	6
49 29	37
49 30	1
49 32	38
49 33	24
49 34	12
49 35	26
49 36	16
49 38	43
49 39	31
49 41	25
49 43	33
49 46	32
49 49	29
