50
0 0	1
0 2	32
0 3	36
0 4	24
0 5	47
0 6	10
0 7	9
0 9	37
0 10	6
0 12	28
0 13	30
0 14	46
0 15	18
0 16	3
0 17	13
0 18	15
0 20	7
0 22	33
0 23	31
0 24	27
0 25	17
0 26	42
0 27	41
0 28	21
0 29	34
0 30	29
0 31	11
0 33	26
0 34	43
0 35	2
0 36	49
0 37	23
0 38	45
0 39	40
0 41	48
0 42	39
0 44	4
0 45	12
0 46	5
0 47	35
0 49	8
1 0	18
1 1	31
1 2	40
1 3	16
1 4	41
1 7	33
1 10	27
1 11	39
1 12	35
1 13	43
1 15	45
1 16	7
1 17	28
1 18	23
1 19	24
1 21	44
1 22	47
1 23	2
1 24	30
1 25	8
1 26	13
1 28	26
1 29	12
1 30	11
1 31	21
1 32	29
1 33	14
1 35	34
1 36	15
1 38	10
1 40	20
1 42	0
1 43	37
1 44	3
1 45	22
1 46	46
1 48	32
1 49	42
2 3	11
2 6	4
2 8	15
2 9	25
2 10	43
2 11	21
2 12	18
2 14	20
2 15	38
2 17	3
2 18	30
2 19	14
2 20	32
2 21	36
2 22	16
2 23	7
2 25	28
2 26	45
2 27	2
2 28	42
2 29	31
2 30	5
2 32	39
2 33	19
2 34	17
2 37	41
2 39	27
2 40	48
2 41	6
2 42	29
2 43	0
2 44	35
2 45	23
2 46	33
2 47	22
2 48	37
2 49	46
3 0	25
3 1	12
3 2	14
3 3	44
3 4	29
3 7	19
3 9	33
3 10	11
3 11	38
3 12	2
3 14	41
3 15	34
3 16	15
3 17	4
3 18	32
3 19	30
3 20	40
3 21	5
3 22	13
3 23	48
3 24	1
3 27	0
3 28	17
3 29	28
3 30	27
3 31	47
3 32	45
3 33	9
3 35	20
3 36	22
3 37	37
3 40	23
3 41	35
3 42	24
3 43	3
3 45	46
3 46	36
3 47	10
3 48	26
3 49	18
4 1	8
4 2	5
4 3	2
4 5	31
4 6	7
4 8	48
4 9	40
4 10	15
4 11	24
4 12	39
4 13	11
4 14	12
4 15	16
4 16	4
4 17	25
4 18	33
4 19	17
4 20	43
4 21	19
4 22	10
4 24	42
4 25	3
4 26	49
4 28	47
4 30	28
4 32	38
4 34	41
4 35	23
4 37	30
4 38	34
4 40	14
4 41	26
4 42	32
4 44	6
4 45	35
4 46	22
4 47	46
4 48	13
4 49	21
5 0	19
5 1	4
5 2	38
5 3	14
5 6	48
5 7	34
5 8	41
5 9	46
5 11	0
5 14	42
5 15	3
5 16	24
5 19	18
5 20	11
5 21	22
5 22	39
5 23	12
5 24	20
5 25	6
5 26	28
5 27	40
5 29	13
5 30	43
5 31	15
5 32	35
5 34	27
5 36	30
5 37	5
5 39	31
5 40	47
5 41	49
5 42	7
5 43	17
5 44	9
5 45	33
5 46	16
5 48	21
5 49	23
6 0	41
6 2	7
6 3	18
6 4	13
6 5	10
6 6	29
6 7	46
6 9	17
6 10	34
6 11	25
6 12	4
6 13	16
6 14	39
6 16	26
6 18	21
6 19	33
6 20	6
6 21	37
6 23	42
6 24	49
6 25	47
6 26	24
6 27	12
6 28	9
6 31	2
6 32	30
6 33	48
6 34	19
6 35	5
6 36	3
6 37	20
6 39	36
6 40	44
6 43	45
6 46	23
6 48	35
6 49	31
7 0	22
7 1	40
7 2	2
7 4	4
7 6	44
7 7	12
7 8	47
7 9	11
7 10	29
7 12	3
7 13	26
7 14	25
7 15	43
7 16	38
7 17	33
7 18	37
7 20	16
7 21	0
7 22	5
7 23	14
7 25	27
7 26	48
7 27	20
7 28	13
7 31	6
7 32	8
7 33	23
7 34	45
7 35	24
7 36	41
7 37	49
7 38	35
7 39	39
7 40	42
7 41	9
7 42	36
7 44	21
7 45	31
7 46	19
7 48	30
7 49	17
8 0	47
8 1	23
8 2	13
8 3	30
8 4	9
8 5	8
8 7	21
8 8	42
8 9	15
8 10	25
8 12	41
8 13	14
8 14	7
8 15	26
8 16	12
8 17	10
8 18	4
8 19	35
8 21	1
8 23	29
8 24	6
8 25	49
8 28	0
8 29	44
8 30	24
8 31	45
8 32	31
8 33	37
8 34	40
8 35	3
8 36	20
8 37	18
8 38	27
8 39	22
8 40	17
8 43	28
8 44	16
8 45	43
8 46	39
8 47	38
8 48	34
9 0	32
9 1	11
9 2	29
9 5	26
9 7	17
9 10	4
9 11	46
9 12	42
9 13	3
9 14	9
9 15	36
9 16	5
9 17	23
9 18	22
9 19	7
9 20	12
9 23	43
9 24	45
9 25	31
9 26	30
9 28	6
9 29	0
9 30	44
9 31	20
9 32	24
9 33	21
9 34	48
9 36	2
9 37	8
9 38	18
9 40	35
9 41	10
9 42	16
9 43	1
9 44	37
9 47	33
9 49	41
10 0	26
10 2	22
10 3	17
10 4	7
10 5	43
10 6	1
10 7	25
10 8	30
10 9	10
10 10	45
10 11	15
10 13	19
10 14	3
10 15	24
10 16	6
10 17	16
10 18	14
10 20	44
10 21	34
10 22	46
10 23	36
10 24	18
10 25	41
10 27	42
10 28	49
10 29	39
10 30	0
10 31	8
10 32	32
10 34	37
10 35	48
10 36	40
10 37	27
10 39	29
10 40	31
10 41	13
10 42	5
10 43	12
10 44	33
10 45	2
10 48	23
11 0	37
11 2	48
11 3	4
11 4	46
11 6	31
11 7	47
11 9	45
11 13	39
11 14	27
11 15	25
11 16	8
11 17	15
11 18	9
11 19	10
11 20	33
11 21	23
11 23	30
11 24	36
11 25	11
11 26	21
11 27	3
11 28	38
11 29	24
11 30	40
11 31	35
11 32	44
11 34	29
11 35	41
11 37	17
11 38	42
11 39	12
11 40	28
11 42	20
11 43	26
11 44	0
11 45	49
11 46	2
11 48	6
11 49	16
12 0	0
12 1	24
12 3	7
12 4	8
12 5	15
12 6	33
12 8	32
12 9	18
12 11	41
12 12	34
12 13	1
12 14	30
12 15	11
12 16	29
12 18	28
12 19	43
12 20	20
12 21	39
12 22	23
12 23	38
12 24	4
12 25	40
12 26	17
12 27	27
12 28	10
12 29	48
12 30	2
12 31	36
12 32	13
12 33	12
12 34	14
12 35	37
12 37	45
12 38	21
12 39	26
12 40	25
12 41	31
12 42	19
12 43	5
12 44	49
12 45	3
12 46	47
12 47	16
12 49	22
13 0	21
13 1	42
13 2	19
13 3	6
13 4	12
13 5	14
13 7	29
13 8	35
13 9	9
13 11	37
13 13	22
13 14	32
13 16	45
13 17	31
13 18	49
13 19	48
13 20	26
13 21	27
13 22	36
13 24	2
13 25	5
13 26	23
13 28	20
13 29	8
13 30	16
13 32	28
13 33	33
13 34	1
13 35	40
13 36	0
13 37	4
13 38	41
13 39	44
13 40	24
13 41	38
13 42	13
13 43	15
13 44	25
13 45	47
13 46	43
13 48	11
13 49	34
14 0	28
14 1	17
14 2	11
14 4	3
14 6	32
14 7	39
14 8	20
14 9	38
14 10	2
14 11	18
14 12	27
14 13	37
14 16	16
14 17	43
14 18	45
14 19	15
14 20	24
14 21	31
14 22	21
14 23	41
14 24	0
14 26	6
14 27	23
14 28	14
14 29	9
14 30	22
14 31	7
14 32	1
14 33	34
14 34	47
14 35	42
14 37	44
14 38	33
14 39	46
14 43	13
14 44	26
14 45	5
14 46	25
14 47	19
14 48	49
14 49	36
15 0	20
15 2	15
15 3	24
15 4	2
15 5	16
15 8	17
15 9	47
15 10	44
15 11	29
15 12	40
15 15	6
15 16	34
15 17	48
15 18	5
15 19	49
15 21	21
15 22	43
15 23	18
15 25	23
15 26	10
15 27	26
15 28	36
15 29	45
15 30	8
15 31	22
15 32	14
15 33	13
15 35	25
15 37	35
15 38	19
15 39	9
15 40	39
15 41	46
15 43	4
15 44	12
15 45	7
15 46	11
15 47	41
15 48	31
16 0	12
16 1	39
16 2	24
16 4	28
16 7	11
16 9	31
16 10	1
16 11	2
16 13	49
16 15	46
16 17	47
16 18	35
16 19	20
16 20	48
16 21	3
16 24	38
16 26	25
16 27	10
16 29	18
16 30	30
16 31	19
16 32	26
16 33	5
16 34	33
16 35	32
16 36	37
16 37	21
16 38	16
16 39	42
16 40	45
16 41	44
16 42	22
16 44	8
16 45	41
16 46	7
16 47	6
16 48	17
16 49	15
17 0	34
17 1	38
17 2	43
17 3	45
17 4	19
17 5	28
17 6	27
17 7	10
17 8	2
17 10	7
17 11	47
17 13	46
17 14	13
17 15	22
17 16	18
17 17	20
17 19	1
17 20	25
17 21	9
17 22	4
17 24	14
17 25	30
17 26	3
17 27	44
17 29	33
17 30	39
17 31	0
17 33	41
17 34	26
17 35	12
17 36	36
17 37	40
17 38	31
17 39	23
17 40	5
17 41	37
17 42	21
17 43	16
17 44	42
17 45	15
17 46	48
17 47	24
17 48	29
17 49	49
18 0	38
18 4	30
18 6	45
18 10	18
18 11	16
18 12	44
18 13	35
18 14	24
18 16	37
18 17	8
18 18	3
18 19	40
18 20	47
18 22	49
18 24	48
18 27	1
18 28	12
18 29	25
18 30	20
18 31	14
18 32	4
18 33	11
18 34	7
18 35	31
18 37	39
18 38	17
18 39	41
18 40	13
18 41	33
18 43	10
18 45	6
18 47	29
18 48	43
18 49	27
19 0	33
19 1	43
19 2	17
19 3	3
19 4	16
19 5	38
19 6	20
19 7	5
19 8	25
19 9	22
19 11	27
19 12	30
19 14	0
19 15	15
19 16	1
19 17	24
19 18	10
19 19	13
19 20	36
19 21	4
19 22	48
19 23	11
19 24	29
19 25	44
19 26	34
19 27	21
19 28	28
19 29	6
19 30	12
19 31	9
19 32	19
19 33	18
19 34	35
19 35	26
19 36	47
19 37	2
19 38	39
19 39	32
19 40	46
19 42	23
19 43	49
19 44	41
19 45	42
19 46	31
19 47	37
19 48	45
19 49	14
20 1	19
20 2	3
20 3	23
20 4	35
20 5	44
20 6	18
20 7	24
20 8	34
20 9	0
20 10	30
20 11	9
20 13	17
20 14	36
20 16	22
20 18	27
20 19	37
20 20	41
20 21	42
20 23	13
20 25	21
20 27	25
20 28	7
20 29	32
20 30	46
20 31	48
20 32	16
20 33	45
20 35	47
20 36	29
20 37	14
20 38	20
20 39	49
20 40	43
20 41	40
20 42	38
20 43	11
20 45	26
20 46	28
20 47	39
20 49	12
21 0	24
21 1	34
21 2	33
21 3	0
21 4	44
21 5	37
21 6	8
21 7	38
21 8	26
21 9	16
21 10	12
21 11	30
21 12	49
21 15	48
21 16	35
21 19	39
21 20	10
21 23	1
21 24	11
21 25	20
21 27	19
21 28	40
21 29	41
21 30	47
21 31	25
21 32	2
21 33	36
21 34	13
21 35	22
21 36	31
21 37	28
21 39	3
21 41	42
21 42	4
21 43	32
21 44	23
21 45	17
21 46	15
21 48	27
21 49	5
22 0	4
22 2	28
22 4	34
22 6	24
22 7	36
22 9	30
22 10	26
22 11	40
22 12	43
22 13	0
22 14	23
22 15	29
22 16	33
22 17	7
22 18	39
22 20	19
22 21	20
22 22	8
22 24	35
22 26	27
22 27	48
22 28	46
22 30	25
22 31	37
22 32	42
22 34	11
22 35	15
22 36	16
22 38	38
22 40	9
22 41	21
22 42	44
22 43	41
22 45	32
22 46	13
22 47	47
22 48	14
23 0	44
23 1	21
23 3	49
23 4	18
23 5	7
23 6	11
23 7	22
23 8	10
23 10	0
23 11	32
23 12	19
23 13	2
23 14	31
23 15	33
23 16	28
23 18	8
23 20	9
23 22	20
23 23	27
23 25	16
23 26	41
23 27	14
23 28	43
23 29	26
23 30	35
23 33	30
23 34	15
23 35	39
23 37	29
23 38	37
23 39	34
23 40	4
23 41	23
23 42	47
23 44	24
23 45	45
23 46	12
23 47	5
23 49	1
24 0	23
24 2	12
24 4	5
24 5	46
24 6	42
24 7	4
24 8	31
24 9	2
24 10	13
24 11	35
24 12	48
24 13	33
24 14	10
24 15	49
24 16	21
24 17	29
24 18	16
24 19	45
24 20	38
24 23	0
24 24	15
24 25	43
24 26	40
24 27	18
24 28	24
24 29	47
24 30	41
24 31	26
24 32	9
24 33	1
24 34	22
24 35	44
24 36	7
24 37	36
24 39	37
24 40	6
24 41	27
24 42	3
24 43	14
24 44	19
24 46	20
24 47	30
24 48	25
24 49	11
25 0	3
25 1	9
25 2	30
25 3	5
25 4	14
25 5	21
25 6	43
25 7	0
25 8	7
25 9	20
25 10	23
25 11	8
25 13	48
25 14	40
25 15	27
25 16	13
25 17	12
25 18	26
25 20	42
25 21	15
25 22	25
25 23	4
25 26	39
25 28	16
25 30	19
25 31	32
25 32	22
25 33	17
25 34	44
25 35	33
25 36	45
25 37	46
25 38	11
25 39	10
25 41	41
25 43	18
25 46	24
25 47	2
25 48	47
25 49	29
26 0	35
26 3	47
26 4	36
26 5	0
26 7	16
26 9	28
26 10	17
26 11	42
26 12	1
26 13	9
26 14	18
26 15	19
26 16	41
26 17	32
26 18	34
26 20	31
26 21	46
26 22	45
26 23	39
26 25	14
26 26	20
26 28	25
26 29	27
26 30	13
26 31	5
26 32	49
26 34	24
26 35	30
26 36	6
26 37	12
26 38	2
26 39	8
26 41	11
26 42	37
26 43	33
26 44	38
26 45	48
26 46	3
26 47	40
26 48	44
26 49	26
27 0	36
27 1	28
27 3	31
27 4	47
27 5	48
27 6	9
27 7	7
27 8	11
27 9	27
27 10	24
27 11	3
27 12	5
27 14	17
27 17	42
27 18	19
27 19	29
27 20	46
27 21	40
27 23	26
27 26	32
27 27	6
27 28	23
27 29	20
27 30	45
27 31	38
27 32	10
27 33	4
27 34	18
27 35	16
27 36	14
27 37	33
27 38	22
27 39	30
27 40	15
27 41	8
27 42	1
27 43	43
27 44	39
27 46	41
28 2	20
28 3	1
28 4	22
28 5	45
28 6	17
28 7	40
28 8	0
28 9	44
28 10	41
28 11	23
28 12	24
28 13	10
28 14	29
28 15	8
28 16	42
28 18	48
28 19	38
28 20	30
28 22	27
28 25	33
28 26	37
28 27	35
28 28	3
28 29	4
28 30	9
28 31	49
28 32	7
28 33	31
28 34	21
28 37	25
28 39	14
28 40	34
28 41	36
28 42	26
28 43	2
28 46	18
28 47	12
28 48	46
28 49	28
29 0	40
29 1	16
29 2	25
29 4	42
29 6	14
29 7	45
29 8	46
29 9	3
29 10	48
29 11	7
29 12	6
29 13	38
29 14	4
29 15	31
29 16	32
29 17	30
29 18	41
29 23	19
29 24	12
29 25	9
29 26	35
29 27	36
29 28	1
29 29	23
29 30	37
29 31	13
29 33	49
29 34	2
29 35	18
29 36	33
29 37	47
29 38	44
29 39	0
29 40	22
29 41	20
29 43	39
29 44	10
29 45	34
29 46	17
29 47	28
29 48	24
29 49	43
30 0	15
30 1	29
30 2	16
30 3	32
30 4	27
30 6	49
30 7	14
30 8	38
30 9	42
30 10	31
30 11	43
30 12	21
30 13	5
30 14	8
30 16	23
30 17	11
30 18	1
30 19	19
30 20	37
30 21	24
30 22	3
30 23	6
30 24	9
30 25	7
30 27	30
30 28	33
30 31	4
30 33	28
30 34	10
30 36	13
30 37	22
30 38	48
30 39	17
30 41	12
30 42	25
30 43	34
30 44	18
30 46	44
30 48	2
30 49	39
31 0	27
31 1	15
31 2	44
31 3	42
31 4	21
31 5	11
31 6	35
31 7	6
31 8	33
31 10	46
31 11	31
31 13	4
31 14	28
31 15	41
31 16	48
31 17	0
31 18	18
31 19	22
31 20	45
31 21	7
31 23	49
31 24	13
31 25	39
31 27	29
31 28	37
31 30	14
31 31	34
31 32	5
31 33	32
31 34	16
31 36	24
31 37	43
31 38	26
31 39	25
31 41	19
31 42	9
31 43	47
31 44	30
31 45	10
31 46	1
31 49	38
32 0	6
32 2	45
32 3	39
32 4	10
32 5	23
32 7	28
32 8	22
32 9	7
32 10	9
32 12	38
32 13	34
32 14	35
32 15	12
32 16	27
32 17	1
32 18	31
32 19	32
32 20	14
32 21	2
32 22	17
32 24	24
32 25	26
32 26	29
32 27	46
32 28	41
32 30	42
32 32	43
32 33	16
32 34	5
32 35	13
32 36	18
32 37	0
32 38	40
32 39	33
32 40	3
32 41	47
32 42	11
32 43	19
32 45	44
32 46	37
32 47	49
32 48	8
32 49	48
33 0	46
33 1	35
33 3	10
33 6	39
33 7	48
33 8	27
33 9	29
33 10	33
33 12	26
33 13	32
33 14	16
33 15	47
33 17	38
33 18	43
33 19	2
33 20	23
33 23	45
33 24	34
33 25	15
33 26	12
33 27	8
33 28	19
33 29	40
33 30	31
33 31	41
33 32	37
33 33	42
33 34	28
33 36	4
33 37	13
33 38	6
33 39	5
33 40	30
33 41	14
33 42	49
33 43	24
33 44	11
33 46	21
33 47	17
33 48	3
33 49	44
34 2	35
34 3	33
34 4	23
34 5	17
34 6	12
34 8	18
34 9	41
34 11	44
34 12	11
34 14	22
34 15	1
34 16	31
34 17	40
34 18	6
34 19	42
34 20	4
34 21	28
34 22	9
34 23	24
34 24	26
34 25	13
34 26	36
34 27	38
34 28	8
34 29	30
34 30	21
34 31	29
34 33	43
34 35	7
34 36	48
34 37	10
34 38	25
34 39	47
34 40	16
34 41	39
34 42	34
34 43	27
34 44	14
34 45	19
34 47	0
34 48	15
34 49	37
35 0	16
35 2	4
35 4	33
35 6	26
35 7	37
35 8	24
35 10	20
35 11	14
35 12	32
35 13	12
35 14	44
35 15	23
35 16	11
35 17	36
35 18	46
35 19	41
35 20	5
35 21	38
35 22	15
35 23	10
35 24	22
35 25	2
35 26	18
35 27	45
35 28	39
35 29	35
35 30	17
35 31	27
35 32	34
35 33	47
35 35	49
35 38	30
35 40	7
35 41	0
35 43	31
35 45	25
35 46	40
35 47	9
35 48	28
35 49	3
36 0	14
36 2	26
36 3	48
36 4	43
36 5	12
36 6	38
36 7	13
36 8	28
36 10	39
36 11	45
36 12	29
36 14	49
36 15	44
36 16	0
36 17	41
36 18	25
36 19	23
36 20	34
36 21	33
36 22	22
36 23	21
36 24	10
36 25	1
36 27	9
36 28	5
36 29	17
36 30	15
36 31	3
36 32	18
36 33	2
36 34	32
36 35	36
36 36	11
36 38	4
36 39	7
36 43	30
36 44	40
36 45	24
36 46	6
36 47	27
36 48	20
36 49	19
37 0	48
37 1	14
37 2	31
37 3	27
37 4	40
37 5	30
37 6	37
37 7	35
37 10	16
37 11	11
37 12	45
37 13	28
37 15	21
37 17	19
37 18	12
37 19	8
37 20	13
37 21	47
37 22	41
37 23	22
37 24	5
37 25	34
37 26	46
37 27	33
37 30	1
37 33	6
37 35	29
37 36	26
37 37	3
37 38	36
37 41	24
37 42	17
37 43	42
37 44	7
37 45	0
37 46	10
37 47	23
37 48	18
37 49	20
38 0	10
38 1	0
38 2	42
38 3	13
38 4	20
38 5	24
38 6	41
38 7	3
38 8	43
38 9	26
38 10	28
38 11	49
38 13	15
38 15	37
38 16	36
38 17	21
38 18	11
38 19	47
38 20	39
38 21	14
38 22	30
38 23	32
38 26	44
38 27	17
38 28	31
38 29	5
38 32	48
38 33	8
38 34	25
38 36	19
38 37	7
38 38	9
38 39	18
38 40	2
38 41	22
38 43	35
38 44	27
38 45	4
38 46	29
38 48	38
39 0	11
39 1	30
39 2	18
39 5	33
39 6	21
39 7	42
39 8	16
39 9	24
39 11	20
39 12	23
39 13	7
39 14	37
39 15	17
39 16	40
39 17	45
39 19	9
39 20	1
39 21	6
39 23	5
39 24	25
39 25	48
39 26	8
39 27	13
39 29	43
39 30	4
39 31	12
39 32	3
39 34	49
39 35	28
39 36	46
39 37	34
39 38	32
39 40	29
39 41	15
39 42	2
39 43	44
39 44	47
39 45	14
39 46	27
39 47	36
39 49	10
40 0	17
40 2	37
40 3	15
40 4	11
40 5	39
40 6	3
40 7	20
40 8	29
40 9	35
40 10	19
40 11	33
40 13	27
40 14	21
40 15	14
40 16	10
40 19	36
40 21	12
40 22	44
40 23	8
40 24	23
40 25	38
40 26	4
40 27	28
40 28	30
40 29	42
40 31	46
40 33	7
40 34	9
40 36	43
40 37	16
40 38	24
40 39	2
40 40	26
40 41	25
40 42	18
40 44	13
40 47	48
40 49	45
41 0	8
41 1	49
41 2	39
41 3	29
41 4	6
41 5	42
41 8	3
41 9	36
41 10	38
41 11	5
41 12	25
41 13	47
41 14	2
41 15	20
41 17	34
41 18	13
41 19	28
41 20	15
41 21	30
41 22	37
41 23	40
41 24	44
41 25	46
41 26	26
41 27	16
41 28	4
41 29	14
41 32	17
41 34	31
41 35	11
41 36	9
41 37	24
41 39	45
41 40	12
41 41	1
41 42	43
41 44	48
41 45	18
41 46	35
41 47	32
41 48	22
41 49	0
42 0	42
42 1	25
42 2	9
42 3	20
42 4	38
42 5	2
42 7	27
42 8	44
42 9	12
42 10	49
42 11	28
42 12	37
42 13	36
42 14	11
42 15	13
42 16	17
42 17	18
42 18	24
42 19	16
42 20	29
42 21	35
42 22	32
42 23	23
42 25	45
42 26	14
42 27	34
42 28	22
42 29	10
42 31	39
42 32	33
42 33	15
42 34	0
42 35	8
42 36	5
42 37	26
42 38	1
42 40	19
42 41	3
42 42	40
42 43	48
42 44	46
42 45	30
42 46	4
42 47	31
42 48	41
42 49	7
43 0	45
43 1	10
43 2	8
43 4	15
43 5	35
43 7	2
43 8	13
43 9	39
43 10	3
43 11	26
43 12	22
43 13	18
43 14	47
43 15	9
43 16	49
43 17	44
43 18	36
43 20	0
43 21	29
43 24	7
43 25	4
43 26	1
43 27	43
43 28	11
43 30	48
43 32	12
43 33	25
43 35	14
43 37	32
43 39	16
43 41	34
43 42	41
43 43	6
43 44	17
43 46	30
43 47	20
43 48	33
43 49	40
44 1	41
44 3	21
44 4	26
44 6	5
44 7	32
44 8	1
44 10	37
44 11	13
44 12	12
44 13	20
44 18	42
44 20	35
44 21	16
44 22	11
44 24	17
44 25	0
44 26	22
44 27	24
44 28	15
44 29	7
44 30	49
44 32	36
44 33	40
44 34	46
44 35	38
44 36	44
44 37	19
44 39	6
44 40	10
44 41	18
44 42	45
44 43	9
44 44	34
44 47	4
45 0	49
45 1	26
45 3	38
45 5	36
45 6	40
45 7	8
45 8	6
45 9	4
45 10	47
45 11	17
45 12	13
45 13	23
45 14	1
45 15	5
45 16	43
45 17	9
45 18	20
45 19	44
45 20	18
45 22	14
45 23	33
45 24	16
45 25	19
45 26	31
45 27	32
45 28	34
45 29	22
45 30	7
45 31	28
45 33	10
45 34	12
45 36	25
45 38	3
45 39	35
45 40	0
45 41	29
45 42	30
45 43	46
45 44	2
45 45	37
45 46	42
45 47	45
45 48	39
45 49	24
46 0	7
46 1	27
46 2	1
46 4	32
46 5	41
46 6	22
46 7	30
46 8	37
46 9	19
46 10	21
46 11	34
46 13	13
46 15	40
46 16	20
46 17	49
46 18	47
46 19	3
46 20	28
46 22	0
46 23	44
46 25	24
46 26	43
46 29	29
46 31	16
46 34	6
46 36	10
46 38	12
46 39	38
46 40	36
46 41	17
46 43	8
46 45	11
46 47	14
46 48	4
47 0	43
47 1	1
47 3	12
47 5	34
47 6	36
47 7	31
47 9	32
47 10	40
47 11	6
47 12	7
47 14	19
47 15	30
47 16	14
47 17	35
47 18	29
47 19	5
47 20	8
47 21	10
47 22	2
47 23	46
47 25	37
47 27	39
47 28	48
47 29	38
47 30	26
47 31	18
47 32	0
47 33	24
47 34	3
47 35	4
47 36	23
47 38	13
47 40	33
47 41	45
47 42	28
47 44	22
47 47	15
47 48	42
48 0	30
48 1	45
48 2	0
48 4	39
48 5	22
48 6	2
48 8	36
48 9	14
48 10	35
48 11	12
48 14	26
48 15	7
48 16	46
48 19	6
48 21	43
48 22	42
48 23	16
48 26	5
48 27	11
48 28	18
48 30	33
48 31	10
48 33	20
48 34	34
48 35	19
48 36	21
48 37	48
48 38	23
48 40	49
48 41	4
48 42	31
48 43	25
48 44	29
48 46	38
48 47	13
48 48	1
48 49	47
49 0	31
49 1	33
49 3	37
49 4	49
49 5	25
49 7	43
49 8	12
49 9	5
49 11	48
49 12	9
49 13	24
49 14	34
49 15	4
49 17	39
49 18	40
49 19	26
49 20	22
49 21	32
49 23	20
49 24	46
49 25	18
49 26	19
49 28	27
49 29	16
49 30	3
49 31	23
49 32	21
49 33	38
49 34	8
49 35	0
49 36	17
49 37	1
49 38	47
49 39	28
49 40	11
49 41	2
49 42	10
49 44	44
49 47	42
49 48	7
49 49	13
