50
0 0	46
0 3	16
0 4	11
0 5	1
0 8	24
0 9	27
0 10	25
0 11	13
0 12	23
0 15	17
0 18	26
0 20	34
0 21	12
0 23	20
0 25	32
0 26	40
0 27	18
0 28	48
0 29	35
0 31	39
0 33	43
0 34	21
0 35	30
0 38	49
0 44	22
0 46	29
0 47	28
0 49	36
1 0	4
1 1	17
1 2	42
1 3	46
1 4	13
1 5	45
1 6	12
1 7	5
1 9	11
1 10	16
1 12	27
1 13	6
1 14	44
1 15	22
1 19	25
1 20	47
1 21	20
1 24	43
1 25	14
1 29	39
1 30	9
1 32	23
1 33	29
1 37	26
1 38	3
1 39	15
1 42	21
1 43	19
1 45	38
1 46	49
1 48	8
2 2	14
2 4	20
2 5	37
2 6	33
2 8	48
2 10	7
2 11	40
2 14	8
2 15	43
2 18	35
2 20	39
2 21	32
2 23	12
2 24	23
2 27	41
2 29	5
2 30	45
2 31	38
2 32	44
2 35	49
2 36	22
2 38	31
2 39	24
2 40	26
2 41	11
2 42	42
2 44	28
2 45	6
2 46	19
2 48	36
3 0	14
3 1	13
3 4	2
3 7	28
3 10	34
3 11	33
3 12	1
3 13	0
3 14	21
3 15	24
3 16	4
3 17	25
3 22	23
3 25	11
3 28	10
3 29	18
3 30	49
3 33	22
3 34	6
3 36	38
3 38	19
3 39	30
3 41	45
3 42	31
3 45	36
3 47	16
3 48	46
3 49	48
4 0	18
4 1	25
4 3	24
4 4	32
4 5	0
4 6	34
4 8	13
4 9	4
4 10	29
4 11	38
4 12	41
4 13	49
4 14	45
4 15	44
4 16	42
4 18	1
4 19	31
4 21	19
4 22	37
4 23	23
4 25	26
4 27	6
4 28	33
4 29	27
4 30	3
4 31	21
4 34	40
4 36	10
4 37	17
4 38	39
4 39	47
4 40	28
4 41	9
4 43	36
4 44	5
4 46	46
4 47	22
4 48	15
4 49	14
5 3	25
5 6	0
5 8	17
5 10	5
5 11	12
5 12	10
5 13	41
5 14	36
5 15	45
5 16	1
5 21	23
5 22	39
5 24	3
5 25	6
5 26	43
5 27	30
5 32	46
5 33	14
5 34	44
5 35	33
5 36	48
5 37	9
5 38	4
5 40	19
5 42	37
5 44	49
5 45	8
6 2	45
6 4	49
6 6	48
6 7	2
6 8	41
6 9	26
6 11	18
6 13	24
6 15	20
6 20	25
6 24	21
6 25	30
6 26	34
6 27	39
6 30	16
6 31	12
6 33	4
6 35	13
6 37	33
6 38	5
6 39	10
6 40	17
6 41	23
6 42	8
6 43	28
6 44	29
6 46	35
6 47	0
6 48	42
7 0	7
7 3	32
7 4	40
7 5	12
7 6	3
7 8	49
7 14	35
7 15	25
7 17	45
7 18	47
7 21	2
7 23	21
7 24	20
7 28	39
7 29	37
7 31	8
7 32	24
7 33	5
7 35	26
7 36	41
7 37	22
7 38	34
7 43	33
7 44	36
7 45	42
7 47	46
7 48	6
7 49	4
8 1	45
8 2	15
8 6	24
8 8	5
8 9	40
8 10	49
8 11	32
8 13	34
8 15	33
8 16	9
8 17	31
8 18	39
8 19	7
8 20	8
8 21	11
8 22	12
8 23	26
8 24	6
8 26	18
8 30	13
8 32	1
8 35	17
8 36	14
8 38	35
8 39	43
8 40	25
8 42	44
8 43	0
8 44	4
8 47	20
8 48	22
8 49	23
9 0	11
9 2	33
9 3	44
9 4	15
9 5	22
9 6	4
9 11	26
9 16	25
9 17	12
9 18	46
9 20	42
9 23	28
9 24	27
9 26	8
9 29	36
9 31	32
9 32	14
9 34	30
9 36	23
9 37	45
9 39	6
9 40	2
9 41	48
9 42	39
9 43	3
9 44	47
9 49	20
10 0	26
10 1	29
10 2	18
10 3	1
10 4	16
10 5	11
10 8	25
10 9	21
10 11	0
10 13	22
10 17	15
10 18	28
10 19	6
10 20	35
10 21	38
10 22	46
10 25	41
10 29	30
10 31	19
10 32	34
10 37	31
10 39	7
10 40	43
10 41	32
10 42	12
10 44	13
10 45	44
10 48	45
10 49	49
11 0	29
11 2	12
11 4	6
11 8	10
11 10	24
11 11	11
11 12	38
11 13	14
11 15	31
11 16	33
11 19	18
11 20	1
11 21	30
11 22	20
11 23	36
11 24	8
11 27	34
11 28	13
11 29	47
11 31	37
11 32	43
11 35	28
11 36	16
11 37	21
11 39	17
11 42	45
11 43	35
11 44	2
11 46	7
11 48	4
11 49	26
12 2	26
12 3	40
12 5	4
12 7	30
12 8	47
12 9	43
12 11	45
12 12	0
12 14	13
12 16	5
12 17	35
12 21	10
12 22	19
12 23	29
12 25	36
12 27	25
12 29	12
12 31	44
12 33	16
12 34	1
12 36	18
12 37	15
12 38	37
12 41	46
12 42	34
12 43	49
12 45	22
12 49	2
13 0	37
13 1	16
13 4	19
13 6	17
13 9	46
13 11	28
13 12	32
13 13	18
13 14	22
13 15	39
13 16	30
13 17	23
13 18	7
13 19	4
13 20	26
13 21	34
13 22	49
13 25	33
13 26	44
13 28	3
13 29	13
13 31	43
13 32	0
13 33	11
13 35	14
13 36	6
13 37	27
13 39	12
13 41	15
13 43	42
13 44	20
13 47	1
13 48	2
14 0	25
14 1	12
14 2	43
14 3	14
14 4	39
14 6	46
14 10	2
14 11	16
14 14	3
14 15	0
14 17	44
14 18	4
14 19	29
14 20	13
14 21	22
14 22	1
14 25	31
14 27	26
14 28	32
14 29	28
14 31	41
14 32	10
14 34	24
14 36	49
14 37	7
14 38	36
14 39	33
14 40	45
14 41	8
14 42	38
14 43	40
14 45	15
14 46	27
14 49	17
15 0	15
15 1	9
15 3	35
15 7	48
15 11	24
15 13	33
15 14	29
15 15	16
15 17	5
15 18	41
15 20	43
15 21	25
15 22	32
15 27	3
15 30	34
15 31	49
15 32	11
15 34	36
15 37	47
15 38	27
15 40	31
15 42	10
15 43	1
15 44	23
15 45	45
15 46	8
15 48	14
15 49	42
16 0	0
16 1	26
16 4	8
16 5	39
16 6	35
16 8	38
16 9	6
16 10	18
16 12	33
16 15	15
16 16	13
16 17	37
16 19	30
16 20	17
16 21	16
16 23	34
16 24	28
16 27	27
16 28	9
16 29	32
16 30	42
16 35	1
16 36	21
16 38	14
16 40	3
16 42	22
16 43	23
16 45	5
16 46	47
16 47	10
17 0	33
17 1	4
17 3	9
17 6	49
17 7	34
17 8	23
17 10	28
17 12	5
17 13	8
17 15	1
17 16	27
17 17	40
17 18	3
17 19	21
17 20	7
17 23	18
17 24	48
17 26	14
17 27	20
17 28	38
17 29	26
17 31	42
17 32	41
17 33	31
17 34	10
17 35	32
17 37	30
17 38	25
17 39	45
17 40	46
17 41	35
17 42	6
17 45	0
17 46	2
17 47	19
17 48	37
17 49	12
18 1	15
18 2	4
18 3	29
18 4	46
18 5	24
18 7	40
18 9	23
18 10	44
18 11	19
18 12	28
18 13	38
18 14	47
18 16	22
18 17	39
18 18	20
18 19	43
18 25	42
18 26	5
18 29	25
18 30	17
18 31	11
18 32	33
18 35	18
18 36	35
18 37	6
18 38	30
18 41	37
18 43	12
18 47	36
18 48	16
18 49	41
19 0	41
19 1	36
19 3	5
19 6	23
19 7	6
19 8	19
19 9	20
19 10	38
19 11	15
19 13	30
19 14	12
19 15	46
19 16	40
19 17	17
19 28	42
19 29	22
19 30	32
19 31	48
19 32	26
19 33	0
19 34	29
19 35	2
19 36	27
19 38	47
19 39	34
19 41	25
19 42	9
19 43	45
19 46	21
19 47	4
19 48	3
20 0	34
20 4	31
20 5	15
20 6	27
20 10	32
20 11	8
20 13	43
20 14	38
20 15	7
20 16	16
20 17	26
20 18	21
20 19	19
20 22	4
20 24	42
20 25	20
20 26	47
20 27	29
20 28	23
20 31	46
20 32	5
20 37	40
20 38	6
20 39	28
20 41	12
20 46	24
21 1	10
21 2	0
21 3	49
21 4	27
21 6	38
21 7	25
21 8	20
21 9	5
21 12	43
21 14	33
21 15	40
21 16	29
21 17	3
21 18	11
21 21	47
21 22	14
21 24	36
21 29	48
21 31	17
21 32	35
21 33	18
21 34	4
21 35	12
21 36	24
21 38	8
21 39	13
21 40	30
21 41	7
21 42	26
21 47	41
21 48	31
21 49	46
22 1	18
22 2	16
22 3	6
22 4	33
22 5	38
22 7	13
22 11	43
22 13	2
22 14	7
22 16	37
22 19	48
22 21	45
22 24	4
22 26	39
22 27	22
22 28	46
22 29	21
22 31	9
22 32	15
22 33	44
22 34	0
22 38	10
22 40	24
22 42	35
22 44	31
22 45	17
22 48	49
22 49	28
23 0	43
23 1	35
23 2	23
23 3	8
23 4	10
23 7	0
23 9	1
23 10	41
23 11	4
23 13	15
23 14	5
23 15	49
23 16	19
23 17	11
23 18	6
23 20	27
23 24	37
23 25	21
23 26	25
23 27	16
23 28	17
23 29	31
23 30	46
23 32	3
23 33	47
23 34	12
23 35	9
23 36	36
23 37	44
23 38	20
23 39	26
23 43	38
23 44	45
23 47	14
23 49	39
24 0	49
24 1	20
24 2	1
24 4	30
24 7	11
24 8	27
24 10	33
24 11	37
24 12	9
24 14	31
24 20	41
24 21	5
24 23	40
24 24	26
24 25	35
24 27	45
24 28	36
24 29	23
24 34	38
24 38	18
24 39	14
24 42	7
24 45	46
24 46	17
24 49	10
25 0	2
25 3	39
25 5	9
25 6	14
25 8	45
25 10	4
25 11	5
25 12	15
25 13	26
25 14	0
25 15	30
25 16	41
25 17	7
25 18	12
25 19	36
25 23	38
25 25	25
25 26	19
25 28	35
25 29	33
25 31	1
25 33	8
25 34	37
25 37	11
25 38	48
25 40	10
25 44	27
25 45	49
25 46	44
25 47	31
25 48	40
25 49	32
26 1	37
26 2	25
26 3	3
26 4	29
26 7	1
26 8	0
26 9	8
26 10	40
26 11	6
26 12	14
26 13	48
26 16	45
26 19	5
26 20	21
26 22	36
26 23	13
26 24	22
26 25	39
26 29	24
26 30	43
26 31	35
26 32	9
26 33	27
26 34	33
26 35	7
26 36	34
26 40	18
26 43	32
26 44	41
26 46	4
26 48	20
26 49	44
27 0	35
27 1	43
27 2	32
27 3	23
27 4	34
27 6	42
27 7	31
27 8	14
27 12	39
27 19	41
27 21	6
27 22	11
27 23	19
27 24	33
27 25	4
27 27	15
27 28	24
27 32	45
27 33	21
27 34	46
27 35	25
27 36	40
27 40	38
27 41	13
27 42	3
27 43	8
27 45	1
27 47	48
27 48	30
27 49	47
28 1	42
28 3	41
28 6	10
28 7	26
28 8	21
28 10	46
28 15	35
28 18	25
28 19	11
28 20	4
28 22	34
28 25	45
28 26	12
28 29	17
28 31	5
28 32	47
28 33	6
28 35	40
28 37	23
28 38	16
28 41	19
28 43	30
28 44	43
28 46	15
28 47	38
28 49	18
29 0	6
29 3	19
29 4	1
29 5	32
29 8	42
29 9	49
29 10	11
29 12	24
29 13	25
29 14	14
29 16	36
29 17	43
29 26	17
29 27	5
29 29	40
29 30	26
29 31	3
29 35	47
29 38	38
29 39	0
29 41	44
29 45	16
29 46	45
29 48	33
30 1	23
30 2	38
30 3	33
30 4	43
30 5	48
30 7	20
30 12	49
30 16	47
30 17	42
30 19	1
30 20	31
30 21	4
30 22	41
30 23	39
30 26	27
30 28	0
30 29	3
30 32	13
30 33	15
30 34	7
30 36	44
30 41	18
30 43	37
30 44	25
30 45	30
30 46	9
30 47	6
30 49	45
31 0	45
31 2	44
31 4	23
31 5	28
31 8	46
31 9	36
31 10	6
31 11	14
31 12	25
31 13	42
31 15	48
31 16	7
31 17	10
31 18	40
31 19	20
31 21	17
31 22	47
31 23	8
31 28	41
31 29	9
31 32	2
31 34	39
31 35	22
31 38	32
31 40	16
31 41	0
31 42	4
32 0	40
32 1	46
32 2	5
32 3	37
32 6	39
32 12	2
32 13	3
32 14	23
32 15	41
32 16	44
32 17	27
32 18	31
32 19	47
32 20	33
32 21	49
32 22	29
32 24	11
32 25	1
32 29	20
32 31	18
32 34	26
32 35	15
32 38	21
32 41	42
32 42	17
32 43	9
32 46	36
32 47	24
32 48	25
32 49	7
33 0	17
33 2	36
33 4	0
33 5	21
33 9	32
33 10	30
33 11	44
33 15	28
33 22	18
33 23	10
33 24	9
33 25	43
33 28	31
33 29	45
33 30	15
33 31	34
33 32	8
33 34	48
33 35	39
33 37	24
33 42	16
33 43	26
33 44	6
33 45	35
33 46	1
33 47	25
33 48	19
34 0	9
34 2	29
34 4	26
34 5	30
34 7	41
34 8	18
34 9	37
34 14	25
34 15	6
34 20	19
34 22	3
34 24	44
34 25	0
34 26	33
34 27	38
34 28	5
34 29	11
34 30	47
34 31	45
34 33	10
34 34	15
34 35	35
34 40	4
34 42	32
34 43	46
34 45	43
34 46	40
34 47	7
34 49	22
35 0	44
35 2	47
35 5	35
35 9	33
35 13	19
35 14	1
35 16	32
35 17	28
35 18	48
35 19	14
35 21	46
35 22	9
35 23	31
35 26	4
35 27	7
35 28	29
35 29	8
35 30	21
35 31	26
35 32	27
35 34	49
35 36	25
35 37	41
35 38	43
35 39	42
35 40	34
35 42	0
35 44	11
35 45	40
35 46	18
35 47	37
35 48	17
35 49	6
36 0	1
36 2	28
36 3	15
36 6	40
36 11	34
36 13	23
36 14	16
36 17	41
36 19	42
36 22	6
36 23	37
36 24	49
36 25	17
36 26	38
36 27	14
36 30	27
36 31	4
36 32	39
36 33	32
36 36	33
36 37	43
36 40	12
36 41	36
36 43	24
36 47	45
36 49	19
37 1	2
37 4	48
37 5	14
37 6	31
37 11	20
37 13	4
37 16	26
37 18	43
37 19	45
37 21	36
37 22	22
37 23	47
37 26	46
37 27	11
37 33	34
37 38	33
37 43	21
37 44	38
37 46	41
37 47	49
37 48	23
37 49	24
38 0	36
38 1	3
38 2	8
38 3	30
38 5	20
38 7	24
38 8	2
38 9	41
38 10	13
38 11	10
38 12	26
38 15	14
38 18	0
38 20	40
38 22	48
38 23	1
38 24	47
38 25	16
38 26	45
38 28	6
38 29	42
38 30	44
38 31	28
38 32	17
38 34	23
38 36	43
38 37	49
38 38	11
38 39	5
38 42	33
38 44	34
38 46	22
38 48	32
38 49	31
39 0	42
39 1	49
39 2	46
39 4	44
39 5	41
39 8	36
39 9	22
39 13	45
39 15	23
39 16	24
39 17	20
39 18	18
39 20	32
39 21	37
39 26	7
39 28	28
39 29	1
39 30	8
39 31	33
39 32	31
39 33	39
39 34	14
39 35	16
39 39	40
39 40	11
39 42	43
39 43	25
39 44	48
39 45	9
39 46	6
39 47	47
39 49	29
40 2	40
40 4	22
40 5	19
40 7	4
40 8	43
40 9	34
40 12	48
40 13	46
40 14	24
40 15	37
40 18	14
40 19	3
40 21	18
40 22	15
40 23	45
40 25	23
40 26	13
40 27	33
40 28	44
40 29	49
40 30	12
40 31	47
40 32	25
40 34	20
40 37	42
40 38	0
40 39	35
40 40	41
40 42	30
40 44	10
40 45	21
40 46	31
41 5	33
41 6	11
41 8	6
41 9	28
41 10	47
41 14	43
41 17	49
41 18	42
41 19	35
41 20	3
41 21	0
41 22	8
41 23	46
41 28	45
41 30	5
41 31	24
41 32	22
41 33	12
41 34	31
41 35	10
41 37	37
41 38	29
41 40	21
41 41	27
41 42	48
41 43	15
41 44	1
41 45	14
41 46	26
41 47	30
41 49	25
42 0	48
42 5	10
42 7	44
42 12	3
42 13	17
42 14	20
42 16	14
42 18	2
42 19	26
42 20	12
42 22	31
42 27	49
42 30	36
42 31	0
42 32	6
42 33	24
42 34	28
42 35	45
42 36	42
42 38	13
42 39	39
42 41	16
42 42	25
42 43	47
42 44	40
42 46	43
42 47	32
42 48	5
42 49	37
43 1	32
43 2	13
43 3	48
43 6	41
43 7	17
43 8	8
43 10	45
43 11	9
43 13	10
43 15	38
43 17	4
43 18	27
43 19	15
43 20	16
43 23	30
43 25	22
43 26	3
43 27	47
43 28	19
43 29	43
43 31	6
43 32	29
43 34	18
43 36	31
43 37	25
43 38	44
43 39	37
43 41	14
43 42	28
43 43	34
43 44	39
44 0	5
44 3	31
44 4	24
44 6	32
44 7	12
44 9	45
44 10	39
44 12	30
44 14	49
44 16	3
44 17	1
44 18	13
44 20	14
44 21	28
44 26	37
44 28	20
44 29	6
44 31	15
44 32	4
44 35	46
44 40	47
44 43	16
44 44	33
44 45	26
44 46	23
45 0	47
45 1	21
45 3	0
45 4	41
45 5	34
45 6	45
45 9	13
45 10	35
45 11	31
45 13	40
45 14	28
45 15	36
45 16	38
45 17	6
45 22	25
45 23	24
45 24	5
45 25	27
45 28	11
45 29	10
45 30	20
45 31	23
45 32	49
45 33	48
45 34	17
45 36	8
45 37	39
45 38	7
45 39	44
45 41	26
45 42	15
45 44	3
45 46	16
45 47	42
45 49	33
46 1	19
46 2	49
46 3	13
46 5	40
46 7	35
46 8	44
46 9	14
46 10	3
46 12	8
46 14	30
46 15	26
46 16	6
46 18	34
46 19	24
46 20	46
46 21	31
46 22	28
46 23	42
46 24	7
46 26	29
46 29	4
46 30	23
46 31	27
46 32	21
46 33	33
46 34	47
46 35	41
46 36	17
46 37	5
46 38	45
46 40	32
46 44	15
46 47	43
46 48	39
47 1	24
47 2	6
47 5	18
47 7	22
47 9	47
47 10	37
47 11	21
47 13	35
47 16	20
47 17	13
47 18	17
47 20	30
47 23	5
47 25	7
47 26	36
47 29	2
47 30	38
47 31	31
47 32	42
47 33	23
47 35	48
47 36	39
47 38	1
47 41	49
47 42	19
47 45	32
47 46	12
47 49	15
48 3	28
48 5	25
48 6	21
48 7	3
48 8	4
48 10	12
48 11	1
48 12	6
48 13	16
48 15	13
48 17	33
48 18	32
48 20	24
48 21	39
48 22	45
48 23	27
48 24	14
48 25	15
48 26	49
48 27	31
48 30	2
48 31	10
48 32	38
48 34	9
48 35	11
48 37	34
48 39	36
48 40	48
48 41	22
48 42	46
48 45	37
48 46	42
48 48	18
48 49	30
49 0	23
49 1	8
49 3	36
49 5	5
49 10	26
49 14	27
49 15	42
49 19	17
49 20	49
49 21	44
49 22	30
49 23	32
49 24	19
49 26	48
49 27	4
49 30	31
49 31	22
49 32	18
49 33	2
49 34	43
49 35	6
49 38	9
49 39	25
49 40	37
49 41	38
49 43	11
49 44	12
49 45	39
49 46	0
49 47	40
49 48	10
49 49	13
