50
0 0	11
0 2	41
0 9	27
0 10	37
0 21	15
0 26	17
0 30	6
0 31	39
0 33	25
0 34	12
0 40	2
0 42	36
0 43	1
0 49	13
1 0	42
1 1	31
1 8	26
1 9	40
1 11	14
1 14	28
1 15	10
1 16	23
1 19	3
1 21	17
1 22	39
1 23	24
1 24	0
1 28	37
1 30	9
1 31	1
1 39	16
1 41	27
1 42	49
1 44	44
1 45	46
1 47	48
1 48	4
2 1	40
2 2	3
2 10	16
2 19	31
2 20	11
2 22	15
2 28	18
2 36	44
2 38	39
2 41	17
2 45	41
2 49	12
3 0	49
3 2	0
3 3	17
3 4	27
3 7	22
3 19	19
3 22	25
3 36	15
3 37	21
3 42	20
3 44	26
3 46	6
3 47	36
3 48	29
4 1	16
4 5	17
4 13	12
4 14	14
4 16	8
4 17	38
4 18	10
4 19	30
4 22	22
4 28	20
4 29	6
4 32	46
4 34	2
4 38	0
4 43	18
5 1	4
5 2	43
5 6	14
5 7	9
5 15	8
5 17	18
5 18	37
5 23	23
5 33	47
5 34	30
5 35	5
5 38	25
5 39	12
5 41	6
5 46	2
6 3	36
6 4	30
6 10	4
6 12	15
6 18	20
6 20	48
6 23	47
6 26	43
6 37	11
6 39	27
7 3	5
7 4	7
7 5	24
7 6	3
7 7	23
7 8	16
7 9	39
7 18	9
7 19	49
7 31	46
7 34	25
7 35	10
7 39	36
7 40	17
7 42	28
7 48	20
7 49	4
8 3	47
8 6	22
8 7	20
8 9	17
8 13	26
8 24	49
8 26	5
8 27	2
8 28	6
8 29	15
8 32	16
8 34	24
8 39	45
8 40	23
8 42	27
8 47	14
8 48	37
9 2	29
9 4	47
9 10	33
9 12	0
9 14	15
9 21	34
9 23	20
9 24	21
9 27	26
9 28	17
9 32	42
9 38	12
9 40	4
9 44	27
9 47	25
9 48	41
10 7	18
10 13	25
10 17	33
10 27	21
10 31	16
10 34	9
10 35	3
10 39	19
10 43	36
10 44	43
10 48	49
10 49	35
11 0	6
11 8	39
11 9	24
11 10	23
11 12	34
11 13	42
11 14	12
11 17	20
11 18	25
11 19	16
11 21	33
11 22	44
11 31	17
11 33	45
11 37	9
11 41	8
11 43	7
11 46	11
12 2	16
12 3	49
12 7	25
12 8	22
12 13	34
12 19	9
12 20	18
12 21	31
12 23	40
12 27	37
12 32	12
12 33	4
12 41	19
12 44	24
12 49	7
13 0	24
13 2	39
13 3	13
13 5	1
13 8	32
13 10	8
13 11	47
13 17	36
13 18	11
13 23	15
13 25	31
13 26	46
13 27	30
13 33	17
13 42	18
13 43	27
13 44	35
13 49	49
14 4	11
14 5	18
14 7	3
14 10	9
14 15	31
14 16	42
14 17	12
14 25	22
14 28	29
14 31	14
14 32	6
14 34	32
14 37	7
14 40	25
14 43	16
14 44	5
14 46	41
15 0	25
15 4	39
15 9	16
15 14	41
15 15	42
15 18	0
15 19	8
15 24	19
15 25	24
15 32	33
15 40	28
15 43	34
16 0	45
16 1	15
16 3	44
16 5	3
16 6	11
16 7	4
16 23	9
16 24	20
16 28	36
16 29	33
16 36	19
16 48	10
16 49	34
17 2	19
17 7	28
17 12	27
17 15	5
17 17	10
17 20	13
17 29	17
17 34	48
17 37	23
17 40	45
17 44	29
17 46	7
17 48	16
18 0	8
18 11	10
18 12	17
18 13	36
18 14	35
18 16	2
18 17	45
18 18	29
18 22	49
18 27	44
18 29	9
18 31	27
18 49	42
19 1	30
19 10	15
19 15	7
19 17	24
19 21	37
19 27	8
19 32	25
19 34	10
19 39	20
19 40	22
19 44	13
20 0	19
20 1	11
20 8	10
20 9	3
20 12	37
20 23	36
20 25	7
20 28	49
20 30	30
20 34	33
20 41	43
20 42	24
20 49	23
21 3	26
21 10	30
21 11	25
21 12	6
21 17	0
21 18	23
21 19	1
21 21	28
21 25	43
21 27	33
21 29	18
21 30	42
21 31	8
21 33	39
21 34	27
21 47	5
21 49	41
22 1	39
22 3	2
22 5	0
22 6	43
22 9	6
22 11	34
22 13	33
22 15	41
22 16	25
22 23	21
22 28	16
22 29	36
22 30	4
22 34	37
22 37	3
22 40	8
22 42	7
22 43	42
22 46	27
22 47	24
22 48	32
23 0	48
23 1	8
23 2	17
23 7	1
23 9	21
23 11	18
23 12	30
23 14	49
23 16	15
23 20	0
23 22	34
23 30	22
23 32	24
23 36	43
23 37	36
23 38	7
23 40	37
24 2	14
24 4	15
24 8	9
24 9	26
24 10	1
24 11	8
24 13	24
24 16	5
24 18	30
24 20	43
24 21	0
24 22	48
24 31	34
24 34	38
24 35	16
25 1	38
25 6	0
25 12	49
25 16	36
25 17	4
25 20	21
25 21	16
25 30	31
25 35	29
25 36	35
25 38	3
25 39	41
25 43	13
25 45	30
25 47	19
26 3	42
26 13	11
26 17	13
26 20	15
26 27	16
26 32	41
26 38	21
26 41	30
26 42	5
26 45	40
26 49	10
27 5	2
27 7	27
27 13	30
27 27	31
27 30	26
27 31	40
27 37	4
27 38	33
27 40	0
27 46	5
27 47	45
27 49	17
28 1	22
28 4	20
28 5	43
28 8	19
28 9	35
28 10	47
28 12	40
28 13	38
28 17	25
28 18	13
28 31	30
28 37	41
28 45	42
28 46	10
28 47	49
29 3	10
29 4	29
29 7	17
29 12	33
29 18	46
29 21	13
29 25	28
29 26	12
29 28	24
29 32	4
29 38	37
29 40	31
29 45	8
29 49	16
30 1	14
30 6	31
30 11	19
30 12	3
30 13	29
30 14	2
30 16	37
30 29	10
30 31	5
30 32	0
30 38	20
30 40	38
30 41	4
30 42	42
30 48	34
30 49	22
31 3	32
31 8	41
31 12	39
31 16	47
31 19	20
31 26	0
31 29	24
31 31	42
31 33	6
31 34	4
31 37	38
31 42	25
31 44	16
32 2	38
32 6	45
32 8	48
32 14	39
32 15	4
32 16	33
32 20	37
32 21	5
32 23	18
32 24	46
32 29	43
32 35	24
32 39	32
32 40	3
32 42	23
32 46	28
32 48	17
33 5	36
33 7	33
33 10	42
33 12	26
33 15	21
33 18	14
33 20	16
33 24	27
33 27	3
33 33	13
33 45	35
33 47	15
33 49	1
34 12	23
34 13	9
34 15	36
34 16	20
34 21	19
34 22	0
34 23	1
34 26	32
34 28	28
34 32	40
34 45	22
34 47	4
35 1	46
35 3	12
35 12	22
35 14	19
35 19	38
35 21	30
35 22	24
35 25	35
35 26	1
35 27	39
35 32	43
35 34	14
35 37	33
35 39	4
35 42	45
35 44	6
35 47	8
35 49	26
36 1	41
36 2	27
36 5	34
36 10	10
36 17	5
36 19	14
36 21	44
36 23	12
36 28	31
36 32	9
36 37	2
36 39	15
36 42	13
36 49	38
37 0	0
37 1	42
37 2	48
37 3	11
37 8	7
37 14	37
37 16	21
37 21	40
37 22	4
37 25	8
37 26	41
37 28	43
37 35	1
37 37	6
37 38	45
37 40	34
37 43	10
37 46	9
37 47	23
38 1	34
38 4	0
38 5	16
38 6	42
38 15	2
38 16	35
38 18	39
38 20	45
38 25	4
38 28	41
38 36	38
38 37	15
38 38	36
38 40	5
38 41	12
39 9	30
39 10	34
39 11	28
39 14	40
39 16	26
39 22	7
39 27	23
39 28	12
39 29	4
39 31	45
39 32	38
39 33	27
39 37	32
39 39	5
39 41	37
39 42	17
39 49	43
40 2	40
40 8	6
40 12	48
40 15	30
40 16	10
40 19	17
40 23	0
40 27	11
40 28	5
40 31	15
40 41	42
40 46	31
41 3	1
41 6	12
41 9	4
41 10	19
41 17	28
41 21	27
41 24	44
41 28	30
41 30	25
41 31	22
41 33	7
41 41	24
41 44	46
42 3	15
42 9	44
42 10	32
42 14	36
42 16	12
42 26	25
42 28	11
42 29	29
42 31	26
42 32	10
42 33	18
42 34	3
42 35	20
42 39	31
42 40	43
42 41	0
42 43	4
43 12	14
43 15	1
43 20	33
43 24	22
43 30	40
43 34	44
43 36	18
43 38	2
43 39	43
43 40	41
43 42	9
43 45	34
44 9	37
44 16	16
44 17	41
44 20	24
44 22	5
44 26	33
44 29	40
44 34	1
44 37	34
44 46	3
44 48	35
45 0	12
45 5	5
45 9	13
45 15	15
45 17	44
45 20	22
45 21	29
45 23	30
45 24	25
45 28	7
45 30	16
45 32	14
45 33	33
45 40	6
45 42	11
45 45	27
45 47	26
45 49	24
46 0	43
46 3	31
46 4	35
46 6	19
46 8	0
46 10	36
46 12	2
46 14	8
46 17	40
46 23	44
46 24	41
46 29	5
46 30	29
46 32	34
46 35	23
46 36	20
46 40	27
46 43	30
46 46	12
46 47	21
47 4	38
47 11	32
47 13	49
47 20	19
47 22	26
47 24	36
47 25	47
47 28	25
47 34	35
47 37	1
48 1	44
48 4	49
48 8	5
48 9	47
48 17	9
48 19	39
48 21	22
48 22	30
48 27	36
48 28	3
48 32	27
48 34	29
48 35	32
48 36	37
48 39	6
48 41	20
48 43	14
48 44	23
48 49	40
49 1	36
49 4	37
49 7	26
49 10	6
49 12	28
49 18	3
49 22	20
49 23	2
49 24	8
49 25	27
49 26	42
49 28	1
49 29	22
49 31	33
49 35	30
49 36	0
49 43	9
49 47	29
49 48	12
