50
0 3	2
0 4	48
0 7	35
0 11	13
0 13	41
0 18	32
0 20	9
0 25	28
0 29	34
0 30	42
0 31	17
0 32	1
0 33	29
0 34	11
0 35	47
0 36	4
0 39	38
0 40	22
0 41	44
0 42	33
0 44	12
0 47	10
0 49	24
1 0	7
1 6	47
1 9	15
1 10	25
1 13	39
1 16	14
1 19	44
1 20	46
1 28	31
1 30	12
1 33	38
1 35	27
1 45	6
1 46	4
1 47	45
2 15	17
2 16	48
2 20	35
2 21	16
2 26	47
2 28	5
2 32	2
2 41	23
2 42	9
2 43	7
2 47	33
2 49	1
3 0	10
3 9	14
3 13	5
3 15	16
3 18	8
3 20	18
3 21	45
3 23	35
3 25	48
3 32	37
3 36	31
3 46	7
3 48	20
4 2	13
4 7	41
4 8	2
4 11	30
4 12	42
4 13	32
4 15	9
4 19	34
4 24	48
4 25	19
4 28	16
4 29	24
4 30	0
4 34	22
4 35	7
4 39	49
5 2	35
5 4	34
5 7	25
5 13	36
5 28	47
5 32	0
5 33	23
5 36	1
5 39	8
5 40	38
5 46	11
5 48	13
5 49	15
6 0	11
6 1	42
6 2	45
6 9	48
6 17	12
6 21	30
6 25	10
6 35	14
6 45	25
6 47	4
7 3	28
7 7	36
7 17	44
7 26	33
7 27	2
7 28	19
7 34	39
7 35	1
7 46	13
7 48	21
8 4	47
8 5	46
8 9	8
8 11	34
8 12	7
8 13	13
8 22	28
8 26	35
8 27	9
8 29	1
8 31	12
8 32	18
8 36	5
8 39	17
8 40	0
8 41	42
9 5	17
9 10	8
9 23	45
9 24	9
9 33	24
9 36	40
9 38	11
9 41	4
9 43	12
9 46	26
9 49	22
10 0	4
10 8	48
10 11	39
10 13	42
10 16	20
10 18	33
10 20	34
10 22	16
10 24	25
10 25	11
10 28	44
10 29	18
10 30	10
10 31	37
10 38	17
10 41	13
10 44	3
10 45	32
10 46	29
10 47	2
10 49	8
11 0	25
11 2	15
11 12	28
11 15	0
11 25	2
11 26	11
11 31	38
11 38	45
11 41	8
11 46	34
11 48	4
11 49	48
12 0	5
12 8	3
12 10	45
12 13	9
12 18	38
12 20	47
12 30	11
12 31	21
12 34	34
12 35	44
12 37	1
12 40	4
12 47	17
13 2	12
13 9	30
13 14	26
13 15	8
13 19	36
13 22	47
13 26	43
13 29	39
13 33	44
13 37	14
13 38	5
13 40	35
13 41	49
13 43	2
13 46	16
13 48	7
14 2	39
14 4	27
14 5	14
14 9	4
14 10	15
14 11	24
14 14	25
14 15	2
14 26	44
14 27	10
14 33	48
14 34	33
14 35	46
14 38	35
14 39	12
14 45	36
14 46	20
15 0	3
15 2	17
15 4	26
15 7	38
15 8	27
15 9	40
15 10	5
15 12	11
15 13	22
15 17	19
15 22	20
15 27	12
15 36	45
15 39	48
15 45	14
15 49	34
16 0	23
16 5	37
16 9	28
16 16	19
16 19	21
16 20	41
16 22	31
16 37	40
16 39	13
16 43	14
16 46	27
16 47	42
17 5	42
17 12	37
17 13	21
17 16	25
17 19	45
17 26	15
17 27	20
17 28	46
17 29	44
17 33	14
17 39	40
17 43	48
17 45	30
17 46	18
18 3	19
18 4	7
18 6	42
18 12	17
18 13	0
18 14	18
18 15	38
18 16	21
18 19	11
18 21	10
18 25	14
18 28	29
18 36	2
18 38	9
18 41	35
18 44	46
18 47	25
18 48	12
19 1	40
19 2	37
19 7	33
19 8	23
19 10	46
19 12	13
19 13	3
19 15	42
19 17	8
19 21	22
19 28	39
19 31	34
19 32	20
19 33	12
19 40	31
19 42	11
19 46	15
19 47	26
19 48	18
19 49	25
20 3	45
20 11	40
20 17	32
20 19	10
20 22	23
20 23	38
20 25	39
20 29	5
20 30	6
20 32	46
20 34	29
20 38	16
20 39	26
20 42	48
20 45	19
21 0	46
21 4	31
21 8	39
21 9	0
21 11	29
21 12	45
21 15	15
21 21	14
21 22	5
21 24	24
21 25	12
21 29	40
21 32	32
21 35	19
21 37	23
21 38	43
21 45	10
21 47	20
22 0	34
22 3	11
22 8	46
22 9	43
22 10	16
22 11	26
22 12	32
22 14	27
22 15	4
22 18	36
22 23	20
22 27	35
22 29	9
22 32	47
22 33	18
22 35	3
22 36	25
22 40	15
22 45	22
22 46	33
22 49	39
23 6	16
23 16	12
23 19	35
23 21	18
23 25	8
23 26	24
23 28	48
23 34	3
23 35	34
23 36	0
23 38	21
23 40	14
23 41	46
23 48	2
23 49	47
24 5	12
24 6	8
24 11	47
24 13	43
24 15	1
24 19	38
24 21	31
24 24	15
24 26	37
24 28	40
24 29	23
24 31	45
24 35	20
24 42	2
24 44	36
24 45	46
25 3	0
25 9	38
25 10	41
25 15	21
25 17	33
25 18	42
25 21	27
25 23	10
25 26	32
25 27	31
25 31	24
25 32	23
25 34	7
25 39	18
25 42	3
25 44	30
26 4	33
26 7	49
26 10	10
26 11	19
26 12	34
26 15	14
26 17	20
26 19	32
26 22	45
26 24	18
26 29	7
26 33	5
26 40	11
26 43	30
26 45	23
26 46	42
27 2	4
27 4	39
27 5	13
27 8	41
27 15	27
27 17	47
27 20	10
27 22	48
27 25	31
27 30	17
27 31	49
27 34	40
27 36	16
27 38	24
27 40	19
27 44	11
28 7	2
28 8	42
28 11	16
28 18	10
28 20	22
28 23	9
28 24	20
28 29	8
28 30	13
28 35	24
28 39	14
28 40	39
28 41	27
28 47	29
29 6	31
29 7	30
29 10	2
29 14	5
29 17	14
29 19	7
29 22	4
29 23	24
29 24	47
29 26	17
29 28	9
29 33	11
29 34	44
29 36	32
29 45	27
30 1	38
30 12	31
30 15	40
30 16	39
30 19	27
30 23	42
30 24	33
30 26	16
30 36	26
30 37	15
30 42	17
31 4	12
31 7	31
31 13	40
31 14	38
31 19	17
31 23	22
31 24	46
31 26	34
31 29	13
31 30	25
31 32	30
31 33	21
31 35	15
31 41	45
31 47	28
31 48	8
32 0	0
32 5	20
32 6	30
32 7	7
32 8	1
32 9	16
32 12	3
32 17	9
32 21	49
32 23	12
32 24	21
32 26	19
32 33	43
32 34	25
32 36	17
32 37	38
32 41	33
32 43	26
32 46	22
32 49	44
33 0	17
33 1	28
33 7	18
33 9	20
33 12	14
33 13	48
33 15	46
33 16	33
33 18	16
33 24	22
33 36	8
34 2	40
34 3	16
34 5	22
34 7	11
34 14	35
34 15	44
34 16	3
34 21	32
34 28	0
34 30	8
34 33	13
34 34	14
34 37	7
34 42	20
34 47	48
34 48	45
35 4	40
35 15	13
35 20	8
35 22	24
35 25	26
35 29	16
35 38	46
35 40	17
35 42	43
35 47	41
36 1	18
36 2	0
36 3	26
36 12	39
36 13	30
36 17	43
36 23	29
36 29	20
36 32	24
36 36	15
36 40	6
36 43	1
36 44	48
36 45	42
36 49	7
37 0	41
37 4	6
37 8	14
37 10	49
37 15	20
37 18	7
37 19	22
37 25	42
37 31	33
37 35	38
37 37	48
37 40	28
37 43	27
37 44	45
38 5	41
38 8	29
38 9	3
38 22	14
38 25	34
38 31	27
38 38	39
38 41	22
38 43	38
38 45	1
38 47	19
38 48	23
39 5	28
39 8	13
39 12	35
39 16	10
39 18	24
39 33	42
39 36	14
39 38	1
39 40	16
39 42	4
39 44	7
39 46	38
40 8	31
40 9	10
40 10	38
40 12	19
40 22	3
40 23	26
40 25	40
40 29	11
40 30	24
40 33	9
40 35	43
40 38	33
40 39	45
40 40	7
40 43	25
40 44	21
40 47	0
41 0	42
41 7	29
41 11	36
41 17	5
41 19	20
41 20	24
41 24	0
41 35	40
41 46	3
41 47	13
42 2	47
42 3	46
42 8	44
42 11	25
42 15	30
42 16	5
42 18	0
42 19	4
42 21	38
42 26	13
42 27	49
42 30	20
42 36	39
42 39	23
42 42	32
42 45	11
42 46	48
42 48	28
43 4	28
43 5	11
43 6	48
43 7	47
43 8	10
43 11	1
43 12	5
43 13	12
43 18	23
43 21	3
43 22	38
43 24	42
43 26	21
43 29	36
43 32	16
43 35	29
43 39	43
43 45	34
43 46	40
43 47	14
43 48	37
44 0	32
44 5	10
44 7	39
44 8	22
44 11	38
44 13	17
44 14	34
44 20	30
44 22	27
44 25	37
44 33	40
44 47	3
44 48	44
45 1	47
45 2	20
45 3	48
45 4	1
45 9	31
45 11	17
45 18	9
45 19	46
45 20	28
45 22	41
45 33	6
45 35	16
45 36	29
45 42	8
45 43	39
45 45	33
45 49	14
46 2	22
46 4	16
46 5	5
46 11	2
46 19	3
46 20	39
46 21	15
46 23	14
46 24	13
46 29	4
46 33	10
46 39	42
46 40	27
46 43	37
46 45	28
46 46	49
46 49	21
47 5	21
47 9	37
47 10	17
47 11	44
47 14	20
47 17	39
47 18	12
47 23	25
47 24	34
47 25	13
47 26	10
47 35	28
47 36	43
47 39	3
47 47	23
48 3	31
48 6	28
48 10	29
48 14	0
48 15	23
48 16	46
48 17	34
48 25	25
48 27	15
48 30	33
48 31	48
48 34	4
48 35	41
48 42	22
48 43	42
48 48	43
49 4	25
49 6	14
49 15	6
49 20	11
49 27	28
49 30	49
49 34	43
49 41	34
49 45	8
