50
0 0	6
0 1	7
0 2	15
0 3	20
0 5	31
0 6	18
0 7	3
0 9	41
0 11	8
0 12	34
0 13	35
0 15	2
0 16	49
0 18	43
0 19	26
0 20	10
0 21	29
0 23	33
0 24	39
0 25	12
0 26	16
0 27	47
0 28	17
0 29	45
0 30	44
0 31	14
0 33	30
0 35	38
0 36	19
0 37	36
0 38	23
0 39	42
0 41	0
0 42	27
0 43	46
0 45	1
0 46	9
0 47	21
0 48	4
0 49	40
1 0	41
1 1	20
1 2	36
1 3	21
1 4	31
1 5	5
1 7	1
1 8	38
1 9	24
1 11	14
1 12	35
1 13	30
1 14	0
1 15	45
1 16	48
1 18	42
1 19	28
1 20	49
1 21	19
1 22	6
1 24	18
1 25	23
1 27	32
1 28	3
1 31	2
1 32	44
1 33	7
1 34	25
1 36	9
1 37	34
1 38	10
1 39	22
1 40	11
1 41	46
1 42	8
1 43	17
1 44	40
1 46	13
1 47	12
1 48	16
1 49	33
2 1	32
2 2	29
2 3	25
2 4	20
2 6	17
2 7	38
2 8	45
2 10	49
2 11	15
2 12	27
2 13	41
2 15	24
2 16	47
2 17	34
2 18	23
2 20	18
2 21	46
2 22	42
2 23	30
2 24	13
2 25	8
2 26	3
2 27	37
2 29	6
2 30	36
2 32	16
2 33	1
2 34	5
2 35	14
2 36	0
2 37	4
2 38	22
2 39	48
2 40	21
2 41	26
2 42	35
2 43	33
2 44	12
2 45	40
2 46	10
2 47	9
2 48	43
2 49	44
3 0	8
3 1	23
3 2	48
3 3	29
3 4	4
3 5	1
3 6	15
3 8	16
3 9	12
3 10	44
3 13	24
3 14	49
3 15	21
3 16	22
3 17	47
3 18	37
3 21	3
3 22	25
3 23	5
3 24	2
3 25	36
3 27	14
3 29	18
3 30	17
3 31	10
3 32	9
3 33	33
3 34	13
3 37	30
3 38	28
3 39	26
3 40	35
3 41	20
3 42	7
3 43	27
3 44	34
3 45	32
3 46	0
3 47	43
3 48	19
3 49	31
4 0	32
4 3	3
4 5	9
4 6	10
4 7	45
4 8	19
4 9	28
4 10	25
4 11	5
4 12	33
4 13	12
4 14	4
4 15	23
4 16	11
4 17	35
4 18	41
4 19	40
4 20	0
4 21	42
4 22	8
4 23	27
4 24	14
4 25	30
4 26	48
4 27	2
4 28	20
4 29	39
4 30	16
4 31	29
4 32	7
4 33	43
4 36	36
4 37	17
4 38	46
4 39	18
4 40	22
4 42	21
4 43	15
4 44	49
4 46	26
4 47	44
4 49	24
5 1	8
5 2	44
5 3	5
5 5	40
5 6	25
5 7	22
5 8	42
5 9	19
5 10	32
5 11	35
5 12	21
5 13	17
5 14	18
5 15	3
5 18	26
5 19	49
5 20	13
5 21	14
5 22	23
5 23	7
5 24	1
5 25	43
5 26	10
5 28	4
5 29	33
5 30	20
5 31	39
5 32	41
5 33	24
5 34	36
5 35	15
5 36	29
5 37	12
5 38	16
5 39	11
5 40	48
5 41	28
5 42	6
5 43	38
5 44	0
5 45	31
5 46	45
5 48	2
5 49	37
6 0	14
6 1	27
6 2	20
6 3	43
6 5	42
6 6	9
6 8	46
6 9	49
6 10	16
6 12	7
6 13	23
6 14	39
6 15	13
6 16	18
6 17	11
6 18	44
6 19	4
6 20	24
6 21	35
6 22	2
6 23	45
6 24	10
6 25	40
6 26	34
6 27	33
6 28	47
6 29	36
6 30	1
6 31	41
6 32	30
6 33	31
6 34	6
6 35	21
6 37	26
6 38	48
6 39	17
6 41	15
6 42	38
6 44	8
6 45	29
6 46	22
6 48	5
6 49	12
7 1	47
7 2	6
7 4	7
7 5	8
7 6	42
7 7	33
7 8	27
7 9	40
7 10	2
7 11	39
7 12	9
7 13	38
7 16	10
7 17	16
7 18	20
7 19	32
7 20	46
7 21	34
7 22	41
7 24	0
7 25	24
7 26	18
7 27	13
7 29	25
7 30	35
7 31	45
7 33	48
7 34	19
7 36	31
7 38	26
7 39	43
7 40	30
7 41	23
7 42	5
7 44	37
7 45	22
7 46	11
7 47	1
7 48	36
7 49	29
8 0	4
8 1	13
8 3	41
8 4	21
8 5	32
8 7	49
8 8	30
8 9	23
8 10	36
8 11	18
8 13	40
8 14	6
8 17	37
8 18	3
8 19	16
8 20	29
8 22	34
8 23	2
8 25	9
8 26	33
8 27	35
8 28	19
8 30	26
8 31	48
8 33	28
8 34	47
8 35	42
8 36	25
8 37	5
8 38	27
8 39	20
8 40	44
8 41	1
8 44	46
8 45	39
8 46	38
8 47	31
8 48	45
8 49	7
9 0	24
9 1	2
9 2	34
9 3	46
9 4	18
9 5	30
9 6	3
9 7	37
9 8	1
9 9	20
9 11	23
9 12	0
9 14	28
9 15	31
9 16	6
9 17	36
9 18	48
9 19	9
9 21	44
9 22	10
9 23	11
9 24	15
9 25	38
9 27	12
9 28	25
9 29	5
9 30	21
9 31	27
9 32	43
9 33	4
9 35	7
9 40	40
9 41	41
9 45	17
9 46	8
9 47	13
9 48	42
9 49	47
10 0	31
10 1	26
10 2	18
10 3	8
10 4	41
10 6	4
10 7	46
10 8	23
10 9	15
10 11	44
10 12	11
10 13	19
10 14	24
10 15	27
10 16	33
10 17	10
10 19	20
10 21	43
10 22	45
10 23	17
10 24	21
10 26	9
10 27	25
10 28	28
10 29	29
10 30	3
10 31	1
10 32	13
10 33	38
10 34	37
10 35	40
10 37	35
10 38	2
10 39	47
10 40	36
10 41	42
10 42	39
10 43	48
10 44	16
10 45	12
10 46	49
10 49	30
11 0	47
11 1	25
11 2	11
11 3	1
11 4	22
11 5	44
11 7	14
11 8	18
11 10	45
11 11	28
11 12	5
11 15	12
11 16	32
11 18	6
11 19	17
11 22	7
11 23	40
11 24	30
11 25	33
11 26	2
11 27	0
11 28	43
11 30	15
11 31	4
11 32	23
11 34	35
11 35	39
11 36	8
11 37	13
11 38	19
11 40	46
11 41	9
11 42	48
11 43	42
11 44	21
11 46	31
11 47	26
11 48	34
11 49	36
12 1	36
12 2	7
12 3	24
12 4	28
12 5	0
12 6	38
12 7	11
12 8	14
12 9	33
12 10	39
12 11	19
12 12	40
12 13	43
12 14	20
12 15	46
12 16	35
12 17	21
12 19	10
12 20	27
12 23	18
12 24	47
12 26	17
12 27	5
12 28	29
12 29	4
12 30	13
12 31	34
12 32	12
12 34	3
12 35	16
12 36	23
12 37	22
12 38	42
12 39	45
12 40	32
12 41	48
12 42	30
12 43	1
12 44	6
12 45	37
12 46	2
12 47	25
12 49	9
13 0	38
13 1	21
13 2	3
13 4	10
13 5	6
13 6	20
13 7	29
13 8	36
13 10	15
13 11	12
13 12	13
13 13	37
13 14	44
13 15	43
13 16	23
13 17	31
13 18	34
13 19	45
13 20	28
13 21	47
13 22	49
13 23	48
13 25	32
13 26	19
13 27	18
13 28	26
13 30	5
13 31	8
13 32	46
13 33	16
13 34	39
13 35	33
13 36	30
13 37	7
13 38	24
13 40	17
13 41	2
13 42	1
13 43	40
13 44	4
13 45	42
13 48	22
13 49	25
14 0	21
14 1	39
14 3	26
14 5	17
14 6	5
14 7	48
14 9	10
14 10	43
14 11	41
14 12	42
14 13	4
14 17	2
14 18	22
14 19	47
14 21	12
14 23	9
14 24	40
14 25	13
14 26	32
14 28	46
14 29	24
14 30	38
14 31	11
14 33	18
14 34	15
14 35	36
14 36	16
14 38	7
14 39	0
14 40	27
14 41	37
14 42	28
14 43	35
14 44	44
14 45	23
14 46	3
14 48	25
14 49	8
15 0	19
15 1	46
15 3	33
15 4	38
15 5	18
15 7	0
15 8	22
15 9	5
15 10	34
15 11	13
15 13	48
15 14	47
15 15	49
15 16	27
15 17	12
15 19	1
15 20	26
15 21	45
15 22	37
15 23	36
15 24	4
15 25	41
15 26	21
15 27	24
15 28	9
15 29	2
15 30	32
15 32	8
15 33	10
15 34	20
15 35	30
15 36	42
15 37	44
15 39	39
15 40	43
15 41	35
15 42	3
15 44	29
15 45	25
15 46	14
15 47	23
15 48	7
15 49	17
16 0	20
16 1	15
16 3	11
16 4	27
16 5	48
16 6	0
16 8	33
16 9	44
16 10	35
16 11	17
16 12	19
16 13	31
16 14	14
16 15	29
16 16	42
16 17	46
16 18	45
16 19	5
16 21	1
16 22	18
16 23	22
16 24	12
16 26	47
16 27	34
16 28	16
16 29	8
16 30	37
16 31	3
16 32	26
16 34	7
16 35	28
16 36	24
16 37	2
16 38	39
16 40	41
16 41	6
16 43	25
16 45	36
16 46	40
16 47	38
16 48	49
17 0	40
17 1	29
17 2	32
17 3	38
17 4	12
17 6	21
17 7	20
17 9	4
17 10	3
17 13	39
17 14	33
17 15	8
17 16	16
17 17	1
17 18	9
17 19	22
17 21	30
17 22	47
17 23	37
17 24	28
17 25	42
17 27	49
17 28	6
17 29	0
17 34	41
17 35	17
17 36	43
17 37	48
17 38	5
17 39	7
17 40	2
17 41	34
17 42	13
17 43	44
17 44	26
17 45	19
17 47	27
17 48	10
18 0	22
18 1	3
18 2	43
18 4	42
18 5	12
18 6	41
18 7	8
18 8	0
18 10	14
18 11	26
18 12	45
18 13	1
18 14	48
18 17	23
18 18	27
18 21	21
18 22	4
18 23	25
18 25	31
18 28	40
18 29	30
18 30	18
18 31	35
18 33	46
18 34	17
18 35	32
18 36	34
18 37	11
18 40	29
18 41	19
18 42	37
18 45	6
18 46	20
18 48	39
18 49	10
19 0	16
19 3	10
19 5	3
19 6	44
19 7	27
19 9	34
19 10	38
19 11	49
19 12	47
19 13	28
19 14	17
19 15	26
19 16	15
19 17	7
19 18	11
19 19	23
19 20	48
19 21	5
19 22	9
19 23	42
19 24	41
19 25	21
19 26	24
19 27	40
19 28	1
19 29	46
19 31	13
19 32	18
19 33	8
19 35	22
19 36	12
19 38	31
19 40	20
19 41	14
19 42	36
19 43	37
19 44	39
19 45	2
19 46	29
19 47	45
19 49	32
20 0	34
20 1	33
20 2	42
20 3	48
20 5	37
20 6	36
20 7	44
20 8	9
20 10	12
20 11	6
20 12	20
20 13	5
20 14	27
20 17	30
20 18	25
20 19	39
20 20	11
20 21	16
20 24	43
20 25	10
20 27	23
20 28	13
20 29	21
20 30	14
20 31	47
20 32	31
20 34	49
20 36	41
20 37	29
20 38	0
20 39	8
20 40	7
20 42	32
20 43	22
20 45	26
20 46	24
20 47	17
20 49	28
21 0	1
21 2	31
21 3	42
21 4	43
21 5	4
21 6	33
21 7	10
21 8	40
21 9	39
21 10	21
21 11	20
21 13	13
21 14	9
21 15	47
21 18	28
21 19	46
21 20	8
21 22	16
21 23	3
21 25	27
21 27	19
21 30	22
21 32	2
21 33	15
21 34	24
21 36	5
21 37	38
21 38	34
21 39	29
21 40	6
21 42	18
21 43	7
21 44	14
21 45	44
21 47	30
21 48	35
21 49	49
22 1	34
22 3	4
22 4	30
22 6	12
22 7	36
22 8	29
22 9	32
22 10	24
22 11	47
22 12	39
22 13	14
22 14	5
22 16	38
22 18	18
22 20	9
22 21	41
22 22	19
22 23	49
22 24	46
22 25	3
22 26	23
22 27	20
22 28	7
22 30	0
22 31	17
22 33	6
22 34	45
22 35	37
22 36	48
22 37	16
22 38	44
22 39	31
22 40	42
22 45	10
22 47	22
22 48	15
22 49	13
23 0	48
23 1	24
23 2	10
23 3	7
23 4	9
23 5	28
23 7	26
23 8	49
23 12	6
23 13	2
23 14	1
23 15	37
23 16	4
23 17	13
23 18	39
23 19	36
23 20	25
23 21	38
23 22	43
23 23	15
23 24	5
23 25	47
23 26	40
23 27	41
23 29	31
23 30	42
23 32	20
23 33	35
23 34	12
23 35	29
23 36	18
23 37	21
23 40	16
23 41	11
23 42	45
23 43	23
23 44	19
23 45	3
23 46	17
23 48	27
23 49	46
24 1	0
24 2	45
24 3	19
24 4	24
24 5	49
24 8	11
24 9	25
24 10	10
24 12	12
24 13	15
24 14	35
24 15	38
24 16	31
24 17	22
24 18	5
24 19	18
24 20	36
24 21	7
24 22	27
24 23	32
24 26	46
24 27	6
24 28	41
24 29	17
24 31	40
24 33	20
24 34	9
24 35	13
24 36	3
24 37	23
24 38	37
24 39	28
24 40	14
24 42	29
24 43	4
24 46	30
24 48	26
24 49	39
25 1	48
25 2	49
25 3	22
25 4	36
25 5	25
25 7	41
25 8	43
25 10	18
25 11	45
25 12	30
25 13	21
25 14	34
25 15	5
25 16	20
25 17	4
25 18	16
25 20	39
25 21	10
25 22	46
25 23	24
25 24	7
25 25	28
25 26	42
25 27	11
25 28	33
25 29	3
25 30	9
25 31	44
25 32	17
25 33	12
25 35	8
25 36	2
25 37	0
25 38	15
25 39	40
25 40	26
25 41	47
25 42	31
25 43	6
25 44	23
25 45	13
25 46	37
25 47	32
25 48	1
25 49	14
26 0	33
26 1	5
26 2	21
26 3	17
26 4	49
26 5	36
26 6	31
26 8	3
26 9	26
26 10	42
26 11	16
26 12	23
26 13	47
26 14	43
26 15	39
26 19	29
26 20	15
26 21	40
26 22	1
26 23	19
26 25	18
26 28	2
26 29	32
26 30	6
26 31	25
26 32	37
26 33	0
26 35	27
26 36	4
26 37	28
26 38	20
26 39	30
26 40	9
26 41	24
26 42	10
26 45	46
26 47	35
26 48	11
26 49	22
27 1	35
27 2	26
27 3	32
27 4	37
27 5	16
27 6	34
27 7	12
27 9	17
27 10	19
27 12	38
27 13	0
27 15	7
27 16	25
27 18	46
27 19	30
27 20	5
27 21	31
27 23	29
27 24	48
27 25	49
27 26	41
27 28	24
27 29	11
27 30	4
27 31	9
27 32	45
27 34	2
27 35	6
27 36	14
27 38	8
27 40	15
27 41	36
27 43	10
27 44	33
27 45	47
27 46	18
27 47	40
27 48	23
28 0	46
28 3	31
28 5	33
28 7	42
28 8	35
28 9	38
28 10	8
28 11	24
28 12	28
28 13	3
28 14	36
28 16	5
28 17	17
28 19	6
28 20	14
28 22	26
28 23	16
28 24	19
28 26	30
28 27	39
28 28	11
28 29	41
28 31	0
28 32	10
28 33	22
28 34	40
28 36	7
28 37	18
28 39	13
28 40	23
28 41	49
28 42	47
28 43	29
28 46	44
28 47	2
28 48	9
28 49	48
29 0	29
29 1	18
29 2	23
29 5	22
29 6	40
29 7	30
29 8	25
29 10	46
29 11	10
29 12	3
29 13	6
29 14	8
29 15	16
29 16	21
29 17	14
29 18	38
29 19	27
29 21	13
29 23	43
29 24	37
29 25	39
29 26	15
29 28	34
29 29	9
29 30	2
29 31	32
29 33	41
29 35	5
29 37	33
29 38	1
29 39	49
29 41	12
29 42	19
29 43	45
29 44	36
29 48	44
29 49	11
30 0	2
30 1	10
30 2	27
30 3	45
30 4	3
30 6	43
30 7	13
30 9	1
30 10	48
30 11	29
30 12	18
30 13	46
30 14	16
30 15	6
30 16	12
30 17	8
30 18	24
30 19	15
30 22	30
30 23	28
30 25	14
30 26	7
30 27	4
30 28	22
30 29	35
30 30	34
30 31	33
30 33	40
30 34	11
30 35	26
30 36	47
30 37	42
30 38	9
30 39	37
30 40	19
30 41	32
30 42	44
30 43	0
30 44	31
30 46	39
30 47	5
30 48	17
30 49	38
31 0	15
31 1	16
31 2	0
31 4	34
31 6	22
31 7	28
31 8	6
31 9	47
31 10	4
31 11	7
31 12	29
31 13	44
31 14	10
31 15	30
31 16	26
31 17	25
31 18	49
31 22	32
31 25	35
31 26	1
31 27	3
31 28	27
31 29	19
31 30	23
31 31	37
31 35	31
31 36	21
31 37	46
31 38	13
31 39	36
31 40	38
31 41	40
31 42	33
31 43	2
31 44	17
31 45	24
31 46	43
31 47	42
31 48	20
31 49	5
32 1	19
32 2	22
32 3	34
32 4	11
32 6	16
32 7	40
32 9	37
32 11	2
32 12	36
32 14	7
32 15	14
32 16	41
32 19	31
32 20	3
32 22	5
32 23	8
32 24	42
32 25	20
32 26	38
32 27	46
32 28	35
32 30	30
32 31	23
32 32	6
32 33	47
32 34	44
32 35	43
32 36	32
32 37	9
32 38	18
32 39	12
32 40	10
32 41	25
32 42	0
32 43	39
32 44	24
32 47	33
32 48	48
32 49	4
33 0	26
33 1	14
33 2	40
33 4	45
33 5	41
33 6	23
33 7	35
33 8	8
33 9	2
33 10	17
33 11	32
33 12	48
33 13	36
33 14	11
33 15	19
33 16	46
33 17	44
33 18	4
33 19	21
33 20	16
33 21	28
33 22	0
33 23	13
33 26	6
33 27	29
33 28	31
33 29	37
33 31	42
33 32	47
33 33	27
33 34	22
33 35	3
33 36	20
33 39	34
33 40	18
33 41	39
33 43	5
33 46	33
33 47	15
33 48	12
33 49	1
34 0	7
34 1	49
34 2	14
34 5	13
34 6	27
34 7	43
34 8	2
34 11	22
34 12	37
34 13	18
34 14	40
34 15	34
34 16	17
34 17	15
34 20	20
34 21	36
34 23	44
34 24	32
34 25	26
34 26	8
34 27	9
34 29	42
34 30	28
34 31	19
34 32	4
34 33	11
34 34	1
34 35	46
34 37	31
34 38	45
34 39	21
34 40	3
34 41	29
34 43	16
34 44	47
34 45	35
34 46	6
34 47	0
34 48	33
34 49	41
35 0	12
35 1	22
35 2	33
35 5	26
35 6	2
35 7	18
35 8	17
35 9	42
35 12	16
35 13	10
35 16	39
35 17	0
35 18	35
35 19	34
35 20	47
35 22	38
35 23	20
35 25	48
35 26	44
35 27	36
35 28	8
35 29	13
35 30	49
35 31	24
35 32	3
35 33	19
35 34	28
35 35	9
35 36	45
35 37	1
35 38	25
35 39	32
35 40	37
35 41	5
35 42	46
35 43	31
35 44	15
35 45	30
35 48	14
35 49	43
36 0	39
36 1	44
36 2	28
36 3	40
36 5	24
36 6	48
36 7	23
36 9	14
36 10	7
36 11	3
36 12	2
36 14	42
36 16	13
36 17	5
36 18	19
36 19	0
36 20	37
36 21	9
36 22	15
36 23	38
36 25	17
36 26	11
36 27	31
36 29	43
36 31	22
36 33	32
36 35	1
36 37	41
36 39	25
36 40	47
36 41	16
36 43	34
36 44	20
36 45	8
36 46	46
36 47	6
36 49	18
37 0	5
37 2	2
37 3	14
37 4	1
37 5	38
37 6	39
37 7	47
37 8	10
37 9	36
37 10	27
37 11	46
37 12	4
37 13	22
37 15	42
37 16	37
37 17	26
37 18	32
37 20	23
37 21	18
37 23	12
37 24	25
37 25	6
37 26	0
37 27	17
37 28	49
37 29	34
37 30	11
37 31	28
37 33	21
37 34	30
37 35	24
37 37	19
37 39	15
37 40	13
37 41	44
37 42	9
37 43	20
37 44	45
37 45	48
37 46	7
37 48	31
37 49	16
38 0	36
38 1	31
38 2	9
38 3	37
38 4	17
38 6	28
38 7	7
38 8	12
38 9	46
38 10	26
38 12	49
38 14	38
38 15	0
38 17	3
38 18	47
38 20	45
38 21	33
38 23	6
38 24	44
38 25	22
38 27	16
38 29	20
38 30	41
38 32	29
38 33	5
38 34	23
38 35	25
38 36	11
38 37	24
38 39	1
38 41	27
38 42	15
38 44	32
38 45	18
38 46	19
38 47	10
38 48	40
38 49	42
39 0	35
39 1	11
39 3	49
39 4	2
39 5	47
39 6	6
39 7	15
39 8	13
39 11	43
39 12	14
39 13	34
39 14	26
39 15	18
39 16	28
39 17	41
39 18	17
39 19	12
39 20	7
39 21	37
39 22	21
39 23	31
39 27	22
39 28	5
39 29	38
39 30	40
39 31	16
39 32	24
39 33	25
39 34	42
39 35	10
39 36	44
39 37	8
39 38	3
39 39	33
39 40	1
39 41	4
39 42	23
39 43	19
39 45	0
39 47	20
39 48	46
39 49	27
40 0	9
40 1	38
40 3	39
40 4	44
40 5	27
40 6	46
40 7	4
40 8	24
40 9	45
40 10	23
40 11	30
40 12	10
40 15	20
40 16	7
40 17	48
40 18	29
40 19	13
40 21	6
40 22	22
40 23	35
40 27	1
40 28	0
40 30	8
40 32	49
40 33	42
40 34	21
40 35	11
40 36	26
40 37	14
40 39	41
40 41	31
40 43	36
40 45	5
40 46	34
40 47	37
40 48	28
40 49	15
41 0	10
41 1	9
41 2	1
41 4	5
41 5	39
41 6	13
41 7	19
41 10	40
41 11	38
41 12	31
41 13	16
41 14	21
41 15	28
41 17	29
41 18	8
41 21	23
41 23	14
41 24	49
41 25	2
41 26	4
41 27	45
41 28	32
41 29	15
41 30	47
41 31	20
41 33	34
41 34	26
41 35	18
41 36	27
41 37	37
41 38	33
41 39	46
41 40	25
41 41	7
41 42	22
41 44	41
41 45	43
41 47	36
41 48	6
41 49	0
42 0	0
42 3	6
42 4	23
42 5	10
42 6	32
42 7	5
42 8	37
42 9	43
42 10	11
42 11	33
42 12	44
42 13	7
42 15	9
42 16	40
42 17	42
42 18	14
42 19	3
42 20	30
42 22	13
42 23	21
42 25	46
42 27	15
42 28	36
42 29	16
42 30	19
42 31	31
42 32	34
42 34	29
42 35	12
42 36	1
42 37	47
42 38	49
42 39	27
42 40	39
42 41	22
42 42	41
42 44	2
42 45	45
42 46	28
42 47	48
42 49	35
43 0	18
43 2	41
43 3	44
43 4	26
43 6	7
43 7	16
43 8	47
43 9	6
43 10	37
43 11	31
43 13	42
43 14	45
43 15	1
43 16	30
43 17	39
43 19	35
43 21	22
43 23	10
43 25	25
43 26	5
43 27	28
43 29	27
43 30	48
43 31	15
43 32	0
43 33	49
43 34	43
43 35	2
43 36	33
43 38	38
43 39	23
43 40	8
43 41	13
43 44	3
43 45	4
43 46	21
43 47	46
43 48	29
43 49	20
44 0	25
44 1	42
44 2	4
44 3	12
44 4	48
44 5	45
44 6	19
44 7	17
44 8	39
44 10	28
44 11	34
44 12	8
44 13	9
44 14	13
44 15	22
44 16	29
44 17	6
44 18	2
44 19	7
44 21	20
44 22	44
44 24	35
44 25	11
44 26	36
44 28	15
44 29	49
44 30	31
44 31	46
44 32	32
44 33	14
44 34	18
44 35	0
44 36	37
44 37	3
44 38	21
44 39	24
44 40	5
44 41	10
44 42	40
44 43	30
44 44	1
44 46	16
44 47	41
44 48	47
44 49	26
45 0	45
45 1	17
45 2	46
45 3	16
45 4	14
45 6	26
45 7	39
45 8	44
45 9	21
45 10	31
45 12	1
45 13	20
45 14	30
45 17	33
45 20	22
45 21	32
45 22	24
45 24	29
45 25	37
45 26	13
45 27	48
45 28	42
45 29	7
45 30	25
45 31	38
45 32	19
45 33	3
45 34	0
45 35	35
45 37	15
45 38	47
45 40	49
45 41	8
45 42	12
45 43	43
45 45	9
45 46	5
45 47	28
45 49	2
46 3	15
46 4	33
46 7	32
46 8	41
46 9	18
46 10	0
46 11	9
46 12	17
46 13	45
46 14	23
46 15	44
46 16	19
46 17	24
46 18	7
46 19	2
46 20	1
46 21	11
46 22	29
46 23	26
46 24	31
46 25	16
46 27	21
46 28	48
46 29	47
46 30	46
46 31	36
46 32	22
46 33	13
46 34	27
46 37	39
46 38	43
46 39	5
46 40	12
46 42	20
46 43	8
46 44	10
46 45	14
46 46	25
46 47	4
46 49	34
47 0	43
47 1	41
47 2	5
47 3	13
47 4	0
47 5	15
47 6	1
47 7	24
47 8	32
47 9	7
47 10	30
47 11	25
47 12	26
47 13	33
47 14	19
47 15	48
47 16	9
47 17	18
47 18	40
47 19	37
47 20	42
47 21	17
47 22	28
47 24	20
47 25	29
47 27	44
47 28	10
47 29	22
47 30	12
47 31	49
47 32	38
47 33	36
47 35	23
47 37	6
47 38	11
47 39	16
47 42	2
47 44	35
47 45	27
47 46	4
47 47	39
47 49	3
48 0	37
48 1	28
48 2	25
48 3	36
48 4	8
48 5	14
48 6	24
48 7	31
48 8	7
48 9	3
48 11	42
48 12	32
48 13	11
48 14	12
48 15	35
48 16	43
48 18	30
48 20	21
48 22	17
48 23	1
48 24	16
48 26	22
48 28	23
48 30	39
48 31	5
48 32	27
48 33	29
48 34	46
48 35	48
48 37	40
48 38	6
48 42	34
48 43	26
48 45	41
48 46	47
48 47	18
48 48	13
48 49	19
49 0	23
49 3	47
49 4	16
49 5	20
49 6	29
49 7	9
49 8	26
49 11	40
49 13	32
49 14	46
49 15	41
49 16	14
49 17	19
49 19	25
49 20	31
49 21	27
49 23	0
49 24	38
49 25	15
49 26	37
49 27	42
49 28	18
49 30	7
49 31	43
49 33	44
49 35	34
49 36	13
49 37	10
49 39	2
49 40	28
49 41	30
49 42	17
49 44	5
49 46	35
49 47	3
49 48	21
