50
0 1	43
0 3	45
0 8	44
0 9	4
0 12	20
0 15	39
0 16	41
0 20	46
0 29	34
0 37	31
0 38	0
0 49	3
1 0	6
1 7	8
1 12	19
1 13	31
1 15	35
1 16	46
1 18	11
1 19	15
1 21	13
1 26	47
1 29	41
1 30	3
1 33	4
1 34	28
1 37	5
1 41	10
1 44	7
1 45	22
1 48	21
1 49	1
2 0	22
2 1	41
2 2	32
2 3	13
2 6	45
2 10	39
2 13	38
2 16	35
2 18	47
2 29	7
2 30	28
2 37	9
2 39	30
2 43	14
2 49	0
3 2	29
3 3	44
3 8	32
3 15	7
3 17	36
3 18	1
3 20	23
3 24	13
3 26	16
3 29	5
3 30	43
3 35	2
3 42	30
3 48	6
4 2	35
4 5	20
4 9	36
4 15	10
4 20	7
4 21	44
4 23	3
4 26	17
4 28	47
4 32	16
4 33	18
4 34	46
4 35	8
4 39	5
4 41	6
4 44	40
4 49	38
5 1	3
5 3	38
5 5	14
5 17	42
5 18	44
5 20	32
5 21	2
5 22	47
5 24	22
5 34	25
5 37	30
5 38	9
5 44	19
5 45	35
6 6	17
6 14	0
6 15	5
6 16	30
6 17	10
6 18	33
6 19	34
6 21	20
6 22	13
6 25	49
6 29	21
6 33	14
6 36	42
6 42	9
6 43	27
7 5	38
7 9	3
7 12	46
7 14	30
7 15	44
7 22	7
7 29	26
7 33	23
7 38	10
7 39	4
7 40	0
7 41	18
7 42	39
7 43	5
7 47	40
8 1	19
8 5	31
8 9	45
8 14	17
8 20	2
8 26	32
8 28	10
8 31	46
8 32	24
8 34	27
8 36	15
8 39	18
8 40	23
8 45	6
9 3	32
9 6	22
9 9	40
9 12	43
9 23	38
9 26	30
9 29	16
9 32	23
9 33	20
9 34	26
9 35	18
9 36	13
9 41	34
9 46	45
9 47	36
10 2	5
10 5	3
10 12	0
10 17	20
10 20	30
10 21	12
10 23	10
10 24	38
10 29	39
10 33	19
10 35	41
10 37	18
10 38	42
10 42	17
10 47	22
10 49	37
11 0	30
11 1	44
11 7	11
11 14	47
11 18	38
11 20	8
11 26	48
11 31	6
11 32	36
11 33	32
11 34	31
11 36	20
11 38	41
11 42	33
11 43	42
12 3	1
12 4	30
12 9	35
12 11	48
12 13	45
12 16	14
12 24	10
12 26	5
12 28	19
12 32	3
12 36	40
12 41	38
12 42	13
12 48	37
13 3	48
13 4	23
13 5	22
13 9	21
13 15	12
13 21	16
13 30	18
13 35	10
13 37	42
13 38	47
13 45	37
13 47	4
14 1	14
14 6	29
14 16	6
14 18	13
14 19	11
14 23	32
14 30	16
14 31	23
14 32	10
14 36	34
14 37	3
14 40	1
14 41	20
14 49	27
15 1	15
15 5	13
15 11	34
15 12	2
15 19	38
15 22	40
15 24	17
15 26	19
15 27	7
15 28	23
15 30	36
15 36	11
15 38	43
15 39	0
15 40	49
15 41	48
15 45	5
16 0	25
16 1	47
16 7	6
16 12	37
16 13	46
16 16	24
16 17	11
16 21	28
16 22	1
16 24	12
16 27	14
16 28	26
16 33	35
16 34	22
16 35	4
16 40	41
16 42	40
17 3	39
17 7	17
17 13	15
17 14	43
17 16	36
17 17	19
17 26	34
17 28	28
17 29	38
17 31	7
17 33	9
17 38	6
17 39	11
17 44	45
17 48	23
18 2	1
18 3	3
18 5	46
18 9	30
18 12	35
18 17	5
18 18	17
18 19	44
18 20	48
18 27	12
18 28	42
18 29	24
18 31	32
18 32	13
18 39	45
19 1	16
19 5	24
19 6	11
19 13	0
19 14	26
19 21	22
19 22	8
19 23	15
19 28	9
19 31	42
19 33	28
19 48	41
20 5	36
20 6	7
20 10	8
20 11	33
20 12	12
20 13	41
20 14	21
20 22	19
20 27	47
20 35	1
20 40	32
20 42	24
20 45	14
20 49	16
21 3	29
21 4	38
21 7	23
21 8	25
21 16	26
21 17	40
21 19	46
21 20	17
21 21	3
21 22	0
21 30	49
21 31	2
21 37	41
21 38	19
21 39	48
22 6	26
22 12	44
22 17	28
22 18	29
22 19	10
22 20	1
22 26	23
22 32	18
22 33	46
22 34	6
22 43	22
22 45	49
22 49	14
23 4	37
23 7	19
23 11	20
23 12	13
23 14	7
23 16	0
23 17	44
23 18	16
23 22	25
23 24	18
23 25	24
23 34	48
23 37	47
23 38	15
23 39	17
23 41	11
23 45	9
23 46	12
24 0	19
24 1	34
24 2	2
24 5	23
24 17	22
24 23	9
24 24	16
24 27	29
24 32	21
24 34	13
24 37	48
24 41	15
24 42	12
24 44	17
24 46	4
24 48	30
24 49	6
25 2	36
25 3	15
25 4	7
25 5	43
25 7	5
25 10	44
25 11	6
25 12	14
25 14	19
25 15	38
25 16	48
25 19	32
25 23	2
25 33	12
25 35	35
25 36	27
25 37	40
25 38	24
25 43	8
25 44	41
25 47	20
25 48	25
26 9	48
26 12	23
26 13	49
26 15	3
26 16	9
26 21	7
26 25	2
26 33	8
26 38	36
26 40	30
26 41	17
26 44	0
27 5	44
27 15	15
27 16	25
27 22	48
27 24	4
27 25	13
27 27	49
27 30	2
27 32	45
27 34	33
27 35	14
27 39	21
27 40	17
27 42	47
27 44	29
28 0	2
28 5	37
28 15	43
28 16	45
28 17	1
28 21	10
28 24	23
28 26	12
28 31	34
28 34	38
28 39	49
28 47	17
29 1	1
29 6	49
29 11	23
29 17	12
29 18	22
29 19	16
29 22	9
29 24	32
29 26	11
29 28	48
29 29	25
29 30	29
29 31	28
29 32	8
29 33	38
29 36	21
29 37	14
29 45	18
30 2	21
30 4	35
30 9	12
30 15	45
30 16	44
30 18	7
30 20	6
30 21	1
30 28	24
30 29	48
30 34	30
30 42	10
30 43	17
30 46	47
31 3	23
31 6	34
31 10	49
31 11	24
31 14	10
31 15	0
31 17	18
31 19	7
31 21	32
31 24	42
31 28	11
31 29	13
31 30	8
31 37	33
31 40	12
31 43	26
31 48	15
32 0	14
32 1	5
32 4	6
32 8	19
32 11	45
32 12	7
32 20	13
32 24	21
32 26	15
32 28	0
32 29	47
32 30	1
32 37	29
32 41	49
32 44	46
32 45	2
32 49	20
33 0	5
33 2	48
33 3	0
33 4	32
33 6	1
33 7	35
33 9	22
33 16	11
33 17	23
33 23	37
33 24	40
33 31	44
33 44	8
33 45	10
33 48	7
34 0	9
34 4	17
34 5	34
34 8	38
34 15	2
34 17	15
34 18	21
34 19	0
34 23	22
34 25	35
34 26	45
34 30	12
34 41	19
34 42	14
34 43	48
34 47	41
35 0	46
35 2	26
35 4	49
35 9	44
35 10	41
35 14	24
35 20	28
35 23	7
35 24	31
35 26	25
35 30	32
35 31	8
35 33	39
35 43	36
35 44	34
35 48	48
36 9	17
36 11	41
36 17	21
36 18	2
36 19	14
36 25	3
36 27	9
36 29	32
36 45	11
36 47	0
37 4	4
37 5	33
37 10	21
37 21	40
37 24	8
37 26	20
37 27	36
37 31	15
37 36	43
37 37	34
37 38	44
37 39	28
37 40	16
37 42	1
37 43	18
37 44	14
37 46	41
37 48	0
38 1	25
38 3	6
38 6	2
38 10	24
38 11	47
38 12	41
38 16	7
38 20	27
38 21	35
38 23	48
38 25	12
38 29	11
38 36	37
38 37	8
38 42	32
38 44	4
38 47	19
39 0	24
39 1	37
39 5	48
39 10	23
39 11	8
39 15	18
39 19	49
39 22	36
39 23	28
39 29	10
39 30	26
39 33	43
39 35	31
39 42	5
39 43	0
39 44	25
39 45	7
39 47	11
40 0	45
40 1	22
40 7	42
40 9	13
40 18	5
40 20	38
40 30	44
40 36	12
40 42	23
40 44	37
40 46	36
41 8	20
41 12	38
41 19	26
41 20	21
41 21	11
41 22	34
41 27	22
41 32	7
41 37	28
41 40	19
41 41	44
41 44	15
41 48	43
42 0	31
42 2	46
42 7	33
42 9	25
42 11	1
42 14	3
42 27	5
42 30	21
42 32	12
42 33	29
42 34	44
42 38	45
42 40	10
42 43	35
42 44	42
42 46	19
42 49	23
43 1	46
43 7	4
43 8	23
43 9	28
43 13	20
43 19	25
43 21	34
43 23	1
43 26	2
43 27	42
43 31	3
43 35	37
43 38	35
43 40	33
43 41	43
43 42	36
43 43	24
43 46	11
44 1	6
44 4	22
44 6	41
44 10	19
44 16	20
44 18	12
44 22	3
44 27	24
44 30	4
44 31	16
44 37	13
44 43	10
45 7	43
45 12	3
45 15	37
45 18	48
45 19	13
45 23	25
45 27	31
45 28	38
45 33	33
45 35	0
45 38	40
45 41	27
45 48	34
45 49	12
46 3	26
46 4	1
46 12	34
46 13	32
46 15	23
46 17	13
46 20	3
46 35	40
46 39	20
46 40	9
46 43	21
46 45	24
46 46	8
47 0	29
47 2	22
47 6	10
47 15	17
47 19	23
47 23	45
47 29	12
47 31	0
47 38	14
47 39	38
47 40	47
47 41	39
47 43	11
47 44	43
47 49	32
48 5	0
48 6	33
48 10	5
48 11	37
48 13	25
48 15	21
48 18	4
48 19	31
48 21	15
48 28	36
48 29	44
48 39	1
48 41	12
48 42	19
49 1	26
49 3	34
49 4	13
49 8	9
49 12	21
49 13	8
49 14	23
49 16	29
49 28	18
49 36	48
49 42	45
