50
0 0	26
0 1	48
0 2	41
0 4	44
0 5	36
0 7	12
0 9	9
0 10	8
0 11	34
0 14	13
0 15	23
0 17	4
0 18	30
0 20	10
0 21	11
0 23	45
0 24	47
0 25	43
0 26	42
0 28	33
0 29	35
0 30	19
0 32	25
0 33	46
0 35	37
0 37	38
0 38	17
0 40	40
0 41	22
0 42	39
0 43	49
0 45	0
0 47	24
0 49	18
1 2	7
1 3	34
1 4	13
1 5	33
1 7	4
1 9	20
1 10	2
1 12	44
1 14	41
1 15	26
1 16	32
1 18	43
1 21	40
1 22	1
1 23	35
1 24	49
1 25	24
1 28	15
1 29	21
1 33	18
1 35	48
1 36	14
1 37	23
1 38	30
1 40	9
1 41	6
1 42	46
1 43	29
1 44	19
1 45	31
2 1	40
2 2	0
2 3	18
2 4	33
2 5	5
2 6	12
2 7	29
2 8	21
2 9	19
2 10	3
2 11	23
2 13	36
2 14	30
2 15	2
2 16	38
2 17	16
2 18	46
2 20	43
2 21	6
2 22	47
2 23	37
2 24	20
2 25	14
2 26	35
2 28	44
2 31	11
2 32	10
2 33	13
2 36	39
2 38	24
2 39	27
2 40	25
2 41	1
2 43	48
2 44	26
2 45	7
2 46	15
2 47	34
2 48	41
2 49	28
3 0	35
3 1	46
3 2	14
3 3	31
3 4	4
3 7	3
3 8	0
3 9	45
3 10	39
3 11	30
3 12	47
3 14	11
3 15	8
3 16	26
3 17	18
3 18	29
3 19	6
3 20	19
3 22	34
3 24	23
3 26	41
3 27	36
3 29	1
3 33	43
3 34	49
3 35	20
3 36	9
3 37	24
3 38	15
3 39	7
3 40	37
3 41	33
3 43	16
3 45	25
3 46	21
3 47	27
3 49	22
4 0	47
4 1	14
4 2	4
4 3	44
4 4	0
4 7	5
4 9	42
4 13	26
4 14	25
4 15	48
4 17	28
4 18	45
4 19	33
4 21	35
4 22	24
4 23	1
4 24	34
4 25	27
4 26	40
4 27	11
4 28	36
4 30	3
4 31	29
4 32	2
4 33	6
4 34	23
4 37	7
4 38	46
4 39	30
4 40	8
4 41	41
4 43	15
4 44	12
4 45	32
4 46	13
4 47	10
5 0	32
5 1	42
5 3	39
5 4	7
5 5	16
5 9	48
5 11	2
5 12	30
5 15	19
5 16	15
5 18	6
5 19	0
5 20	41
5 21	33
5 25	25
5 27	43
5 28	22
5 29	26
5 30	12
5 32	49
5 33	1
5 34	37
5 35	11
5 36	3
5 37	31
5 38	9
5 41	40
5 46	35
5 47	47
5 48	17
6 0	39
6 1	13
6 4	26
6 5	14
6 7	7
6 9	25
6 10	22
6 11	42
6 12	9
6 13	8
6 14	27
6 17	1
6 18	2
6 19	12
6 21	38
6 24	44
6 25	18
6 26	17
6 30	10
6 32	11
6 35	46
6 37	43
6 38	4
6 39	24
6 40	47
6 42	32
6 43	20
6 44	49
6 45	29
6 46	19
6 47	48
6 48	3
6 49	6
7 0	13
7 1	20
7 3	14
7 4	31
7 5	37
7 7	11
7 9	34
7 13	23
7 17	24
7 18	4
7 20	25
7 21	5
7 22	12
7 25	40
7 27	10
7 29	32
7 30	43
7 31	21
7 32	0
7 33	26
7 34	41
7 35	47
7 37	27
7 39	48
7 41	9
7 42	1
7 43	42
7 44	2
7 45	17
7 46	39
7 47	6
7 48	49
7 49	8
8 0	44
8 1	26
8 2	1
8 3	5
8 6	24
8 7	34
8 10	46
8 11	47
8 13	16
8 14	7
8 15	14
8 16	37
8 17	45
8 19	20
8 20	27
8 21	43
8 24	30
8 25	35
8 26	38
8 27	48
8 28	28
8 29	25
8 31	0
8 32	31
8 33	19
8 34	6
8 35	23
8 36	42
8 37	40
8 38	22
8 39	49
8 40	11
8 41	13
8 42	33
8 44	29
8 45	9
8 46	36
8 47	12
8 49	21
9 0	10
9 1	35
9 3	49
9 4	24
9 5	23
9 6	25
9 7	33
9 8	9
9 9	29
9 10	17
9 11	37
9 12	0
9 13	14
9 14	28
9 15	44
9 16	6
9 17	7
9 19	34
9 24	41
9 25	48
9 26	16
9 27	40
9 29	46
9 30	18
9 31	1
9 32	22
9 33	21
9 35	43
9 36	20
9 37	3
9 38	11
9 39	36
9 40	39
9 42	47
9 43	19
9 44	38
9 45	45
9 46	5
9 47	4
9 48	32
9 49	13
10 0	5
10 1	22
10 2	31
10 6	46
10 7	8
10 9	47
10 10	42
10 11	3
10 12	10
10 14	6
10 15	17
10 16	48
10 17	34
10 19	38
10 20	20
10 22	18
10 24	32
10 25	21
10 26	33
10 28	25
10 29	16
10 31	39
10 32	1
10 33	27
10 35	41
10 36	19
10 37	37
10 38	40
10 39	15
10 40	36
10 41	30
10 42	26
10 43	12
10 47	11
10 48	23
10 49	4
11 0	22
11 2	9
11 3	42
11 4	29
11 5	38
11 6	44
11 7	19
11 9	0
11 10	4
11 11	15
11 12	27
11 13	12
11 14	49
11 15	35
11 16	21
11 17	26
11 18	3
11 21	8
11 22	20
11 23	47
11 24	25
11 25	10
11 26	11
11 27	46
11 31	48
11 32	33
11 34	34
11 35	24
11 36	37
11 37	13
11 38	28
11 39	18
11 40	23
11 42	6
11 43	5
11 44	16
11 45	41
11 46	32
11 47	30
11 48	2
11 49	1
12 1	33
12 2	39
12 3	45
12 4	2
12 5	41
12 6	19
12 7	42
12 8	11
12 9	8
12 10	14
12 12	22
12 13	21
12 16	13
12 18	40
12 19	31
12 20	28
12 23	7
12 25	20
12 26	9
12 29	34
12 30	35
12 36	47
12 37	44
12 38	36
12 39	0
12 40	16
12 41	18
12 43	27
12 45	46
12 46	10
12 48	15
12 49	24
13 0	18
13 2	43
13 3	25
13 5	39
13 6	6
13 7	1
13 8	13
13 10	31
13 11	11
13 12	41
13 13	34
13 14	0
13 15	20
13 16	17
13 17	22
13 18	19
13 19	37
13 20	36
13 22	30
13 24	45
13 25	4
13 27	23
13 28	26
13 29	28
13 33	7
13 34	3
13 37	14
13 39	35
13 40	46
13 41	8
13 43	32
13 44	47
13 46	9
13 47	40
13 48	44
14 0	29
14 2	23
14 3	28
14 4	48
14 5	13
14 7	45
14 8	26
14 9	5
14 10	24
14 12	40
14 13	49
14 14	4
14 15	25
14 16	46
14 17	21
14 18	17
14 20	14
14 21	19
14 22	15
14 23	2
14 24	11
14 25	39
14 26	37
14 27	6
14 28	34
14 29	22
14 31	33
14 32	16
14 33	31
14 34	43
14 35	18
14 36	44
14 37	32
14 38	0
14 39	12
14 40	38
14 41	20
14 43	9
14 44	36
14 46	47
14 47	8
14 49	10
15 0	7
15 1	27
15 2	37
15 4	5
15 5	1
15 6	38
15 9	30
15 10	45
15 11	35
15 13	44
15 14	16
15 18	24
15 21	20
15 22	14
15 23	4
15 24	12
15 25	9
15 26	46
15 28	21
15 29	43
15 30	0
15 32	28
15 34	39
15 37	49
15 38	47
15 39	8
15 40	42
15 41	10
15 42	41
15 43	26
15 45	3
15 47	22
16 0	40
16 1	23
16 2	12
16 4	22
16 5	7
16 6	13
16 8	25
16 10	32
16 12	43
16 14	21
16 15	4
16 16	41
16 17	49
16 19	35
16 20	33
16 23	26
16 24	48
16 26	28
16 27	19
16 32	45
16 33	5
16 34	38
16 35	17
16 36	0
16 38	8
16 39	47
16 40	15
16 42	42
16 47	9
16 49	34
17 1	4
17 3	46
17 4	36
17 5	9
17 6	41
17 7	16
17 9	21
17 10	7
17 12	37
17 13	19
17 15	27
17 16	23
17 17	2
17 20	47
17 21	10
17 22	43
17 24	13
17 25	1
17 26	8
17 29	40
17 30	34
17 31	28
17 33	35
17 35	6
17 38	32
17 39	22
17 40	33
17 41	42
17 42	45
17 43	39
17 44	20
17 46	0
17 48	26
18 0	42
18 1	47
18 2	27
18 3	0
18 4	18
18 5	32
18 6	16
18 8	20
18 12	2
18 13	39
18 15	28
18 16	22
18 17	10
18 18	33
18 19	46
18 21	30
18 22	11
18 26	6
18 27	41
18 28	4
18 29	38
18 31	12
18 32	24
18 33	48
18 35	49
18 36	40
18 37	19
18 39	34
18 40	21
18 42	17
18 43	8
18 44	14
18 47	37
18 48	9
18 49	35
19 1	11
19 3	47
19 4	1
19 5	46
19 6	33
19 7	49
19 8	43
19 9	41
19 10	29
19 11	12
19 12	7
19 13	28
19 14	39
19 16	8
19 19	5
19 21	14
19 22	44
19 23	10
19 24	40
19 25	3
19 29	48
19 30	26
19 31	9
19 32	6
19 33	42
19 34	32
19 35	30
19 36	23
19 37	34
19 38	21
19 42	2
19 45	4
19 46	37
19 47	25
19 48	16
19 49	36
20 1	29
20 2	44
20 3	13
20 4	35
20 5	15
20 6	36
20 7	6
20 8	19
20 13	41
20 14	33
20 15	38
20 17	11
20 18	9
20 19	43
20 21	7
20 22	37
20 24	14
20 26	1
20 28	30
20 30	22
20 31	45
20 32	20
20 34	26
20 35	0
20 37	12
20 39	2
20 40	10
20 41	4
20 44	39
20 46	42
20 48	24
20 49	32
21 0	30
21 2	3
21 4	14
21 5	19
21 7	27
21 8	1
21 12	48
21 13	25
21 14	22
21 15	43
21 17	35
21 19	13
21 20	12
21 21	28
21 22	49
21 23	5
21 24	17
21 28	32
21 30	41
21 31	47
21 32	39
21 33	44
21 34	10
21 35	33
21 36	15
21 37	42
21 38	37
21 40	18
21 42	11
21 43	46
21 44	21
21 45	34
21 46	24
21 47	23
21 48	4
21 49	31
22 0	16
22 2	45
22 5	47
22 6	29
22 7	37
22 8	22
22 9	28
22 10	20
22 11	0
22 12	34
22 14	18
22 16	43
22 17	38
22 20	35
22 22	36
22 24	24
22 25	6
22 26	14
22 27	32
22 28	48
22 30	25
22 32	13
22 33	9
22 34	44
22 35	39
22 36	31
22 39	42
22 40	27
22 41	7
22 42	5
22 43	17
22 44	15
22 45	11
22 46	40
22 49	30
23 0	17
23 1	16
23 3	23
23 4	30
23 5	34
23 6	40
23 7	38
23 8	6
23 9	24
23 10	21
23 11	13
23 12	12
23 13	9
23 14	8
23 15	5
23 17	47
23 18	49
23 20	4
23 21	18
23 24	31
23 25	29
23 27	1
23 28	0
23 29	20
23 31	46
23 32	37
23 34	42
23 36	22
23 38	14
23 39	19
23 40	45
23 41	36
23 42	43
23 43	33
23 44	25
23 45	35
23 47	32
23 48	11
24 0	0
24 1	39
24 3	37
24 5	48
24 6	4
24 7	46
24 8	33
24 9	35
24 10	47
24 11	28
24 12	24
24 13	40
24 14	12
24 15	45
24 16	10
24 18	38
24 19	21
24 20	7
24 22	16
24 24	26
24 25	23
24 26	15
24 27	2
24 28	13
24 29	8
24 30	44
24 31	30
24 32	34
24 34	29
24 35	14
24 36	36
24 37	9
24 38	25
24 39	41
24 41	32
24 42	18
24 43	43
24 44	11
24 45	20
24 46	22
24 48	1
24 49	19
25 2	34
25 3	20
25 4	41
25 7	39
25 9	6
25 11	17
25 15	13
25 16	42
25 17	12
25 18	36
25 20	45
25 21	15
25 22	0
25 23	21
25 25	22
25 26	48
25 27	4
25 28	46
25 29	10
25 30	11
25 32	47
25 34	18
25 35	31
25 36	32
25 37	2
25 40	1
25 42	30
25 43	14
25 44	40
25 45	26
25 46	27
25 48	8
25 49	37
26 0	37
26 1	38
26 2	28
26 3	12
26 4	20
26 5	22
26 6	3
26 12	32
26 13	30
26 14	15
26 15	49
26 16	40
26 17	36
26 18	13
26 20	18
26 22	9
26 23	24
26 25	47
26 26	26
26 27	44
26 28	19
26 29	6
26 30	8
26 31	25
26 33	0
26 34	1
26 36	10
26 37	4
26 39	45
26 40	43
26 41	11
26 42	48
26 44	5
26 46	7
26 47	16
26 48	35
27 3	19
27 4	43
27 5	27
27 6	0
27 7	40
27 8	49
27 9	44
27 10	15
27 11	46
27 12	18
27 13	37
27 19	26
27 20	2
27 21	12
27 22	35
27 24	29
27 26	13
27 27	20
27 29	11
27 30	17
27 31	4
27 32	48
27 34	36
27 35	38
27 37	22
27 38	45
27 40	3
27 42	23
27 43	6
27 46	1
27 49	7
28 0	49
28 2	16
28 3	48
28 6	11
28 7	35
28 9	43
28 10	12
28 11	26
28 12	13
28 13	5
28 14	31
28 15	6
28 16	30
28 17	33
28 18	25
28 19	39
28 20	9
28 22	28
28 23	8
28 24	27
28 26	45
28 29	2
28 31	24
28 32	36
28 34	7
28 35	44
28 36	38
28 37	47
28 38	18
28 40	29
28 41	14
28 43	23
28 45	22
28 47	21
28 48	19
28 49	46
29 2	47
29 4	16
29 7	0
29 8	30
29 9	3
29 10	13
29 13	7
29 14	35
29 16	49
29 17	25
29 18	21
29 19	44
29 20	24
29 24	5
29 26	31
29 28	27
29 29	12
29 30	32
29 31	40
29 33	23
29 36	18
29 38	26
29 39	9
29 40	34
29 42	37
29 43	36
29 44	46
29 45	19
29 46	38
29 47	20
29 48	28
29 49	42
30 1	28
30 2	18
30 3	24
30 4	34
30 5	21
30 6	43
30 7	9
30 9	38
30 11	39
30 15	42
30 17	23
30 20	26
30 22	13
30 24	2
30 26	36
30 28	14
30 29	41
30 31	8
30 32	35
30 33	29
30 36	7
30 37	15
30 39	33
30 40	20
30 41	37
30 42	40
30 43	22
30 44	45
30 46	12
30 47	19
30 48	0
30 49	47
31 0	41
31 1	45
31 2	40
31 4	46
31 5	2
31 6	22
31 8	35
31 9	32
31 10	23
31 11	14
31 12	36
31 14	38
31 15	0
31 16	20
31 17	15
31 18	42
31 19	18
31 22	19
31 23	48
31 24	1
31 25	7
31 26	34
31 30	30
31 31	31
31 32	4
31 33	47
31 34	25
31 35	28
31 36	33
31 37	6
31 38	3
31 40	12
31 41	26
31 42	24
31 48	10
32 3	7
32 4	11
32 5	3
32 9	18
32 10	33
32 12	17
32 13	31
32 14	9
32 16	45
32 18	16
32 19	48
32 20	6
32 21	47
32 22	40
32 23	32
32 24	43
32 25	44
32 27	14
32 28	35
32 31	20
32 35	19
32 36	49
32 37	26
32 38	41
32 39	29
32 40	4
32 41	12
32 43	2
32 44	10
32 45	42
32 46	30
32 47	13
33 0	33
33 2	11
33 3	3
33 5	18
33 6	23
33 7	15
33 8	14
33 9	7
33 10	1
33 11	5
33 12	38
33 14	47
33 16	39
33 17	27
33 18	41
33 20	17
33 21	9
33 22	22
33 23	19
33 24	16
33 25	0
33 26	25
33 27	37
33 28	12
33 29	30
33 30	36
33 31	32
33 33	10
33 34	2
33 35	8
33 36	6
33 37	45
33 39	43
33 41	35
33 42	13
33 44	34
33 45	24
33 46	20
33 48	21
34 0	4
34 5	49
34 7	31
34 8	7
34 10	36
34 11	19
34 14	20
34 15	30
34 16	12
34 18	37
34 19	9
34 20	15
34 21	29
34 23	43
34 24	10
34 25	5
34 26	21
34 27	42
34 30	46
34 31	35
34 32	23
34 34	48
34 36	41
34 37	33
34 39	6
34 40	32
34 41	25
34 42	34
34 43	0
34 44	24
34 47	28
34 48	27
34 49	14
35 0	1
35 1	44
35 4	25
35 5	0
35 6	49
35 8	12
35 11	32
35 12	14
35 13	47
35 15	29
35 16	34
35 19	45
35 22	31
35 24	33
35 27	27
35 28	39
35 29	9
35 31	19
35 32	43
35 33	24
35 34	35
35 35	7
35 37	30
35 38	20
35 41	17
35 43	37
35 48	42
36 0	43
36 1	7
36 2	46
36 5	35
36 7	30
36 8	24
36 9	10
36 10	37
36 11	27
36 12	42
36 13	6
36 14	17
36 16	47
36 17	19
36 18	11
36 20	1
36 22	41
36 23	20
36 24	4
36 25	36
36 26	12
36 27	22
36 28	18
36 29	39
36 30	5
36 32	29
36 34	31
36 36	26
36 37	28
36 38	23
36 39	25
36 40	14
36 41	0
36 42	16
36 43	3
36 47	15
36 49	44
37 0	45
37 1	30
37 5	8
37 6	28
37 7	43
37 8	18
37 12	26
37 16	24
37 17	9
37 18	10
37 19	1
37 20	13
37 21	2
37 22	39
37 24	0
37 25	49
37 27	7
37 28	40
37 30	23
37 31	41
37 32	21
37 33	12
37 35	16
37 37	46
37 38	44
37 41	3
37 42	38
37 43	34
37 44	33
37 45	36
37 46	17
37 47	31
37 48	22
37 49	20
38 0	38
38 1	34
38 2	36
38 4	17
38 5	29
38 6	8
38 8	15
38 9	37
38 10	0
38 12	46
38 14	14
38 16	27
38 17	20
38 18	31
38 21	24
38 23	39
38 24	9
38 25	11
38 27	12
38 29	18
38 31	3
38 33	45
38 34	13
38 35	10
38 36	48
38 37	25
38 38	6
38 39	23
38 44	42
38 45	43
38 46	41
38 47	35
38 48	5
39 1	0
39 2	15
39 3	32
39 6	2
39 7	36
39 8	45
39 9	39
39 10	16
39 11	10
39 13	17
39 14	40
39 16	4
39 17	14
39 18	23
39 19	29
39 20	31
39 22	6
39 24	3
39 25	19
39 29	33
39 30	24
39 32	12
39 34	5
39 35	35
39 36	1
39 37	11
39 38	27
39 39	26
39 40	44
39 41	21
39 42	25
39 43	13
39 47	46
39 48	38
39 49	43
40 1	19
40 2	20
40 3	33
40 4	21
40 6	27
40 7	14
40 8	41
40 9	11
40 10	43
40 11	49
40 12	4
40 13	0
40 14	42
40 16	7
40 17	37
40 18	39
40 19	10
40 20	34
40 21	3
40 22	17
40 23	13
40 24	35
40 25	32
40 26	44
40 27	30
40 30	1
40 32	9
40 34	24
40 35	5
40 36	16
40 37	36
40 38	38
40 39	46
40 40	2
40 41	48
40 42	12
40 43	40
40 44	18
40 46	28
40 47	45
40 49	29
41 0	14
41 1	37
41 2	49
41 3	10
41 4	19
41 5	12
41 7	44
41 8	23
41 10	48
41 11	33
41 12	29
41 13	15
41 14	24
41 15	41
41 16	35
41 17	32
41 18	47
41 19	40
41 21	26
41 22	25
41 24	18
41 25	28
41 27	13
41 29	45
41 31	16
41 34	9
41 35	36
41 37	0
41 39	21
41 40	22
41 41	46
41 44	6
41 45	2
41 46	11
41 47	3
41 49	17
42 0	11
42 4	12
42 5	20
42 8	31
42 9	46
42 11	8
42 12	1
42 13	45
42 14	44
42 15	37
42 17	41
42 18	34
42 19	16
42 20	23
42 24	22
42 25	15
42 26	29
42 28	47
42 29	27
42 30	48
42 31	7
42 32	3
42 33	28
42 34	40
42 36	5
42 37	35
42 38	2
42 39	4
42 40	6
42 41	19
42 42	49
42 43	38
42 44	17
42 45	30
42 46	43
42 47	36
42 48	14
42 49	0
43 0	48
43 2	5
43 3	38
43 5	25
43 7	24
43 9	13
43 10	10
43 11	9
43 12	31
43 13	20
43 14	2
43 15	1
43 16	19
43 17	43
43 18	0
43 19	47
43 21	44
43 22	27
43 24	42
43 25	30
43 27	35
43 28	16
43 30	21
43 31	26
43 32	18
43 33	14
43 34	4
43 35	15
43 36	46
43 37	8
43 38	12
43 40	7
43 41	39
43 43	45
43 45	33
43 47	49
43 49	41
44 0	19
44 2	32
44 3	4
44 4	6
44 5	42
44 9	33
44 10	41
44 11	20
44 12	25
44 14	3
44 15	9
44 17	30
44 18	12
44 22	26
44 23	0
44 25	37
44 26	49
44 28	10
44 30	40
44 31	18
44 32	46
44 33	2
44 34	17
44 35	13
44 38	35
44 39	16
44 41	28
44 43	1
44 44	31
44 45	39
44 47	14
44 48	45
44 49	48
45 0	6
45 3	11
45 4	27
45 5	45
45 6	31
45 11	4
45 12	35
45 13	46
45 14	10
45 15	15
45 16	1
45 17	17
45 18	14
45 20	21
45 21	25
45 22	8
45 27	26
45 28	5
45 29	29
45 30	47
45 32	41
45 35	42
45 36	13
45 39	37
45 40	0
45 42	44
45 44	9
45 45	18
45 46	3
46 0	2
46 1	8
46 2	25
46 3	36
46 5	6
46 6	32
46 7	22
46 8	4
46 9	15
46 10	19
46 11	24
46 12	16
46 13	33
46 15	34
46 16	18
46 17	29
46 18	44
46 20	5
46 23	17
46 24	21
46 25	13
46 26	30
46 28	20
46 31	43
46 33	11
46 34	46
46 36	12
46 37	39
46 39	38
46 41	31
46 45	47
46 46	14
46 48	40
47 0	27
47 2	33
47 3	43
47 5	11
47 6	10
47 8	48
47 9	12
47 10	35
47 11	44
47 12	5
47 15	24
47 16	28
47 17	0
47 18	18
47 19	15
47 21	41
47 22	4
47 23	36
47 25	42
47 28	23
47 29	14
47 30	20
47 31	13
47 32	30
47 33	16
47 35	25
47 36	45
47 37	29
47 38	39
47 39	40
47 40	49
47 41	2
47 42	31
47 43	47
47 46	46
47 47	17
47 48	6
47 49	9
48 1	25
48 2	17
48 3	35
48 4	40
48 6	37
48 7	2
48 8	38
48 9	27
48 10	5
48 11	43
48 12	49
48 13	18
48 14	1
48 15	33
48 16	14
48 17	39
48 18	22
48 19	8
48 21	0
48 22	32
48 24	46
48 25	34
48 26	23
48 27	9
48 28	24
48 29	42
48 30	45
48 31	44
48 33	20
48 34	21
48 35	29
48 38	19
48 39	13
48 40	28
48 41	47
48 42	36
48 43	10
48 44	41
48 45	15
48 47	7
49 0	23
49 2	2
49 4	49
49 6	14
49 8	47
49 9	22
49 10	11
49 11	38
49 12	28
49 13	48
49 16	9
49 17	46
49 18	1
49 19	30
49 20	42
49 21	32
49 24	6
49 26	20
49 27	16
49 28	8
49 29	7
49 30	13
49 31	27
49 33	36
49 35	45
49 36	34
49 37	41
49 39	39
49 42	3
49 44	4
49 46	26
49 47	0
