50
0 2	26
0 7	3
0 13	34
0 14	39
0 20	31
0 21	43
0 22	30
0 23	29
0 28	10
0 32	1
0 36	23
0 37	36
0 39	28
0 41	40
0 42	12
0 45	16
1 4	43
1 7	13
1 8	21
1 14	17
1 15	47
1 23	18
1 24	19
1 31	36
1 32	5
1 34	41
1 37	30
1 38	16
1 41	49
1 42	8
1 43	28
1 44	15
1 45	31
1 46	40
2 1	38
2 2	5
2 5	18
2 6	9
2 7	6
2 11	29
2 12	33
2 13	20
2 15	46
2 23	43
2 24	49
2 25	8
2 28	48
2 29	13
2 37	35
2 39	19
2 42	21
2 48	31
2 49	41
3 1	3
3 2	12
3 6	19
3 7	14
3 13	48
3 14	22
3 18	21
3 19	34
3 20	36
3 21	27
3 22	33
3 26	16
3 30	47
3 33	25
3 36	45
3 38	24
3 40	30
3 41	0
3 42	31
3 44	10
3 46	18
3 47	13
3 49	38
4 0	4
4 1	35
4 3	6
4 6	40
4 7	29
4 8	0
4 9	15
4 15	17
4 21	34
4 23	42
4 24	21
4 26	8
4 27	43
4 29	3
4 32	49
4 33	13
4 38	32
4 40	46
5 0	49
5 1	8
5 5	9
5 8	32
5 13	45
5 18	19
5 20	42
5 21	16
5 26	17
5 27	47
5 30	3
5 32	43
5 34	0
5 35	37
5 36	29
5 37	27
5 38	35
5 41	1
5 43	38
5 48	5
5 49	26
6 0	6
6 3	30
6 4	26
6 6	13
6 7	46
6 8	44
6 13	21
6 15	39
6 16	27
6 18	43
6 19	18
6 27	37
6 28	5
6 29	9
6 31	49
6 36	48
6 37	0
6 44	28
6 47	47
7 1	28
7 3	49
7 4	36
7 5	37
7 6	29
7 7	18
7 11	23
7 12	6
7 14	16
7 16	0
7 17	47
7 18	42
7 20	21
7 22	12
7 26	13
7 27	20
7 29	38
7 30	8
7 36	5
7 39	1
7 40	43
7 44	32
7 46	46
8 2	23
8 7	47
8 10	38
8 12	12
8 18	20
8 22	19
8 23	34
8 24	5
8 27	18
8 30	27
8 34	37
8 36	9
8 41	30
8 44	17
8 49	46
9 1	0
9 2	8
9 4	27
9 5	16
9 7	40
9 9	47
9 16	39
9 18	29
9 19	14
9 22	5
9 26	32
9 28	26
9 37	13
9 46	34
9 47	7
9 49	45
10 0	33
10 3	19
10 4	29
10 6	20
10 8	41
10 9	37
10 10	36
10 11	11
10 12	21
10 13	2
10 17	44
10 18	16
10 23	14
10 25	39
10 26	5
10 27	25
10 30	9
10 33	24
10 34	3
10 35	18
10 36	26
10 40	40
10 44	6
10 46	12
10 48	8
11 7	4
11 9	0
11 10	20
11 11	40
11 13	5
11 16	13
11 20	33
11 21	9
11 23	12
11 28	14
11 31	3
11 32	41
11 34	1
11 38	10
11 41	29
11 42	48
11 43	30
11 44	49
11 45	6
11 47	19
12 0	20
12 1	33
12 2	30
12 4	5
12 5	47
12 9	22
12 10	9
12 11	16
12 12	36
12 21	37
12 29	1
12 31	44
12 32	3
12 34	39
12 36	46
12 40	27
12 41	13
12 42	41
12 43	8
12 44	18
12 48	23
13 0	32
13 1	19
13 5	14
13 8	20
13 11	10
13 13	1
13 18	12
13 21	31
13 25	29
13 37	37
13 40	5
13 44	34
13 45	24
13 47	9
13 48	13
13 49	6
14 2	22
14 8	4
14 9	12
14 18	1
14 20	34
14 21	49
14 24	47
14 25	30
14 26	2
14 28	19
14 30	46
14 32	26
14 37	32
14 42	9
14 43	3
14 44	45
14 45	14
14 48	39
14 49	28
15 0	24
15 3	0
15 4	16
15 5	22
15 7	8
15 9	33
15 11	36
15 12	44
15 17	38
15 18	47
15 19	39
15 21	3
15 22	48
15 24	40
15 25	23
15 32	21
15 33	28
15 42	10
15 45	29
15 46	14
16 0	10
16 6	5
16 8	14
16 13	49
16 14	34
16 16	17
16 18	37
16 20	46
16 21	15
16 23	31
16 24	28
16 25	38
16 26	20
16 29	2
16 30	41
16 31	9
16 32	32
16 33	8
16 38	40
16 41	22
16 43	4
16 44	30
17 2	18
17 4	31
17 10	13
17 12	46
17 16	43
17 18	5
17 19	42
17 20	39
17 24	48
17 26	29
17 28	37
17 29	0
17 31	38
17 34	19
17 41	11
17 42	24
17 43	14
17 46	2
17 48	49
18 0	15
18 2	2
18 3	16
18 4	35
18 8	22
18 12	9
18 16	37
18 17	19
18 21	20
18 23	0
18 26	26
18 27	28
18 28	47
18 29	42
18 34	44
18 35	31
18 36	4
18 42	40
18 43	5
18 44	11
18 45	25
18 46	29
18 47	3
18 48	48
19 1	25
19 5	44
19 9	35
19 11	42
19 17	7
19 18	23
19 19	37
19 20	4
19 21	38
19 23	33
19 24	14
19 26	22
19 27	36
19 31	28
19 32	11
19 33	29
19 35	43
19 40	34
19 41	24
19 42	2
19 47	45
19 49	19
20 0	14
20 5	19
20 7	36
20 8	34
20 11	27
20 15	35
20 16	12
20 17	1
20 18	24
20 21	28
20 22	17
20 26	3
20 27	32
20 28	23
20 29	16
20 31	5
20 34	42
20 36	7
20 37	40
20 38	18
20 39	2
20 41	46
21 0	3
21 1	17
21 3	40
21 5	46
21 6	30
21 7	32
21 9	48
21 11	37
21 12	2
21 14	27
21 19	5
21 20	29
21 24	24
21 30	38
21 31	0
21 32	10
21 34	6
21 38	45
21 39	43
21 41	18
21 42	19
21 43	13
21 46	22
21 47	15
22 3	29
22 4	17
22 6	7
22 7	43
22 8	48
22 9	40
22 15	32
22 16	23
22 19	2
22 22	1
22 24	22
22 27	30
22 30	18
22 31	27
22 36	41
22 38	47
22 41	8
22 42	20
22 43	15
22 44	37
22 48	12
23 0	39
23 2	21
23 4	45
23 5	30
23 11	46
23 13	14
23 14	40
23 18	15
23 20	17
23 21	8
23 22	6
23 26	28
23 27	29
23 29	33
23 31	13
23 32	12
23 36	25
23 39	49
23 41	5
23 43	11
23 44	43
23 47	18
24 7	5
24 8	25
24 12	49
24 17	48
24 18	22
24 19	20
24 21	29
24 22	21
24 24	16
24 26	9
24 30	19
24 32	31
24 39	4
24 42	39
24 43	43
24 44	42
24 46	27
24 49	40
25 1	4
25 2	20
25 4	14
25 5	17
25 9	49
25 15	9
25 19	31
25 24	29
25 25	1
25 29	41
25 31	6
25 32	47
25 35	24
25 38	22
25 41	23
25 42	36
25 43	26
25 45	34
25 49	3
26 1	18
26 4	10
26 7	35
26 8	16
26 12	4
26 13	40
26 16	44
26 18	33
26 19	12
26 23	9
26 31	2
26 32	6
26 37	19
26 39	17
26 44	7
26 45	20
26 47	28
26 49	31
27 5	24
27 6	28
27 10	41
27 11	22
27 13	18
27 15	49
27 20	45
27 22	14
27 27	38
27 29	34
27 30	29
27 32	36
27 34	20
27 41	21
27 42	15
27 43	2
27 45	35
27 46	7
27 48	47
28 0	45
28 1	16
28 4	30
28 10	40
28 13	31
28 15	48
28 16	47
28 20	24
28 26	18
28 30	37
28 36	0
28 39	5
28 41	12
28 43	7
28 45	9
28 46	49
28 48	33
29 1	45
29 6	49
29 8	18
29 10	0
29 12	13
29 15	38
29 16	7
29 18	3
29 22	22
29 23	6
29 27	39
29 28	4
29 32	9
29 37	28
29 41	26
29 45	36
29 47	2
29 48	1
30 3	18
30 4	20
30 5	32
30 8	49
30 12	29
30 16	5
30 17	46
30 20	16
30 23	37
30 25	31
30 31	47
30 34	25
30 36	19
30 37	6
30 38	2
30 40	3
30 41	17
30 42	14
30 43	35
30 44	41
30 45	23
30 47	38
30 48	42
31 4	9
31 5	5
31 7	2
31 8	28
31 10	42
31 11	19
31 13	3
31 14	33
31 17	29
31 19	1
31 20	40
31 21	14
31 22	41
31 24	13
31 27	34
31 30	39
31 36	24
31 37	38
31 38	27
31 41	48
31 44	23
31 48	32
32 3	25
32 4	3
32 9	9
32 10	21
32 14	35
32 15	14
32 18	45
32 19	13
32 20	11
32 22	0
32 24	26
32 29	28
32 34	34
32 41	39
32 45	8
32 47	6
32 48	2
33 1	5
33 3	22
33 5	7
33 6	47
33 7	23
33 17	40
33 19	46
33 20	14
33 21	1
33 23	4
33 24	2
33 28	42
33 29	26
33 31	15
33 32	39
33 33	18
33 34	13
33 35	21
33 36	49
33 39	3
33 40	10
33 42	33
33 43	41
33 44	35
33 45	27
33 46	48
33 47	32
33 49	37
34 2	35
34 3	36
34 6	33
34 7	45
34 8	9
34 10	22
34 15	20
34 20	37
34 24	25
34 26	21
34 27	3
34 28	34
34 29	32
34 30	28
34 34	29
34 35	41
34 37	2
34 39	23
34 41	27
34 43	44
34 44	4
35 0	36
35 1	40
35 3	28
35 6	25
35 7	31
35 10	32
35 13	15
35 14	7
35 16	30
35 17	49
35 21	10
35 22	4
35 27	14
35 28	39
35 29	21
35 31	1
35 34	22
35 36	11
35 38	26
35 43	29
35 46	9
35 47	44
35 49	8
36 8	45
36 9	4
36 10	27
36 13	28
36 14	5
36 16	46
36 17	22
36 24	32
36 25	35
36 28	1
36 30	34
36 33	6
36 34	12
36 36	38
36 41	20
36 47	16
37 2	17
37 4	19
37 6	36
37 9	29
37 14	30
37 15	21
37 18	25
37 21	24
37 23	10
37 24	34
37 26	35
37 27	44
37 29	14
37 30	45
37 31	26
37 32	23
37 33	5
37 34	28
37 35	39
37 38	3
37 47	40
37 48	41
38 0	11
38 3	23
38 11	8
38 13	25
38 14	13
38 17	39
38 18	28
38 19	21
38 20	2
38 21	36
38 23	19
38 25	3
38 26	30
38 38	44
38 40	49
38 41	7
38 43	47
38 44	26
38 46	41
38 48	38
38 49	42
39 1	37
39 19	36
39 22	3
39 23	15
39 24	44
39 25	33
39 28	2
39 32	24
39 38	23
39 49	47
40 2	34
40 4	46
40 6	45
40 7	24
40 12	10
40 13	6
40 15	36
40 17	27
40 18	26
40 20	43
40 22	11
40 24	18
40 31	23
40 32	37
40 40	47
40 45	19
40 49	2
41 1	20
41 2	28
41 5	26
41 11	9
41 15	24
41 16	8
41 19	7
41 21	11
41 29	18
41 32	17
41 33	35
41 34	46
41 36	21
41 37	16
41 38	29
41 40	25
41 42	32
41 45	33
41 48	36
42 0	35
42 1	29
42 4	32
42 5	49
42 9	14
42 10	46
42 11	15
42 18	13
42 21	23
42 25	28
42 27	40
42 33	20
42 34	16
42 35	38
42 36	36
42 37	45
42 41	6
42 44	9
42 47	25
42 48	37
43 0	1
43 1	42
43 2	13
43 3	10
43 5	27
43 6	17
43 8	3
43 14	24
43 15	2
43 16	31
43 24	11
43 26	40
43 28	29
43 30	0
43 32	25
43 34	30
43 36	28
43 37	48
43 38	43
43 41	14
43 43	9
43 46	19
43 49	22
44 4	24
44 6	0
44 8	40
44 9	41
44 11	6
44 14	37
44 15	8
44 18	18
44 21	26
44 23	39
44 25	32
44 27	45
44 35	28
44 36	44
44 37	43
44 38	1
44 40	36
44 41	16
44 44	47
44 46	11
44 47	29
44 48	22
45 0	17
45 1	26
45 3	2
45 8	36
45 10	30
45 14	29
45 15	4
45 16	35
45 19	49
45 24	42
45 25	34
45 27	9
45 39	21
45 40	19
45 42	22
45 43	40
45 44	46
45 45	47
45 49	1
46 1	2
46 2	40
46 8	42
46 9	43
46 10	19
46 13	8
46 16	32
46 18	14
46 20	28
46 22	29
46 24	20
46 27	15
46 36	6
46 41	37
46 42	47
46 44	12
46 46	10
47 0	2
47 1	36
47 2	0
47 7	28
47 8	23
47 9	30
47 10	18
47 11	7
47 16	25
47 17	31
47 18	9
47 23	13
47 24	45
47 31	29
47 35	16
47 37	21
47 39	35
47 41	19
47 44	38
47 46	37
47 48	40
47 49	33
48 2	48
48 3	3
48 4	13
48 5	31
48 6	16
48 8	6
48 11	4
48 12	28
48 14	9
48 17	26
48 18	32
48 20	20
48 22	15
48 23	25
48 28	8
48 29	17
48 33	2
48 35	7
48 37	12
48 39	0
48 43	37
48 46	33
48 47	23
48 48	24
49 1	22
49 6	35
49 8	38
49 12	8
49 13	36
49 14	49
49 15	45
49 17	23
49 18	41
49 25	2
49 28	16
49 29	37
49 31	42
49 32	29
49 33	26
49 34	7
49 39	44
49 44	31
49 45	10
49 46	30
