50
0 0	11
0 2	41
0 4	24
0 5	31
0 9	27
0 10	37
0 11	3
0 21	15
0 23	5
0 24	38
0 26	17
0 27	20
0 30	6
0 31	39
0 32	19
0 33	25
0 34	12
0 39	29
0 40	2
0 42	36
0 43	1
0 44	10
0 45	45
0 49	13
1 0	42
1 1	31
1 4	25
1 7	34
1 8	26
1 9	40
1 11	14
1 14	28
1 15	10
1 16	23
1 19	3
1 21	17
1 22	39
1 23	24
1 24	0
1 28	37
1 29	32
1 30	9
1 31	1
1 32	13
1 35	7
1 37	8
1 38	18
1 39	16
1 41	27
1 42	49
1 44	44
1 45	46
1 47	48
1 48	4
1 49	11
2 1	40
2 2	3
2 4	14
2 10	16
2 14	25
2 15	48
2 19	31
2 20	11
2 22	15
2 23	4
2 24	33
2 26	34
2 28	18
2 35	21
2 36	44
2 38	39
2 40	24
2 41	17
2 42	26
2 45	41
2 46	38
2 47	43
2 48	47
2 49	12
3 0	49
3 2	0
3 3	17
3 4	27
3 6	41
3 7	22
3 9	42
3 17	14
3 19	19
3 21	43
3 22	25
3 29	45
3 34	8
3 36	15
3 37	21
3 38	11
3 41	46
3 42	20
3 44	26
3 46	6
3 47	36
3 48	29
3 49	39
4 1	16
4 4	44
4 5	17
4 6	48
4 7	37
4 11	15
4 13	12
4 14	14
4 15	45
4 16	8
4 17	38
4 18	10
4 19	30
4 22	22
4 28	20
4 29	6
4 31	47
4 32	46
4 33	28
4 34	2
4 35	4
4 38	0
4 40	7
4 42	41
4 43	18
4 45	25
4 46	24
5 1	4
5 2	43
5 6	14
5 7	9
5 9	0
5 10	45
5 13	35
5 14	7
5 15	8
5 17	18
5 18	37
5 23	23
5 26	21
5 27	17
5 33	47
5 34	30
5 35	5
5 36	31
5 37	16
5 38	25
5 39	12
5 41	6
5 43	15
5 45	20
5 46	2
6 1	35
6 3	36
6 4	30
6 5	45
6 10	4
6 12	15
6 15	0
6 18	20
6 20	48
6 22	29
6 23	47
6 25	25
6 26	43
6 28	13
6 29	8
6 31	6
6 37	11
6 39	27
6 44	38
6 47	10
7 3	5
7 4	7
7 5	24
7 6	3
7 7	23
7 8	16
7 9	39
7 14	45
7 16	32
7 18	9
7 19	49
7 22	13
7 23	41
7 27	34
7 31	46
7 33	12
7 34	25
7 35	10
7 38	1
7 39	36
7 40	17
7 41	21
7 42	28
7 45	47
7 46	48
7 48	20
7 49	4
8 0	4
8 3	47
8 5	32
8 6	22
8 7	20
8 9	17
8 10	43
8 13	26
8 16	13
8 18	12
8 20	44
8 23	29
8 24	49
8 26	5
8 27	2
8 28	6
8 29	15
8 30	36
8 31	28
8 32	16
8 34	24
8 37	35
8 38	38
8 39	45
8 40	23
8 42	27
8 43	19
8 45	1
8 46	8
8 47	14
8 48	37
9 1	37
9 2	29
9 3	38
9 4	47
9 9	5
9 10	33
9 11	39
9 12	0
9 14	15
9 20	10
9 21	34
9 23	20
9 24	21
9 26	7
9 27	26
9 28	17
9 32	42
9 36	48
9 38	12
9 39	40
9 40	4
9 42	19
9 44	27
9 46	1
9 47	25
9 48	41
10 0	31
10 3	20
10 6	40
10 7	18
10 9	29
10 13	25
10 16	30
10 17	33
10 19	13
10 25	11
10 26	2
10 27	21
10 31	16
10 33	24
10 34	9
10 35	3
10 37	5
10 39	19
10 43	36
10 44	43
10 47	42
10 48	49
10 49	35
11 0	6
11 2	2
11 6	21
11 8	39
11 9	24
11 10	23
11 12	34
11 13	42
11 14	12
11 17	20
11 18	25
11 19	16
11 21	33
11 22	44
11 23	13
11 27	27
11 31	17
11 33	45
11 35	36
11 37	9
11 40	15
11 41	8
11 43	7
11 46	11
12 2	16
12 3	49
12 4	36
12 7	25
12 8	22
12 11	30
12 13	34
12 14	6
12 16	1
12 19	9
12 20	18
12 21	31
12 23	40
12 25	46
12 27	37
12 32	12
12 33	4
12 34	17
12 35	27
12 40	48
12 41	19
12 43	28
12 44	24
12 46	23
12 49	7
13 0	24
13 2	39
13 3	13
13 4	16
13 5	1
13 6	38
13 8	32
13 9	22
13 10	8
13 11	47
13 12	9
13 15	37
13 16	6
13 17	36
13 18	11
13 22	12
13 23	15
13 25	31
13 26	46
13 27	30
13 28	45
13 29	42
13 33	17
13 34	34
13 41	41
13 42	18
13 43	27
13 44	35
13 45	19
13 47	0
13 49	49
14 4	11
14 5	18
14 7	3
14 10	9
14 11	0
14 15	31
14 16	42
14 17	12
14 18	1
14 25	22
14 28	29
14 31	14
14 32	6
14 34	32
14 37	7
14 39	37
14 40	25
14 42	30
14 43	16
14 44	5
14 46	41
14 47	17
15 0	25
15 3	18
15 4	39
15 7	38
15 8	20
15 9	16
15 14	41
15 15	42
15 16	17
15 18	0
15 19	8
15 21	6
15 23	14
15 24	19
15 25	24
15 26	48
15 28	9
15 31	31
15 32	33
15 40	28
15 41	11
15 43	34
15 44	40
16 0	45
16 1	15
16 2	6
16 3	44
16 4	1
16 5	3
16 6	11
16 7	4
16 11	49
16 12	12
16 16	40
16 19	47
16 22	41
16 23	9
16 24	20
16 27	25
16 28	36
16 29	33
16 35	8
16 36	19
16 38	43
16 43	23
16 44	37
16 45	32
16 46	16
16 48	10
16 49	34
17 0	32
17 1	9
17 2	19
17 3	25
17 6	1
17 7	28
17 8	12
17 12	27
17 13	20
17 14	18
17 15	5
17 17	10
17 20	13
17 24	47
17 28	8
17 29	17
17 30	11
17 33	37
17 34	48
17 37	23
17 39	14
17 40	45
17 44	29
17 46	7
17 48	16
18 0	8
18 1	33
18 7	30
18 8	40
18 9	20
18 10	21
18 11	10
18 12	17
18 13	36
18 14	35
18 15	43
18 16	2
18 17	45
18 18	29
18 20	34
18 22	49
18 23	39
18 27	44
18 29	9
18 31	27
18 33	16
18 34	46
18 39	0
18 41	3
18 42	6
18 45	38
18 49	42
19 1	30
19 3	33
19 7	35
19 10	15
19 15	7
19 17	24
19 18	32
19 19	41
19 21	37
19 24	45
19 27	8
19 28	40
19 32	25
19 34	10
19 36	9
19 39	20
19 40	22
19 44	13
19 46	47
19 49	21
20 0	19
20 1	11
20 8	10
20 9	3
20 10	27
20 12	37
20 14	38
20 20	14
20 23	36
20 25	7
20 26	31
20 28	49
20 30	30
20 32	29
20 34	33
20 35	17
20 37	40
20 38	47
20 41	43
20 42	24
20 46	46
20 47	1
20 49	23
21 0	2
21 3	26
21 6	34
21 10	30
21 11	25
21 12	6
21 13	16
21 15	29
21 17	0
21 18	23
21 19	1
21 21	28
21 25	43
21 27	33
21 28	35
21 29	18
21 30	42
21 31	8
21 33	39
21 34	27
21 35	9
21 40	20
21 47	5
21 49	41
22 0	15
22 1	39
22 2	49
22 3	2
22 5	0
22 6	43
22 7	5
22 9	6
22 10	48
22 11	34
22 13	33
22 15	41
22 16	25
22 18	44
22 19	40
22 21	12
22 22	23
22 23	21
22 27	13
22 28	16
22 29	36
22 30	4
22 34	37
22 37	3
22 38	31
22 39	28
22 40	8
22 41	1
22 42	7
22 43	42
22 46	27
22 47	24
22 48	32
23 0	48
23 1	8
23 2	17
23 3	39
23 5	12
23 6	35
23 7	1
23 9	21
23 11	18
23 12	30
23 13	44
23 14	49
23 16	15
23 18	27
23 20	0
23 22	34
23 23	3
23 30	22
23 32	24
23 34	20
23 36	43
23 37	36
23 38	7
23 40	37
23 43	32
24 2	14
24 3	46
24 4	15
24 7	6
24 8	9
24 9	26
24 10	1
24 11	8
24 12	25
24 13	24
24 14	3
24 15	13
24 16	5
24 18	30
24 19	11
24 20	43
24 21	0
24 22	48
24 25	12
24 27	47
24 30	45
24 31	34
24 34	38
24 35	16
24 36	41
24 38	27
24 39	23
24 43	21
24 45	33
24 49	28
25 0	34
25 1	38
25 5	40
25 6	0
25 11	45
25 12	49
25 15	20
25 16	36
25 17	4
25 20	21
25 21	16
25 23	42
25 25	37
25 27	5
25 28	2
25 30	31
25 33	43
25 35	29
25 36	35
25 38	3
25 39	41
25 43	13
25 44	12
25 45	30
25 47	19
26 3	42
26 5	8
26 6	17
26 11	37
26 13	11
26 17	13
26 20	15
26 21	48
26 24	24
26 25	34
26 27	16
26 32	41
26 34	7
26 38	21
26 41	30
26 42	5
26 44	25
26 45	40
26 49	10
27 5	2
27 6	39
27 7	27
27 8	8
27 11	42
27 13	30
27 18	7
27 27	31
27 30	26
27 31	40
27 37	4
27 38	33
27 39	22
27 40	0
27 42	10
27 44	15
27 45	13
27 46	5
27 47	45
27 48	6
27 49	17
28 1	22
28 4	20
28 5	43
28 8	19
28 9	35
28 10	47
28 12	40
28 13	38
28 16	27
28 17	25
28 18	13
28 22	14
28 23	32
28 24	5
28 30	23
28 31	30
28 37	41
28 45	42
28 46	10
28 47	49
29 1	48
29 2	20
29 3	10
29 4	29
29 5	26
29 7	17
29 11	22
29 12	33
29 18	46
29 20	6
29 21	13
29 22	35
29 23	49
29 25	28
29 26	12
29 28	24
29 31	23
29 32	4
29 38	37
29 39	9
29 40	31
29 45	8
29 46	19
29 47	44
29 49	16
30 1	14
30 6	31
30 11	19
30 12	3
30 13	29
30 14	2
30 15	27
30 16	37
30 18	43
30 20	8
30 23	16
30 24	39
30 27	45
30 29	10
30 30	35
30 31	5
30 32	0
30 35	33
30 38	20
30 39	44
30 40	38
30 41	4
30 42	42
30 43	6
30 48	34
30 49	22
31 3	32
31 4	2
31 8	41
31 10	26
31 12	39
31 15	46
31 16	47
31 19	20
31 20	28
31 26	0
31 29	24
31 31	42
31 32	35
31 33	6
31 34	4
31 37	38
31 42	25
31 44	16
31 45	12
32 2	38
32 4	21
32 5	11
32 6	45
32 7	41
32 8	48
32 10	2
32 11	6
32 14	39
32 15	4
32 16	33
32 19	42
32 20	37
32 21	5
32 23	18
32 24	46
32 25	0
32 26	44
32 29	43
32 35	24
32 39	32
32 40	3
32 42	23
32 43	26
32 44	19
32 45	9
32 46	28
32 48	17
33 3	43
33 4	6
33 5	36
33 7	33
33 10	42
33 12	26
33 13	4
33 14	30
33 15	21
33 17	11
33 18	14
33 20	16
33 22	17
33 23	37
33 24	27
33 25	40
33 26	8
33 27	3
33 28	23
33 30	49
33 33	13
33 35	34
33 36	47
33 42	44
33 45	35
33 46	22
33 47	15
33 49	1
34 0	38
34 9	43
34 12	23
34 13	9
34 15	36
34 16	20
34 19	27
34 21	19
34 22	0
34 23	1
34 26	32
34 28	28
34 31	7
34 32	40
34 39	17
34 41	18
34 43	25
34 45	22
34 47	4
34 48	14
35 0	36
35 1	46
35 3	12
35 8	37
35 12	22
35 14	19
35 17	48
35 19	38
35 20	5
35 21	30
35 22	24
35 25	35
35 26	1
35 27	39
35 29	13
35 31	18
35 32	43
35 34	14
35 35	40
35 37	33
35 39	4
35 42	45
35 43	11
35 44	6
35 46	20
35 47	8
35 48	0
35 49	26
36 1	41
36 2	27
36 5	34
36 9	33
36 10	10
36 11	4
36 15	47
36 16	39
36 17	5
36 19	14
36 21	44
36 22	36
36 23	12
36 28	31
36 30	24
36 32	9
36 33	40
36 37	2
36 38	29
36 39	15
36 42	13
36 43	22
36 47	16
36 49	38
37 0	0
37 1	42
37 2	48
37 3	11
37 7	47
37 8	7
37 10	20
37 13	13
37 14	37
37 16	21
37 18	35
37 19	32
37 21	40
37 22	4
37 25	8
37 26	41
37 28	43
37 29	26
37 31	3
37 35	1
37 37	6
37 38	45
37 40	34
37 41	44
37 43	10
37 46	9
37 47	23
38 1	34
38 3	6
38 4	0
38 5	16
38 6	42
38 8	14
38 9	11
38 10	46
38 11	1
38 14	10
38 15	2
38 16	35
38 18	39
38 20	45
38 25	4
38 28	41
38 29	25
38 34	47
38 36	38
38 37	15
38 38	36
38 39	33
38 40	5
38 41	12
38 44	3
38 45	48
38 47	7
38 48	22
39 2	8
39 9	30
39 10	34
39 11	28
39 12	18
39 14	40
39 16	26
39 17	19
39 22	7
39 27	23
39 28	12
39 29	4
39 31	45
39 32	38
39 33	27
39 37	32
39 39	5
39 41	37
39 42	17
39 49	43
40 1	21
40 2	40
40 3	9
40 4	4
40 5	46
40 8	6
40 9	32
40 12	48
40 15	30
40 16	10
40 18	41
40 19	17
40 23	0
40 27	11
40 28	5
40 29	44
40 31	15
40 39	2
40 41	42
40 46	31
40 49	29
41 0	17
41 1	29
41 3	1
41 6	12
41 9	4
41 10	19
41 14	32
41 16	38
41 17	28
41 18	5
41 21	27
41 24	44
41 26	9
41 28	30
41 30	25
41 31	22
41 33	7
41 36	16
41 41	24
41 43	0
41 44	46
41 45	36
41 46	34
42 3	15
42 4	9
42 9	44
42 10	32
42 13	28
42 14	36
42 16	12
42 19	21
42 23	38
42 26	25
42 28	11
42 29	29
42 31	26
42 32	10
42 33	18
42 34	3
42 35	20
42 38	8
42 39	31
42 40	43
42 41	0
42 42	33
42 43	4
42 47	46
42 48	24
43 3	4
43 5	21
43 10	5
43 11	31
43 12	14
43 15	1
43 17	42
43 19	10
43 20	33
43 21	49
43 24	22
43 25	20
43 27	35
43 28	15
43 30	40
43 33	23
43 34	44
43 35	6
43 36	18
43 37	46
43 38	2
43 39	43
43 40	41
43 42	9
43 45	34
43 47	11
43 48	45
43 49	37
44 1	43
44 2	45
44 9	37
44 10	13
44 11	26
44 12	31
44 16	16
44 17	41
44 20	24
44 21	47
44 22	5
44 23	22
44 24	17
44 26	33
44 27	6
44 28	27
44 29	40
44 31	32
44 34	1
44 37	34
44 44	36
44 45	10
44 46	3
44 48	35
45 0	12
45 5	5
45 7	36
45 8	21
45 9	13
45 11	20
45 13	48
45 15	15
45 17	44
45 18	45
45 20	22
45 21	29
45 22	46
45 23	30
45 24	25
45 26	3
45 27	4
45 28	7
45 30	16
45 32	14
45 33	33
45 36	28
45 40	6
45 42	11
45 43	40
45 45	27
45 47	26
45 49	24
46 0	43
46 3	31
46 4	35
46 6	19
46 7	14
46 8	0
46 10	36
46 11	38
46 12	2
46 14	8
46 15	22
46 16	9
46 17	40
46 19	18
46 23	44
46 24	41
46 29	5
46 30	29
46 32	34
46 35	23
46 36	20
46 38	15
46 40	27
46 43	30
46 44	47
46 46	12
46 47	21
47 2	42
47 3	30
47 4	38
47 6	27
47 10	22
47 11	32
47 12	20
47 13	49
47 20	19
47 22	26
47 24	36
47 25	47
47 26	23
47 28	25
47 33	11
47 34	35
47 37	1
47 38	48
48 0	35
48 1	44
48 2	46
48 4	49
48 7	10
48 8	5
48 9	47
48 17	9
48 19	39
48 21	22
48 22	30
48 23	11
48 24	1
48 25	45
48 26	4
48 27	36
48 28	3
48 30	15
48 32	27
48 33	31
48 34	29
48 35	32
48 36	37
48 38	42
48 39	6
48 40	19
48 41	20
48 42	8
48 43	14
48 44	23
48 47	12
48 49	40
49 0	5
49 1	36
49 4	37
49 7	26
49 9	46
49 10	6
49 11	11
49 12	28
49 14	17
49 18	3
49 22	20
49 23	2
49 24	8
49 25	27
49 26	42
49 28	1
49 29	22
49 30	14
49 31	33
49 35	30
49 36	0
49 40	40
49 43	9
49 47	29
49 48	12
49 49	48
