50
0 0	30
0 9	31
0 13	6
0 14	42
0 18	47
0 23	18
0 25	1
0 26	20
0 32	45
0 38	15
0 40	41
0 47	7
1 1	13
1 12	42
1 13	23
1 18	11
1 26	27
1 28	34
1 29	6
1 32	8
1 33	29
1 34	4
1 36	39
1 40	43
1 47	15
2 5	31
2 9	16
2 19	9
2 20	22
2 21	38
2 24	13
2 28	7
2 33	14
2 41	39
2 42	6
2 43	4
2 44	23
2 45	10
2 49	36
3 0	29
3 1	7
3 10	10
3 14	46
3 16	9
3 20	28
3 25	14
3 26	26
3 27	19
3 30	40
3 32	16
3 34	1
3 36	38
3 42	37
3 43	21
3 44	13
3 46	11
3 49	12
4 0	1
4 1	40
4 3	10
4 4	3
4 7	25
4 12	22
4 15	18
4 19	5
4 20	41
4 21	28
4 27	33
4 29	49
4 32	47
4 33	8
4 37	14
4 47	45
4 48	0
4 49	35
5 1	42
5 4	7
5 5	35
5 6	29
5 8	14
5 10	39
5 14	26
5 21	27
5 31	31
5 33	43
5 37	49
5 38	19
5 45	48
5 46	2
6 0	41
6 5	18
6 7	27
6 11	13
6 21	24
6 23	34
6 25	12
6 27	6
6 28	46
6 33	4
6 36	42
6 37	21
6 39	7
6 41	15
6 44	44
6 47	1
6 49	8
7 0	23
7 5	26
7 9	28
7 12	12
7 13	2
7 23	33
7 40	42
7 43	24
8 4	34
8 7	19
8 8	25
8 12	33
8 19	26
8 22	3
8 23	7
8 24	4
8 31	2
8 41	43
8 47	40
9 1	8
9 6	19
9 7	9
9 14	21
9 17	23
9 21	31
9 24	48
9 32	39
9 36	47
9 38	27
9 43	20
9 46	49
10 0	40
10 2	22
10 8	32
10 9	26
10 13	48
10 17	7
10 18	28
10 19	6
10 21	34
10 23	21
10 25	35
10 26	47
10 31	23
10 36	15
10 40	30
10 41	37
10 47	4
11 2	47
11 4	8
11 11	34
11 13	11
11 14	30
11 17	28
11 23	45
11 24	49
11 27	37
11 29	17
11 30	39
11 32	18
11 45	26
12 0	0
12 8	10
12 9	39
12 14	3
12 15	14
12 20	23
12 21	49
12 26	19
12 27	38
12 30	25
12 33	2
12 37	43
12 38	44
12 41	1
12 43	29
12 45	37
12 46	42
12 49	13
13 0	32
13 4	41
13 5	45
13 10	26
13 16	14
13 17	0
13 21	42
13 32	24
13 33	12
13 36	19
13 39	5
13 40	36
13 42	3
14 7	41
14 12	20
14 15	10
14 18	6
14 23	24
14 24	8
14 27	4
14 29	1
14 35	11
14 42	9
14 43	15
14 45	14
14 48	38
15 0	16
15 4	44
15 9	43
15 16	40
15 19	42
15 20	17
15 24	30
15 26	18
15 27	32
15 29	3
15 32	48
15 33	47
15 36	10
15 37	6
15 47	34
15 48	29
16 1	32
16 6	18
16 7	23
16 8	16
16 10	13
16 11	46
16 20	48
16 22	45
16 26	44
16 27	2
16 29	12
16 30	42
16 32	6
16 34	8
16 36	41
16 37	34
16 42	19
16 44	36
16 45	43
16 47	35
16 49	26
17 0	46
17 1	10
17 4	28
17 10	8
17 19	35
17 20	32
17 21	21
17 24	40
17 27	27
17 33	11
17 35	2
17 36	14
17 37	1
17 39	33
17 43	13
17 44	5
18 1	15
18 4	37
18 5	17
18 9	44
18 12	30
18 13	8
18 15	36
18 16	41
18 17	48
18 19	45
18 20	33
18 21	18
18 22	27
18 33	28
18 34	26
18 39	42
18 40	20
19 0	24
19 2	35
19 6	4
19 7	49
19 9	8
19 13	1
19 16	10
19 18	5
19 20	3
19 23	15
19 24	27
19 27	28
19 29	33
19 36	34
19 38	6
19 41	30
19 42	14
19 49	43
20 1	35
20 6	2
20 10	23
20 23	49
20 26	33
20 29	10
20 32	12
20 37	9
20 39	29
20 41	7
20 42	42
20 44	28
20 46	20
20 49	24
21 5	11
21 12	39
21 19	2
21 21	10
21 26	45
21 33	7
21 36	25
21 38	29
21 43	14
21 44	17
21 45	40
21 46	18
22 0	8
22 4	35
22 9	23
22 13	9
22 15	29
22 18	3
22 19	40
22 24	46
22 30	16
22 31	33
22 35	14
22 41	10
22 48	37
22 49	7
23 0	36
23 3	41
23 5	46
23 8	40
23 16	11
23 22	39
23 26	10
23 28	44
23 32	26
23 34	19
23 40	9
23 41	3
23 42	17
23 46	43
24 2	9
24 3	34
24 4	43
24 15	32
24 18	40
24 19	37
24 20	36
24 29	26
24 31	11
24 36	27
24 37	24
25 1	23
25 8	11
25 10	45
25 11	20
25 14	15
25 16	13
25 21	30
25 27	48
25 29	36
25 35	29
25 36	33
25 40	5
25 41	38
25 45	24
26 5	43
26 11	29
26 14	23
26 15	2
26 21	36
26 30	20
26 31	38
26 34	45
26 37	35
26 39	6
26 40	8
26 43	10
26 44	37
26 49	25
27 3	37
27 6	32
27 8	17
27 10	33
27 12	48
27 14	44
27 17	13
27 19	12
27 24	39
27 26	23
27 27	49
27 36	9
27 45	2
27 48	41
27 49	34
28 1	33
28 5	24
28 6	42
28 7	47
28 10	19
28 14	6
28 17	4
28 19	29
28 21	39
28 24	44
28 29	35
28 30	41
28 33	32
28 36	23
28 37	40
28 38	45
28 41	36
28 42	16
28 45	9
29 0	34
29 10	40
29 15	21
29 17	29
29 18	31
29 23	44
29 27	42
29 30	17
29 38	5
29 41	24
29 43	39
29 44	20
29 45	36
29 47	6
30 2	33
30 3	30
30 13	36
30 16	2
30 19	41
30 20	47
30 25	21
30 30	49
30 38	7
30 39	3
30 48	6
31 6	45
31 10	32
31 12	35
31 22	19
31 23	9
31 25	30
31 26	3
31 27	34
31 29	15
31 32	41
31 34	0
31 36	29
31 37	17
31 42	1
31 44	8
32 0	37
32 1	30
32 2	18
32 5	34
32 6	10
32 7	39
32 9	7
32 10	11
32 11	40
32 13	25
32 14	47
32 17	36
32 18	42
32 24	2
32 38	43
32 47	38
33 5	23
33 8	8
33 10	4
33 11	41
33 20	11
33 21	47
33 23	20
33 24	0
33 28	9
33 29	30
33 33	34
33 37	39
33 39	36
33 46	22
33 47	24
34 2	4
34 3	45
34 6	34
34 7	3
34 9	21
34 10	47
34 11	22
34 15	44
34 20	1
34 25	17
34 26	46
34 29	37
34 33	27
34 35	26
34 38	10
34 39	14
34 40	35
34 41	32
34 44	39
34 45	33
34 46	48
34 47	25
35 1	9
35 5	8
35 7	33
35 8	18
35 9	29
35 13	39
35 15	12
35 18	14
35 19	11
35 22	42
35 26	30
35 29	2
35 30	28
35 33	35
35 39	17
35 44	21
35 45	15
35 46	0
35 49	16
36 0	10
36 5	36
36 9	13
36 14	9
36 15	30
36 21	26
36 28	3
36 31	24
36 35	7
36 41	19
36 46	35
37 1	46
37 2	37
37 3	47
37 8	20
37 12	21
37 24	15
37 29	38
37 30	18
37 32	14
37 38	23
37 45	44
37 48	8
38 7	42
38 12	26
38 13	0
38 25	10
38 30	31
38 37	8
38 42	12
38 43	45
39 1	44
39 2	34
39 4	22
39 5	37
39 11	24
39 15	19
39 17	45
39 18	12
39 24	21
39 29	18
39 30	43
39 40	2
39 44	16
39 45	39
39 46	28
39 48	1
40 1	4
40 6	15
40 8	1
40 10	38
40 13	35
40 16	30
40 17	8
40 21	48
40 23	27
40 24	42
40 26	5
40 30	36
40 33	33
40 36	0
40 40	45
40 43	12
40 44	24
40 45	32
40 48	46
41 3	23
41 5	32
41 12	40
41 15	9
41 18	18
41 20	2
41 23	48
41 24	17
41 25	29
41 27	31
41 30	47
41 33	25
41 36	13
41 41	4
41 42	38
41 47	42
42 2	26
42 7	48
42 11	23
42 13	29
42 14	4
42 19	20
42 22	40
42 23	30
42 28	47
42 31	17
42 34	5
42 37	2
42 46	21
42 47	13
43 3	29
43 5	7
43 23	39
43 25	0
43 26	40
43 31	37
43 33	9
43 34	28
43 35	24
43 36	4
43 40	17
43 43	34
43 45	42
43 47	3
44 5	9
44 6	12
44 8	34
44 10	42
44 15	39
44 20	20
44 22	7
44 24	18
44 26	4
44 37	15
44 46	16
44 47	41
45 1	0
45 7	32
45 10	18
45 11	49
45 13	19
45 17	2
45 18	41
45 21	35
45 23	38
45 30	6
45 31	13
45 38	26
45 42	11
45 44	47
45 45	1
45 47	8
46 0	22
46 5	2
46 9	41
46 11	6
46 13	27
46 19	21
46 24	28
46 25	31
46 27	39
46 28	33
46 31	9
46 33	38
46 34	3
46 38	12
46 39	0
46 40	16
46 41	35
46 47	14
46 48	26
47 2	29
47 5	12
47 8	41
47 10	44
47 12	1
47 15	40
47 18	34
47 19	49
47 23	23
47 31	0
47 33	48
47 35	27
47 37	42
47 40	6
47 44	7
47 45	22
48 8	0
48 10	43
48 11	35
48 14	11
48 17	39
48 19	14
48 20	29
48 22	1
48 28	32
48 38	21
48 39	37
48 40	33
48 44	30
48 45	18
48 46	15
48 49	27
49 4	23
49 5	47
49 7	13
49 8	33
49 11	18
49 12	46
49 13	10
49 15	34
49 18	48
49 19	27
49 21	5
49 22	38
49 23	28
49 24	12
49 26	25
49 27	43
49 28	6
49 30	4
49 31	3
49 36	45
49 40	15
49 43	35
49 44	31
