50
0 0	1
0 1	44
0 5	40
0 8	42
0 9	14
0 11	32
0 16	25
0 17	20
0 18	9
0 24	49
0 27	15
0 29	38
0 34	4
0 36	30
0 39	34
0 40	47
0 42	41
0 43	37
0 44	11
0 45	2
0 47	16
0 48	6
1 3	14
1 5	43
1 7	23
1 13	11
1 17	49
1 20	0
1 22	34
1 24	39
1 25	21
1 28	10
1 33	47
1 36	35
1 38	42
1 40	46
1 41	15
1 43	3
1 44	41
1 47	5
1 48	45
2 0	40
2 1	21
2 2	9
2 3	20
2 16	24
2 17	14
2 18	18
2 21	43
2 22	2
2 24	35
2 30	8
2 33	38
2 36	31
2 37	15
2 39	1
2 42	12
2 43	19
2 44	10
2 45	6
2 48	0
3 3	33
3 8	13
3 10	17
3 13	18
3 17	45
3 18	6
3 22	38
3 23	22
3 24	44
3 29	11
3 30	20
3 33	43
3 36	28
3 38	40
3 39	25
3 43	42
4 0	28
4 2	12
4 7	19
4 8	38
4 10	25
4 11	37
4 18	5
4 19	7
4 21	42
4 22	10
4 23	14
4 24	17
4 25	44
4 28	21
4 32	9
4 34	32
4 37	8
4 40	11
4 42	46
4 47	3
5 0	7
5 4	20
5 5	15
5 6	5
5 10	33
5 13	21
5 14	1
5 17	6
5 24	26
5 30	22
5 33	34
5 36	12
5 37	35
5 41	9
5 46	8
5 48	11
6 0	44
6 3	7
6 10	28
6 13	40
6 14	4
6 16	22
6 17	12
6 21	23
6 22	9
6 23	32
6 25	1
6 28	29
6 30	39
6 33	16
6 35	49
6 37	43
6 39	17
6 41	19
6 44	35
6 45	31
6 46	27
6 47	34
6 48	5
7 2	44
7 5	47
7 6	40
7 8	34
7 13	29
7 15	37
7 16	46
7 19	24
7 23	39
7 24	38
7 25	7
7 28	31
7 30	42
7 32	11
7 34	20
7 40	23
7 43	18
7 49	19
8 2	2
8 4	16
8 6	3
8 8	32
8 9	13
8 11	49
8 17	0
8 28	15
8 31	35
8 32	21
8 37	10
8 38	48
8 42	40
8 44	5
8 48	18
9 0	37
9 7	25
9 8	19
9 9	22
9 12	34
9 13	44
9 14	8
9 17	9
9 21	20
9 22	4
9 23	12
9 25	46
9 26	30
9 29	49
9 30	10
9 31	38
9 35	5
9 39	15
9 43	21
9 44	1
9 47	27
10 1	49
10 2	28
10 3	23
10 7	26
10 8	47
10 11	36
10 14	14
10 15	43
10 17	46
10 19	44
10 23	42
10 26	25
10 27	24
10 33	32
10 34	15
10 35	38
10 38	21
10 42	8
10 46	5
10 47	35
11 0	48
11 2	39
11 3	32
11 4	11
11 5	35
11 6	17
11 8	8
11 9	25
11 12	23
11 13	34
11 15	27
11 16	21
11 17	31
11 18	7
11 19	20
11 21	1
11 25	41
11 28	5
11 29	18
11 30	16
11 31	6
11 32	44
11 36	14
11 37	9
11 40	2
11 43	0
11 44	40
11 45	3
11 47	37
11 48	22
12 4	22
12 6	49
12 11	11
12 12	39
12 16	16
12 21	26
12 22	35
12 24	32
12 25	14
12 27	18
12 31	0
12 33	12
12 35	37
12 36	4
12 38	45
12 39	19
12 48	7
13 2	21
13 4	4
13 5	13
13 8	3
13 14	38
13 15	36
13 19	31
13 24	42
13 25	11
13 27	16
13 29	6
13 30	44
13 36	20
13 38	22
13 39	0
13 44	37
13 45	43
13 48	28
13 49	33
14 0	19
14 1	4
14 7	3
14 8	24
14 10	22
14 14	17
14 16	38
14 18	47
14 20	46
14 26	10
14 28	12
14 30	36
14 36	21
14 37	44
14 40	32
14 44	0
15 1	27
15 2	20
15 3	5
15 4	42
15 5	29
15 6	18
15 7	13
15 9	40
15 10	1
15 17	15
15 22	6
15 24	47
15 29	4
15 30	28
15 31	19
15 32	12
15 34	9
15 37	30
15 39	8
15 41	36
15 45	11
16 1	31
16 3	47
16 4	17
16 5	7
16 11	22
16 12	5
16 13	33
16 14	37
16 15	4
16 19	34
16 22	26
16 23	6
16 26	29
16 30	21
16 31	45
16 32	19
16 37	28
16 39	13
16 42	14
16 46	38
17 0	8
17 2	16
17 3	49
17 6	37
17 8	15
17 10	32
17 12	4
17 13	10
17 16	28
17 17	19
17 20	29
17 25	18
17 26	48
17 28	27
17 36	46
17 37	3
17 38	39
17 39	43
17 42	21
17 43	12
17 44	14
17 46	23
17 47	38
17 49	6
18 1	35
18 2	24
18 3	8
18 6	25
18 7	46
18 9	42
18 10	9
18 13	3
18 20	17
18 26	1
18 27	33
18 28	37
18 31	43
18 34	5
18 35	11
18 36	38
18 41	7
18 42	48
18 47	20
18 48	27
18 49	45
19 2	4
19 5	38
19 12	31
19 17	27
19 19	43
19 21	3
19 25	12
19 26	19
19 28	24
19 29	26
19 30	14
19 35	0
19 38	37
19 43	15
19 44	2
19 45	42
19 46	45
19 47	22
19 49	49
20 1	48
20 3	26
20 5	45
20 9	15
20 10	44
20 14	40
20 15	8
20 17	25
20 18	27
20 20	18
20 21	7
20 22	32
20 28	4
20 29	10
20 30	0
20 33	2
20 37	36
20 38	46
20 40	39
20 41	14
20 42	49
20 43	6
20 46	16
20 49	11
21 1	24
21 5	44
21 6	27
21 7	41
21 8	48
21 10	37
21 11	29
21 15	32
21 17	10
21 18	39
21 20	40
21 21	35
21 28	42
21 29	46
21 32	8
21 33	11
21 35	18
21 39	22
21 41	33
21 45	21
21 46	43
21 47	2
21 48	4
22 1	32
22 3	11
22 4	49
22 9	17
22 11	28
22 17	42
22 19	4
22 21	25
22 23	40
22 25	3
22 26	5
22 28	34
22 29	39
22 30	33
22 33	44
22 37	20
22 39	46
22 42	1
22 43	27
22 48	13
23 4	32
23 5	17
23 7	22
23 8	25
23 9	16
23 12	1
23 19	36
23 20	8
23 21	38
23 23	13
23 32	7
23 39	23
23 40	31
23 42	47
23 45	9
23 47	15
23 48	43
24 3	34
24 5	9
24 14	31
24 15	5
24 16	45
24 21	30
24 22	13
24 24	19
24 25	15
24 28	3
24 29	7
24 33	10
24 34	44
24 37	47
24 40	18
24 41	23
24 44	32
24 45	20
25 1	28
25 3	39
25 4	1
25 7	11
25 13	17
25 14	16
25 15	34
25 17	4
25 18	10
25 19	0
25 22	44
25 23	15
25 24	6
25 25	27
25 29	29
25 31	24
25 34	35
25 36	43
25 37	22
25 38	36
25 40	19
25 43	33
25 49	5
26 0	26
26 2	23
26 3	42
26 4	15
26 6	41
26 8	0
26 10	43
26 12	40
26 13	12
26 19	18
26 22	7
26 23	30
26 24	10
26 33	19
26 37	31
26 40	1
26 41	22
26 45	32
27 0	36
27 1	39
27 2	17
27 7	6
27 10	11
27 15	0
27 16	5
27 19	32
27 22	47
27 28	20
27 29	48
27 31	25
27 32	3
27 33	8
27 34	23
27 39	44
27 40	30
27 43	29
27 45	33
27 47	10
28 0	39
28 5	37
28 8	1
28 10	26
28 13	6
28 17	33
28 20	20
28 22	21
28 24	30
28 29	47
28 30	12
28 35	27
28 38	23
28 40	3
28 41	42
28 43	9
28 46	10
28 47	28
29 0	42
29 1	45
29 3	30
29 4	29
29 5	5
29 6	8
29 8	31
29 11	44
29 12	26
29 16	36
29 19	17
29 20	3
29 22	23
29 23	18
29 24	14
29 25	10
29 26	41
29 27	32
29 31	20
29 32	1
29 33	4
29 35	25
29 36	40
29 38	9
29 39	28
29 44	38
29 45	47
29 46	49
29 48	21
30 0	29
30 4	25
30 6	31
30 7	0
30 8	2
30 13	41
30 14	5
30 16	15
30 17	39
30 22	18
30 27	46
30 29	23
30 30	48
30 32	30
30 33	45
30 35	22
30 37	37
30 41	44
30 42	28
30 43	40
30 44	42
30 49	9
31 3	1
31 5	26
31 9	30
31 10	40
31 12	0
31 21	18
31 22	22
31 23	33
31 26	3
31 27	43
31 28	45
31 32	2
31 33	27
31 36	5
31 40	16
31 42	20
32 1	5
32 3	17
32 9	10
32 10	30
32 12	9
32 13	14
32 14	28
32 16	32
32 17	44
32 18	43
32 22	8
32 25	23
32 40	35
32 42	6
32 45	36
32 46	37
32 47	40
32 48	20
33 0	46
33 2	5
33 6	9
33 7	10
33 8	37
33 18	42
33 24	34
33 26	26
33 30	11
33 37	41
33 40	25
33 41	6
33 45	0
33 46	35
33 47	48
33 48	39
34 3	12
34 5	4
34 7	16
34 10	49
34 11	35
34 12	38
34 14	7
34 15	17
34 17	21
34 18	37
34 20	43
34 22	15
34 25	22
34 26	11
34 29	3
34 30	27
34 31	44
34 38	10
34 39	42
34 40	40
34 41	48
34 42	32
34 44	33
34 45	34
34 46	29
35 0	34
35 5	27
35 7	49
35 9	39
35 10	5
35 11	15
35 13	35
35 17	37
35 19	8
35 21	32
35 22	14
35 25	31
35 30	47
35 32	48
35 37	0
35 38	30
35 39	3
35 40	44
35 41	24
35 42	25
35 43	45
35 45	23
36 0	22
36 1	37
36 2	7
36 3	36
36 5	11
36 8	40
36 13	13
36 19	41
36 21	49
36 22	17
36 25	0
36 31	4
36 32	32
36 35	21
36 39	16
36 40	5
36 41	31
36 44	27
36 47	39
37 2	26
37 6	44
37 13	5
37 15	15
37 17	48
37 21	10
37 22	3
37 23	27
37 27	40
37 29	14
37 38	35
37 48	31
38 2	38
38 4	5
38 5	33
38 9	35
38 12	24
38 14	2
38 16	44
38 18	40
38 20	36
38 24	16
38 25	47
38 32	34
38 40	22
38 44	15
38 48	8
39 3	45
39 5	46
39 7	36
39 8	11
39 11	39
39 12	19
39 13	2
39 14	49
39 16	20
39 17	3
39 18	14
39 20	5
39 22	33
39 23	21
39 27	47
39 28	43
39 29	16
39 30	30
39 36	10
39 37	24
39 38	13
39 41	37
39 43	32
39 44	31
39 46	1
39 47	12
40 0	47
40 1	29
40 2	40
40 3	0
40 4	8
40 5	10
40 6	38
40 7	18
40 8	41
40 13	24
40 14	35
40 15	1
40 19	30
40 20	13
40 26	15
40 32	25
40 33	5
40 34	2
40 35	23
40 38	7
40 39	20
40 40	9
40 44	22
40 46	46
40 49	34
41 2	3
41 6	10
41 10	20
41 14	25
41 15	26
41 16	23
41 17	41
41 18	8
41 21	12
41 22	45
41 23	1
41 24	0
41 29	5
41 31	39
41 32	4
41 34	37
41 35	32
41 42	9
41 47	14
41 49	36
42 4	37
42 5	41
42 6	46
42 7	9
42 8	30
42 11	18
42 13	31
42 17	2
42 19	15
42 21	22
42 24	8
42 29	43
42 30	6
42 32	0
42 33	42
42 34	1
42 36	23
42 44	48
42 46	17
42 49	14
43 1	6
43 13	43
43 18	26
43 19	9
43 20	16
43 22	11
43 29	21
43 30	5
43 32	40
43 33	20
43 35	41
43 37	19
43 38	29
43 39	37
43 43	1
43 45	44
44 6	30
44 18	0
44 28	9
44 38	33
44 39	5
44 40	4
44 45	14
45 1	8
45 3	6
45 5	19
45 8	35
45 9	44
45 12	10
45 13	22
45 14	9
45 16	43
45 18	24
45 20	48
45 22	12
45 24	21
45 26	36
45 28	41
45 29	42
45 31	5
45 34	13
45 41	27
45 42	0
45 44	20
45 49	3
46 9	9
46 10	15
46 11	21
46 14	13
46 15	39
46 16	29
46 18	3
46 21	44
46 22	19
46 24	27
46 28	32
46 29	34
46 30	23
46 34	0
46 37	49
46 38	12
46 39	33
46 41	5
46 42	17
46 44	16
46 46	30
46 48	1
46 49	37
47 7	7
47 10	31
47 12	16
47 17	23
47 18	44
47 21	14
47 24	11
47 25	4
47 27	30
47 28	40
47 29	19
47 30	49
47 34	10
47 36	41
47 40	27
47 41	35
47 42	15
47 44	46
47 49	0
48 1	47
48 2	34
48 3	24
48 4	39
48 5	18
48 6	6
48 7	5
48 8	21
48 12	33
48 13	37
48 19	22
48 24	15
48 27	7
48 28	13
48 29	32
48 30	9
48 33	40
48 34	3
48 35	36
48 36	16
48 39	4
48 40	28
48 41	49
48 46	31
48 48	29
48 49	44
49 0	23
49 1	10
49 4	30
49 6	42
49 8	26
49 9	32
49 10	16
49 13	48
49 15	35
49 16	6
49 17	29
49 18	2
49 19	1
49 21	15
49 23	24
49 25	9
49 28	11
49 29	33
49 30	4
49 38	0
49 41	21
49 42	44
49 47	18
49 49	38
