50
0 1	4
0 2	46
0 3	42
0 4	5
0 5	11
0 6	17
0 8	32
0 9	9
0 10	8
0 12	25
0 13	16
0 14	10
0 15	7
0 16	49
0 19	23
0 20	27
0 22	43
0 23	24
0 25	38
0 26	29
0 27	6
0 32	18
0 33	12
0 34	13
0 35	19
0 36	35
0 37	41
0 39	36
0 40	34
0 41	28
0 42	45
0 43	31
0 44	20
0 46	48
0 47	0
0 48	22
0 49	30
1 0	13
1 1	46
1 2	27
1 3	1
1 4	12
1 5	40
1 6	43
1 7	20
1 8	21
1 9	37
1 10	0
1 11	34
1 12	24
1 14	11
1 15	32
1 16	17
1 17	10
1 18	3
1 19	14
1 20	31
1 21	48
1 22	16
1 23	38
1 24	39
1 26	8
1 27	23
1 29	19
1 30	41
1 32	28
1 33	44
1 34	35
1 35	36
1 36	33
1 37	22
1 38	6
1 39	18
1 43	7
1 44	45
1 45	26
1 46	30
1 48	49
1 49	29
2 0	2
2 1	22
2 2	33
2 3	5
2 4	11
2 6	8
2 7	37
2 8	48
2 9	6
2 10	9
2 11	45
2 14	35
2 15	46
2 17	16
2 19	15
2 21	7
2 22	31
2 23	28
2 26	42
2 27	27
2 28	12
2 29	40
2 30	24
2 31	38
2 32	4
2 33	21
2 34	17
2 36	39
2 37	47
2 38	43
2 39	49
2 40	20
2 42	26
2 43	25
2 44	3
2 46	41
2 48	0
2 49	34
3 1	33
3 2	38
3 3	40
3 4	27
3 5	14
3 6	24
3 7	12
3 10	18
3 11	16
3 12	9
3 13	2
3 16	5
3 17	3
3 18	25
3 19	44
3 20	4
3 21	1
3 22	15
3 24	36
3 26	30
3 27	7
3 28	32
3 29	21
3 30	28
3 31	19
3 32	11
3 33	23
3 34	31
3 35	20
3 36	42
3 37	43
3 39	41
3 40	37
3 42	29
3 43	45
3 48	8
3 49	0
4 0	7
4 1	16
4 2	6
4 3	9
4 5	48
4 6	2
4 7	19
4 9	31
4 11	33
4 12	30
4 14	28
4 15	4
4 16	44
4 17	49
4 18	21
4 19	40
4 20	8
4 21	18
4 22	17
4 23	43
4 24	23
4 26	47
4 28	13
4 29	22
4 30	25
4 31	26
4 32	29
4 34	36
4 35	0
4 36	45
4 37	37
4 39	10
4 40	46
4 41	1
4 43	34
4 46	24
4 47	38
4 48	32
4 49	42
5 0	22
5 2	29
5 3	26
5 4	33
5 5	25
5 7	0
5 8	4
5 11	40
5 12	37
5 13	12
5 14	42
5 16	48
5 17	31
5 19	43
5 21	8
5 22	41
5 23	9
5 24	17
5 26	46
5 28	7
5 29	10
5 30	19
5 33	28
5 34	47
5 35	49
5 36	1
5 37	38
5 38	15
5 39	23
5 41	24
5 42	2
5 43	39
5 44	35
5 45	36
5 47	6
5 48	20
5 49	32
6 1	20
6 2	11
6 4	10
6 5	34
6 6	28
6 7	23
6 8	36
6 9	43
6 10	17
6 11	41
6 15	12
6 17	26
6 19	9
6 20	5
6 21	22
6 22	19
6 23	1
6 24	3
6 25	15
6 26	39
6 27	38
6 28	37
6 29	8
6 30	30
6 34	49
6 35	45
6 37	44
6 38	33
6 39	16
6 40	6
6 41	2
6 43	42
6 45	13
6 46	46
6 47	29
6 48	40
6 49	31
7 0	8
7 1	30
7 2	21
7 3	7
7 4	47
7 5	5
7 7	22
7 8	20
7 9	13
7 11	38
7 12	16
7 13	35
7 14	40
7 15	49
7 19	19
7 20	26
7 21	44
7 22	48
7 23	29
7 24	28
7 25	3
7 27	15
7 28	41
7 29	37
7 30	34
7 31	23
7 32	45
7 34	9
7 35	32
7 36	43
7 37	17
7 38	11
7 40	2
7 41	6
7 44	46
7 45	25
7 46	42
7 47	36
7 48	39
7 49	14
8 1	29
8 2	7
8 3	3
8 4	48
8 5	0
8 6	34
8 7	10
8 8	16
8 9	2
8 11	21
8 12	39
8 13	4
8 14	38
8 15	43
8 16	20
8 17	25
8 18	15
8 19	11
8 20	9
8 21	40
8 22	18
8 23	44
8 24	19
8 26	45
8 27	8
8 28	6
8 29	31
8 31	33
8 32	14
8 33	30
8 34	32
8 35	24
8 36	23
8 37	1
8 39	37
8 40	5
8 41	41
8 42	17
8 43	26
8 44	42
8 45	22
8 46	49
8 47	28
8 48	35
9 0	29
9 1	32
9 3	33
9 5	2
9 6	30
9 7	41
9 8	25
9 9	27
9 10	11
9 11	44
9 12	31
9 13	34
9 14	45
9 15	35
9 17	17
9 18	43
9 19	21
9 20	28
9 21	46
9 22	12
9 24	38
9 26	36
9 27	39
9 29	4
9 30	6
9 31	8
9 32	49
9 33	22
9 34	18
9 35	23
9 36	48
9 38	24
9 41	0
9 42	7
9 43	40
9 44	10
9 45	3
9 46	13
9 47	16
9 48	19
9 49	15
10 0	6
10 1	25
10 2	1
10 4	26
10 5	16
10 6	39
10 7	2
10 8	27
10 9	3
10 12	20
10 13	22
10 14	36
10 15	47
10 18	40
10 21	37
10 22	23
10 23	0
10 24	5
10 28	38
10 30	35
10 31	18
10 32	44
10 36	24
10 37	45
10 38	42
10 39	14
10 40	29
10 44	9
10 45	46
10 46	11
10 47	19
10 48	30
10 49	7
11 0	35
11 1	19
11 2	18
11 3	29
11 4	17
11 5	13
11 6	4
11 9	49
11 11	22
11 12	38
11 13	15
11 14	21
11 15	48
11 17	1
11 18	47
11 19	36
11 20	41
11 21	42
11 22	45
11 23	12
11 24	37
11 25	34
11 26	0
11 29	5
11 31	20
11 32	39
11 33	24
11 34	3
11 35	43
11 36	46
11 38	31
11 40	11
11 41	25
11 44	2
11 45	10
11 46	26
11 47	32
11 48	6
12 0	17
12 1	36
12 2	23
12 4	32
12 5	20
12 6	37
12 8	49
12 10	10
12 11	47
12 12	8
12 14	2
12 15	45
12 16	26
12 18	4
12 19	41
12 20	30
12 21	11
12 22	7
12 23	21
12 25	31
12 26	12
12 27	44
12 28	43
12 29	42
12 31	5
12 32	33
12 33	34
12 34	29
12 35	28
12 36	40
12 37	35
12 38	46
12 39	27
12 40	19
12 41	9
12 45	38
12 46	3
12 47	48
12 48	15
12 49	22
13 0	26
13 2	35
13 3	20
13 4	0
13 6	40
13 8	45
13 9	1
13 10	39
13 11	49
13 12	2
13 14	12
13 16	8
13 18	13
13 19	47
13 20	25
13 21	31
13 23	33
13 24	4
13 25	42
13 26	7
13 27	22
13 28	36
13 29	38
13 30	46
13 31	44
13 32	5
13 34	21
13 35	48
13 37	19
13 38	30
13 39	15
13 40	23
13 42	34
13 43	41
13 44	43
13 45	37
13 46	28
13 47	11
13 48	16
14 0	0
14 2	3
14 3	17
14 4	44
14 5	33
14 6	48
14 7	29
14 8	22
14 9	14
14 10	16
14 11	46
14 12	7
14 13	6
14 15	1
14 16	21
14 18	32
14 20	36
14 21	26
14 22	9
14 23	40
14 25	4
14 26	43
14 27	34
14 28	20
14 30	10
14 31	12
14 32	38
14 34	30
14 35	25
14 36	49
14 37	2
14 38	23
14 39	19
14 40	28
14 42	13
14 44	15
14 45	8
14 46	45
14 48	11
14 49	37
15 0	41
15 1	2
15 2	12
15 3	34
15 6	35
15 7	7
15 8	24
15 10	48
15 11	37
15 12	47
15 14	26
15 15	9
15 16	4
15 17	28
15 18	23
15 19	20
15 20	0
15 21	15
15 22	10
15 23	16
15 24	8
15 25	44
15 27	46
15 28	42
15 30	31
15 31	25
15 32	1
15 33	14
15 34	19
15 35	5
15 37	3
15 38	17
15 39	11
15 40	21
15 41	18
15 42	40
15 43	29
15 44	33
15 45	49
15 46	38
15 49	45
16 0	14
16 2	9
16 4	35
16 5	45
16 6	1
16 8	6
16 9	40
16 11	20
16 12	49
16 13	10
16 14	32
16 15	33
16 16	29
16 17	0
16 18	24
16 19	46
16 20	18
16 21	19
16 23	37
16 24	44
16 25	41
16 28	11
16 29	48
16 31	36
16 32	43
16 33	13
16 34	2
16 35	27
16 36	28
16 37	42
16 38	34
16 39	38
16 40	39
16 42	21
16 43	5
16 44	12
16 45	7
16 47	8
16 48	4
16 49	25
17 0	24
17 1	13
17 2	22
17 4	37
17 5	8
17 6	5
17 7	26
17 8	0
17 9	15
17 10	49
17 11	14
17 13	18
17 14	48
17 16	32
17 19	30
17 20	38
17 23	42
17 24	31
17 25	6
17 26	44
17 27	19
17 28	39
17 29	34
17 30	20
17 31	21
17 32	3
17 34	33
17 35	29
17 36	7
17 37	11
17 38	45
17 39	35
17 40	41
17 41	12
17 42	4
17 43	43
17 44	23
17 46	25
17 48	28
18 0	37
18 1	27
18 2	2
18 3	13
18 4	39
18 5	35
18 6	7
18 8	30
18 9	42
18 10	14
18 11	23
18 12	21
18 13	1
18 15	31
18 16	36
18 17	43
18 18	20
18 19	25
18 20	11
18 21	49
18 22	40
18 23	5
18 24	33
18 25	12
18 26	6
18 28	26
18 30	4
18 31	46
18 32	47
18 33	38
18 34	0
18 35	16
18 36	29
18 37	15
18 38	8
18 39	44
18 40	32
18 41	17
18 42	18
18 43	10
18 45	41
18 46	22
18 47	9
18 48	34
18 49	28
19 0	47
19 1	48
19 2	26
19 3	15
19 4	4
19 6	36
19 7	8
19 8	29
19 9	10
19 10	43
19 11	32
19 12	22
19 13	21
19 14	16
19 16	39
19 17	9
19 18	38
19 19	17
19 20	40
19 21	23
19 22	11
19 23	49
19 24	24
19 25	33
19 26	27
19 27	25
19 28	5
19 29	30
19 30	14
19 31	28
19 32	46
19 33	19
19 35	12
19 36	37
19 37	34
19 39	7
19 40	45
19 41	31
19 42	35
19 43	0
19 44	41
19 48	13
19 49	44
20 0	36
20 1	17
20 2	20
20 3	27
20 4	31
20 5	28
20 7	13
20 8	33
20 9	26
20 10	47
20 12	45
20 13	9
20 14	39
20 15	22
20 16	25
20 17	48
20 18	42
20 19	49
20 20	16
20 21	3
20 22	24
20 23	35
20 24	10
20 25	8
20 26	21
20 29	0
20 30	44
20 31	29
20 32	7
20 33	6
20 34	38
20 35	46
20 37	14
20 38	19
20 39	12
20 40	4
20 41	40
20 42	5
20 43	1
20 44	32
20 45	15
20 46	2
20 48	37
20 49	11
21 0	28
21 1	1
21 2	36
21 3	45
21 4	46
21 5	3
21 6	9
21 8	40
21 9	21
21 10	32
21 11	19
21 12	26
21 13	41
21 14	44
21 16	35
21 17	13
21 18	29
21 19	4
21 20	17
21 21	6
21 22	38
21 23	30
21 25	39
21 26	20
21 27	18
21 28	0
21 30	33
21 31	15
21 33	27
21 34	43
21 35	34
21 36	11
21 39	8
21 40	48
21 41	5
21 42	12
21 43	14
21 44	22
21 46	47
21 47	24
21 48	31
22 0	39
22 1	9
22 3	6
22 4	30
22 5	29
22 6	44
22 7	45
22 8	14
22 9	41
22 10	15
22 11	3
22 12	1
22 13	25
22 14	23
22 15	28
22 16	43
22 17	8
22 18	26
22 19	27
22 20	42
22 22	35
22 23	17
22 24	11
22 25	7
22 26	4
22 27	20
22 28	34
22 29	47
22 30	49
22 31	48
22 32	32
22 34	10
22 35	2
22 36	22
22 37	40
22 38	5
22 39	21
22 40	16
22 41	19
22 44	38
22 45	0
22 46	31
22 47	37
22 48	24
23 0	23
23 1	38
23 2	30
23 4	49
23 5	27
23 6	46
23 8	37
23 9	29
23 10	19
23 11	11
23 12	40
23 13	45
23 15	36
23 17	6
23 18	18
23 19	48
23 20	43
23 21	13
23 22	3
23 23	8
23 24	41
23 25	25
23 26	31
23 28	10
23 29	17
23 30	5
23 31	24
23 32	34
23 33	0
23 34	26
23 35	35
23 36	12
23 37	9
23 38	44
23 39	22
23 40	1
23 41	32
23 42	33
23 43	47
23 44	28
23 45	21
23 46	7
23 47	2
23 48	14
24 0	19
24 1	35
24 3	22
24 4	1
24 6	10
24 7	40
24 8	5
24 9	12
24 10	28
24 11	6
24 12	17
24 13	23
24 14	33
24 15	41
24 16	14
24 17	46
24 18	27
24 19	3
24 20	2
24 21	20
24 22	44
24 23	39
24 24	16
24 25	43
24 26	49
24 27	37
24 28	9
24 29	15
24 30	26
24 31	11
24 32	30
24 34	24
24 35	18
24 36	25
24 37	32
24 38	29
24 39	0
24 40	13
24 41	34
24 42	38
24 44	36
24 45	45
24 47	4
24 48	48
24 49	47
25 0	27
25 1	7
25 3	8
25 4	25
25 6	11
25 7	48
25 8	1
25 9	5
25 10	44
25 11	36
25 12	10
25 13	40
25 14	9
25 16	0
25 17	38
25 20	33
25 21	24
25 22	21
25 23	3
25 24	34
25 25	16
25 26	18
25 27	26
25 28	19
25 29	46
25 30	43
25 32	2
25 33	4
25 34	37
25 35	39
25 36	17
25 37	49
25 38	13
25 39	42
25 40	47
25 41	45
25 43	20
25 44	29
25 45	23
25 47	22
25 48	12
25 49	35
26 0	38
26 1	45
26 2	40
26 4	24
26 5	15
26 6	18
26 7	34
26 8	3
26 9	33
26 10	42
26 11	13
26 12	41
26 13	28
26 15	5
26 17	11
26 20	7
26 21	43
26 22	4
26 24	20
26 26	2
26 27	47
26 28	30
26 29	26
26 30	23
26 33	29
26 35	37
26 36	16
26 37	21
26 38	9
26 39	48
26 40	0
26 41	10
26 43	8
26 44	6
26 45	19
26 46	44
26 47	25
26 48	1
26 49	17
27 0	5
27 1	43
27 3	49
27 4	13
27 5	30
27 7	35
27 8	38
27 9	36
27 10	6
27 11	27
27 12	48
27 13	20
27 14	3
27 15	42
27 16	7
27 18	22
27 19	24
27 20	46
27 21	0
27 22	1
27 23	32
27 24	12
27 25	21
27 26	9
27 28	16
27 29	28
27 30	11
27 31	41
27 32	31
27 33	25
27 34	34
27 35	4
27 36	14
27 37	39
27 38	18
27 39	26
27 40	17
27 41	29
27 42	8
27 43	37
27 44	40
27 45	44
27 46	15
27 47	33
27 48	47
27 49	23
28 0	49
28 1	12
28 3	43
28 4	41
28 5	9
28 6	47
28 7	25
28 8	26
28 9	7
28 10	38
28 11	2
28 12	6
28 13	17
28 14	18
28 15	19
28 16	31
28 17	29
28 19	16
28 21	45
28 23	22
28 26	34
28 27	28
28 28	48
28 29	32
28 30	15
28 31	14
28 33	36
28 34	1
28 35	3
28 37	0
28 39	5
28 40	33
28 42	46
28 43	44
28 45	42
28 47	13
28 48	10
28 49	21
29 0	21
29 1	0
29 2	14
29 3	19
29 4	20
29 5	12
29 6	49
29 7	11
29 8	42
29 9	38
29 10	2
29 11	39
29 12	5
29 14	25
29 16	30
29 17	27
29 19	35
29 20	13
29 22	6
29 24	22
29 25	45
29 26	3
29 27	40
29 30	29
29 31	47
29 32	23
29 33	9
29 34	48
29 35	1
29 36	31
29 37	18
29 39	28
29 40	10
29 42	37
29 43	36
29 44	16
29 45	43
29 47	15
29 49	26
30 0	16
30 2	44
30 3	25
30 4	21
30 5	32
30 6	42
30 7	38
30 8	17
30 9	11
30 10	33
30 11	28
30 12	13
30 13	27
30 14	46
30 15	14
30 17	4
30 18	1
30 21	36
30 22	2
30 23	34
30 24	30
30 25	5
30 26	10
30 27	48
30 28	15
30 29	49
30 31	0
30 32	40
30 33	26
30 34	7
30 35	6
30 37	31
30 38	39
30 39	20
30 40	8
30 41	43
30 42	23
30 43	22
30 45	24
30 47	3
30 48	29
31 0	15
31 1	39
31 2	49
31 3	37
31 4	2
31 5	6
31 6	31
31 7	46
31 8	34
31 9	24
31 10	3
31 12	36
31 13	26
31 14	30
31 15	38
31 16	16
31 17	44
31 18	14
31 19	12
31 20	1
31 21	21
31 22	0
31 23	23
31 24	29
31 25	47
31 26	5
31 27	41
31 28	25
31 29	9
31 30	22
31 31	13
31 32	8
31 33	17
31 34	28
31 35	11
31 37	10
31 38	40
31 40	42
31 43	4
31 44	27
31 45	35
31 46	32
31 48	18
31 49	33
32 1	44
32 2	43
32 3	16
32 5	24
32 6	32
32 7	18
32 8	28
32 9	22
32 10	46
32 12	11
32 13	33
32 14	41
32 15	34
32 16	27
32 17	2
32 19	29
32 20	15
32 23	36
32 26	35
32 27	1
32 28	40
32 29	12
32 30	8
32 31	30
32 33	20
32 34	14
32 35	38
32 37	6
32 38	37
32 40	25
32 42	3
32 43	13
32 44	39
32 47	31
32 48	5
32 49	19
33 0	12
33 1	14
33 2	32
33 3	38
33 4	16
33 6	23
33 7	44
33 8	43
33 9	20
33 10	37
33 11	26
33 12	0
33 13	31
33 14	47
33 15	13
33 16	6
33 17	22
33 20	10
33 21	34
33 23	7
33 24	21
33 25	27
33 27	45
33 28	33
33 30	18
33 32	19
33 33	11
33 35	9
33 37	29
33 38	36
33 40	40
33 41	8
33 42	49
33 43	15
33 44	30
33 45	39
33 46	17
33 48	25
33 49	48
34 0	9
34 1	26
34 2	41
34 3	48
34 5	47
34 6	27
34 7	5
34 8	10
34 9	30
34 10	20
34 11	17
34 12	44
34 13	11
34 14	31
34 16	33
34 17	34
34 18	46
34 19	8
34 20	29
34 21	35
34 22	13
34 23	25
34 24	43
34 25	28
34 26	19
34 27	32
34 28	3
34 29	18
34 30	21
34 31	2
34 32	15
34 33	7
34 35	22
34 37	12
34 38	14
34 39	6
34 40	49
34 41	37
34 42	42
34 46	0
34 47	39
34 48	23
34 49	24
35 0	44
35 2	25
35 3	24
35 4	28
35 5	17
35 7	9
35 9	19
35 10	34
35 12	15
35 13	49
35 15	21
35 16	3
35 17	37
35 18	12
35 20	22
35 21	4
35 22	42
35 23	18
35 24	45
35 25	30
35 26	32
35 27	36
35 29	16
35 30	38
35 31	10
35 33	31
35 35	47
35 37	7
35 38	48
35 39	29
35 40	35
35 41	39
35 43	33
35 44	0
35 45	14
35 46	43
35 47	23
35 48	27
35 49	40
36 0	18
36 1	49
36 2	0
36 3	2
36 4	15
36 5	22
36 6	21
36 7	27
36 9	17
36 10	1
36 11	25
36 13	36
36 14	34
36 15	44
36 16	28
36 19	42
36 20	24
36 21	12
36 22	39
36 23	45
36 24	48
36 25	10
36 27	33
36 28	35
36 29	20
36 30	32
36 31	37
36 32	6
36 33	47
36 35	31
36 36	3
36 37	13
36 38	26
36 40	30
36 41	23
36 42	16
36 43	19
36 44	14
36 46	4
36 47	40
36 48	41
36 49	9
37 0	33
37 1	42
37 2	45
37 3	32
37 5	19
37 6	6
37 7	21
37 8	15
37 9	0
37 10	35
37 11	12
37 12	14
37 13	29
37 14	27
37 15	11
37 16	47
37 17	36
37 18	10
37 19	18
37 20	37
37 21	41
37 22	20
37 23	31
37 24	40
37 25	22
37 27	49
37 29	7
37 30	1
37 31	4
37 32	9
37 33	5
37 34	25
37 35	17
37 36	38
37 37	30
37 41	13
37 42	28
37 43	3
37 45	34
37 46	23
37 47	26
37 48	46
38 0	45
38 1	8
38 4	34
38 5	26
38 7	6
38 8	31
38 9	23
38 10	7
38 11	29
38 13	39
38 15	37
38 17	5
38 18	49
38 19	10
38 20	47
38 21	30
38 22	36
38 23	2
38 25	35
38 27	4
38 28	28
38 29	14
38 30	0
38 31	40
38 32	16
38 33	3
38 35	13
38 36	44
38 37	46
38 38	21
38 39	32
38 40	27
38 41	38
38 42	22
38 43	48
38 44	17
38 45	20
38 46	1
38 47	42
38 48	9
38 49	43
39 0	32
39 2	48
39 5	46
39 6	15
39 7	16
39 8	12
39 9	28
39 10	45
39 12	35
39 13	42
39 14	43
39 15	0
39 18	36
39 19	5
39 20	19
39 21	47
39 22	33
39 23	10
39 24	13
39 25	37
39 26	11
39 27	29
39 28	27
39 29	3
39 30	2
39 31	7
39 32	20
39 35	26
39 37	24
39 38	25
39 39	34
39 40	31
39 41	22
39 42	6
39 43	49
39 44	21
39 45	30
39 46	39
39 47	14
39 49	38
40 0	3
40 2	8
40 3	44
40 5	21
40 7	30
40 8	11
40 9	4
40 10	22
40 11	35
40 12	28
40 13	48
40 15	20
40 17	33
40 18	17
40 19	0
40 20	49
40 22	29
40 23	27
40 24	15
40 26	37
40 27	14
40 28	2
40 29	1
40 30	47
40 32	41
40 33	43
40 34	23
40 35	7
40 36	32
40 37	25
40 38	10
40 39	46
40 40	24
40 41	36
40 42	31
40 43	38
40 44	19
40 45	5
40 46	9
40 47	12
40 48	42
40 49	6
41 1	34
41 2	17
41 3	28
41 6	38
41 7	36
41 8	2
41 9	47
41 11	10
41 12	32
41 13	24
41 14	7
41 15	25
41 16	41
41 17	30
41 18	39
41 19	6
41 20	44
41 21	5
41 23	48
41 24	14
41 25	1
41 26	40
41 28	29
41 30	9
41 31	31
41 34	27
41 35	15
41 36	8
41 37	4
41 39	13
41 40	12
41 41	16
41 43	23
41 47	18
41 48	45
41 49	3
42 1	31
42 2	37
42 3	46
42 4	36
42 6	16
42 7	4
42 8	35
42 9	25
42 10	5
42 12	23
42 13	32
42 14	0
42 15	2
42 17	21
42 18	34
42 19	28
42 21	38
42 22	27
42 23	19
42 24	7
42 25	20
42 26	14
42 27	17
42 28	47
42 29	6
42 30	13
42 31	22
42 32	42
42 33	48
42 34	11
42 39	30
42 40	15
42 41	33
42 42	39
42 43	9
42 44	8
42 46	29
42 47	49
43 0	11
43 1	28
43 2	24
43 3	18
43 4	14
43 5	44
43 6	26
43 7	33
43 8	8
43 9	16
43 10	29
43 11	0
43 13	37
43 14	1
43 15	6
43 16	13
43 17	19
43 18	9
43 20	34
43 21	39
43 22	32
43 23	41
43 24	27
43 25	48
43 26	25
43 27	42
43 28	49
43 30	40
43 31	43
43 32	22
43 33	46
43 35	30
43 37	5
43 38	35
43 39	17
43 40	36
43 41	21
43 42	47
43 43	2
43 44	4
43 45	31
43 47	45
43 48	38
43 49	20
44 0	25
44 1	23
44 2	15
44 5	41
44 6	0
44 7	32
44 8	44
44 9	35
44 11	31
44 14	37
44 15	24
44 16	42
44 17	20
44 18	2
44 19	26
44 20	14
44 21	28
44 22	30
44 24	49
44 25	19
44 28	22
44 29	29
44 31	16
44 32	17
44 34	40
44 35	8
44 36	47
44 37	48
44 38	12
44 39	39
44 44	18
44 45	27
44 46	6
44 47	21
45 1	11
45 2	34
45 3	41
45 4	40
45 5	36
45 6	13
45 8	23
45 9	46
45 10	30
45 11	5
45 12	19
45 13	38
45 14	4
45 19	37
45 21	10
45 22	28
45 23	6
45 26	26
45 27	21
45 28	45
45 29	2
45 30	39
45 33	16
45 35	33
45 36	0
45 37	8
45 40	44
45 41	47
45 42	15
45 43	24
45 44	31
45 46	12
45 47	35
45 49	49
46 0	31
46 2	47
46 3	0
46 4	29
46 5	38
46 6	33
46 7	24
46 10	25
46 11	43
46 12	12
46 14	8
46 15	30
46 16	2
46 17	14
46 18	5
46 19	22
46 22	37
46 24	6
46 25	40
46 26	23
46 27	3
46 28	46
46 29	13
46 30	45
46 32	35
46 33	41
46 34	15
46 35	42
46 36	21
46 37	27
46 38	28
46 39	4
46 40	7
46 42	32
46 43	11
46 44	49
46 45	17
46 46	36
46 48	26
47 0	30
47 1	5
47 2	42
47 3	47
47 5	37
47 6	22
47 8	9
47 10	21
47 11	4
47 12	43
47 13	44
47 14	15
47 15	23
47 16	38
47 17	12
47 18	19
47 19	13
47 20	6
47 22	25
47 23	26
47 24	46
47 25	24
47 27	11
47 28	18
47 29	39
47 31	45
47 32	10
47 35	14
47 37	33
47 38	0
47 39	40
47 40	3
47 41	35
47 42	41
47 43	28
47 44	34
47 45	32
47 46	27
47 47	1
47 49	36
48 0	34
48 1	37
48 3	4
48 5	43
48 7	15
48 8	41
48 9	45
48 10	31
48 13	8
48 14	29
48 17	32
48 18	35
48 19	38
48 20	23
48 21	25
48 22	49
48 23	47
48 26	13
48 27	10
48 28	44
48 30	48
48 31	9
48 32	0
48 33	1
48 35	40
48 36	6
48 37	36
48 38	27
48 39	24
48 40	22
48 41	3
48 42	20
48 43	17
48 45	28
48 46	33
48 48	21
49 0	20
49 1	3
49 3	11
49 4	22
49 6	29
49 7	43
49 8	19
49 9	8
49 10	24
49 11	9
49 12	27
49 13	46
49 14	17
49 15	18
49 17	23
49 18	6
49 19	33
49 20	39
49 22	34
49 23	15
49 24	32
49 26	41
49 27	5
49 28	31
49 30	42
49 31	49
49 32	12
49 34	16
49 35	21
49 36	26
49 37	28
49 38	38
49 39	25
49 40	14
49 41	30
49 43	35
49 46	37
49 48	44
