50
0 1	13
0 2	19
0 3	21
0 8	20
0 10	38
0 11	26
0 12	14
0 13	46
0 14	23
0 15	11
0 16	42
0 21	22
0 22	6
0 25	10
0 30	2
0 31	44
0 33	17
0 34	34
0 35	35
0 43	43
0 45	18
0 46	37
0 48	32
0 49	40
1 0	38
1 1	15
1 2	10
1 3	4
1 5	22
1 7	14
1 11	25
1 12	37
1 16	40
1 19	46
1 22	39
1 25	44
1 26	17
1 27	41
1 28	32
1 30	21
1 31	29
1 32	16
1 33	20
1 34	13
1 36	23
1 37	26
1 38	3
1 40	35
1 42	47
1 46	33
1 49	43
2 0	48
2 7	19
2 8	8
2 9	30
2 12	0
2 13	26
2 14	10
2 19	22
2 21	9
2 23	42
2 24	29
2 28	28
2 29	36
2 30	37
2 33	40
2 34	16
2 36	18
2 37	44
2 38	14
2 39	1
2 44	45
2 45	21
2 46	20
2 48	38
3 2	15
3 3	20
3 4	41
3 5	35
3 6	7
3 10	4
3 16	0
3 20	38
3 24	48
3 25	27
3 27	9
3 32	49
3 33	34
3 35	46
3 36	6
3 38	10
3 39	37
3 41	31
3 42	23
3 43	26
3 44	47
3 46	25
3 48	21
4 0	45
4 1	26
4 5	46
4 6	10
4 7	23
4 8	25
4 11	7
4 12	27
4 16	48
4 18	29
4 19	39
4 25	1
4 26	16
4 27	35
4 30	19
4 32	33
4 34	31
4 36	38
4 41	11
4 46	2
4 47	44
4 48	43
4 49	24
5 0	34
5 1	24
5 3	29
5 4	25
5 6	26
5 10	14
5 11	49
5 16	8
5 17	4
5 18	42
5 19	6
5 24	2
5 26	39
5 29	30
5 31	27
5 35	33
5 36	32
5 38	38
5 42	18
5 45	12
5 46	21
5 47	7
5 49	15
6 0	37
6 2	45
6 4	23
6 5	49
6 6	35
6 7	30
6 8	42
6 11	39
6 12	20
6 13	9
6 17	1
6 19	17
6 20	48
6 26	22
6 27	26
6 30	10
6 32	0
6 34	6
6 35	5
6 36	43
6 37	11
6 39	16
6 40	29
6 41	15
6 42	34
6 44	18
6 45	32
6 46	13
6 49	27
7 0	25
7 1	45
7 3	5
7 4	37
7 6	44
7 8	13
7 9	39
7 11	4
7 12	3
7 15	40
7 16	31
7 17	17
7 18	9
7 19	7
7 20	24
7 21	20
7 22	19
7 23	29
7 24	0
7 27	2
7 28	34
7 29	16
7 32	27
7 33	14
7 34	10
7 37	18
7 40	26
7 41	48
7 44	32
7 45	41
7 48	35
7 49	42
8 0	24
8 2	49
8 7	42
8 9	0
8 10	34
8 12	2
8 15	19
8 18	22
8 19	21
8 22	30
8 24	8
8 28	10
8 29	31
8 31	25
8 32	36
8 33	45
8 36	5
8 37	9
8 38	27
8 44	37
8 45	15
8 46	41
8 49	3
9 0	28
9 1	39
9 2	0
9 3	16
9 10	9
9 14	43
9 15	31
9 18	21
9 19	8
9 20	14
9 21	26
9 23	25
9 24	35
9 25	40
9 26	10
9 28	44
9 29	20
9 34	46
9 35	2
9 36	24
9 40	23
9 43	4
9 46	32
9 48	36
9 49	47
10 1	0
10 2	44
10 3	43
10 5	20
10 6	42
10 7	27
10 9	10
10 10	32
10 14	14
10 15	18
10 16	21
10 17	8
10 18	48
10 21	25
10 24	45
10 25	31
10 26	11
10 27	23
10 28	6
10 29	12
10 30	5
10 32	34
10 33	37
10 34	39
10 38	35
10 45	47
10 46	29
10 47	26
10 48	19
11 0	22
11 6	25
11 9	4
11 10	29
11 11	24
11 13	39
11 14	32
11 18	19
11 20	11
11 21	28
11 22	37
11 25	30
11 28	26
11 29	14
11 30	20
11 31	47
11 32	48
11 36	12
11 39	18
11 40	40
11 43	1
11 44	33
11 45	42
11 46	17
12 2	6
12 5	28
12 6	19
12 7	12
12 8	29
12 9	7
12 13	13
12 16	4
12 19	40
12 20	9
12 23	15
12 24	18
12 26	41
12 28	38
12 32	32
12 33	26
12 34	17
12 36	2
12 38	5
12 42	22
12 43	36
12 44	11
12 45	10
12 49	48
13 0	15
13 2	46
13 4	45
13 6	31
13 8	18
13 10	0
13 13	29
13 16	24
13 20	26
13 22	34
13 23	8
13 26	20
13 27	36
13 29	22
13 34	7
13 35	48
13 37	19
13 38	6
13 40	1
13 41	37
13 43	33
13 44	13
13 46	49
13 47	27
14 2	4
14 4	35
14 5	34
14 8	2
14 9	36
14 11	23
14 12	31
14 14	42
14 15	41
14 16	13
14 19	20
14 24	22
14 31	0
14 36	27
14 37	33
14 38	16
14 40	15
14 41	7
14 42	26
14 43	32
14 46	48
14 49	18
15 1	38
15 3	32
15 4	48
15 9	47
15 13	20
15 15	3
15 16	39
15 17	16
15 21	46
15 25	0
15 26	1
15 27	13
15 30	17
15 33	23
15 37	28
15 38	34
15 39	33
15 42	44
15 43	18
15 44	27
15 45	19
15 47	6
16 2	7
16 3	2
16 4	21
16 5	26
16 8	4
16 9	16
16 10	45
16 13	23
16 16	3
16 17	18
16 19	38
16 20	30
16 22	32
16 23	22
16 26	9
16 28	42
16 30	12
16 31	40
16 32	1
16 35	11
16 36	37
16 37	8
16 38	49
16 39	24
16 40	34
16 41	35
16 44	0
16 45	39
16 46	14
16 47	33
16 48	17
16 49	41
17 1	18
17 3	22
17 5	45
17 8	27
17 9	11
17 10	23
17 11	30
17 12	46
17 16	29
17 18	31
17 21	16
17 23	21
17 25	14
17 28	17
17 29	8
17 30	41
17 31	39
17 32	3
17 38	1
17 39	42
17 40	49
17 41	20
17 42	43
17 43	48
17 46	47
18 0	20
18 2	5
18 5	11
18 6	8
18 8	37
18 9	18
18 12	49
18 13	21
18 15	0
18 17	32
18 20	36
18 21	42
18 25	41
18 26	26
18 27	6
18 29	15
18 30	46
18 31	28
18 32	10
18 33	19
18 34	23
18 35	25
18 36	34
18 40	47
18 44	35
18 45	22
18 46	39
18 49	33
19 2	2
19 5	48
19 9	8
19 10	40
19 11	1
19 12	36
19 13	10
19 15	26
19 16	32
19 20	44
19 21	17
19 23	47
19 26	5
19 27	34
19 28	18
19 31	38
19 33	21
19 36	14
19 39	6
19 41	4
19 45	45
19 46	43
19 48	0
19 49	29
20 2	42
20 3	34
20 5	24
20 6	29
20 9	15
20 10	28
20 13	31
20 16	22
20 17	44
20 18	43
20 19	1
20 21	14
20 22	5
20 27	47
20 28	19
20 31	8
20 32	26
20 33	32
20 35	41
20 36	35
20 39	27
20 40	36
20 43	37
20 47	39
20 48	48
21 0	44
21 3	45
21 6	4
21 7	33
21 8	30
21 9	26
21 12	40
21 14	22
21 16	12
21 21	3
21 24	10
21 30	36
21 32	42
21 33	16
21 34	29
21 37	20
21 42	13
21 43	39
21 44	14
21 45	7
21 46	28
21 48	41
22 5	9
22 7	21
22 11	42
22 13	1
22 15	7
22 16	27
22 17	35
22 18	25
22 20	49
22 25	38
22 26	46
22 28	16
22 30	18
22 31	32
22 33	6
22 35	22
22 36	29
22 39	36
22 40	37
22 41	30
22 42	17
22 44	15
22 47	12
22 48	11
23 3	18
23 4	4
23 5	0
23 9	48
23 11	37
23 13	33
23 14	15
23 17	19
23 18	34
23 20	46
23 24	6
23 25	11
23 26	12
23 30	8
23 32	21
23 33	43
23 34	35
23 35	9
23 39	3
23 41	22
23 43	5
23 44	36
23 45	2
23 46	24
23 47	20
23 48	10
24 0	2
24 1	33
24 3	44
24 4	30
24 6	17
24 8	3
24 9	35
24 11	31
24 13	8
24 14	38
24 15	4
24 16	18
24 17	42
24 18	45
24 24	41
24 26	19
24 27	39
24 28	20
24 29	48
24 30	34
24 32	40
24 33	49
24 34	26
24 36	46
24 38	24
24 39	14
24 40	0
24 41	47
24 44	23
24 48	12
24 49	32
25 1	1
25 2	23
25 3	40
25 4	22
25 5	27
25 6	30
25 12	4
25 18	46
25 20	3
25 24	25
25 27	19
25 31	11
25 34	24
25 36	8
25 41	32
25 43	9
25 44	41
25 48	37
26 0	1
26 8	23
26 9	20
26 10	6
26 11	38
26 12	42
26 13	37
26 15	21
26 16	25
26 18	17
26 19	48
26 20	18
26 21	5
26 22	13
26 24	11
26 25	45
26 27	31
26 28	47
26 33	15
26 34	36
26 36	19
26 38	43
26 40	39
26 42	32
26 45	30
26 47	49
26 48	27
27 0	29
27 1	35
27 2	18
27 4	32
27 5	42
27 9	23
27 10	13
27 12	17
27 14	11
27 16	43
27 18	12
27 21	6
27 29	45
27 30	40
27 34	19
27 35	24
27 39	5
27 40	20
27 44	28
27 45	44
27 47	34
27 48	22
27 49	14
28 2	12
28 4	14
28 5	31
28 7	32
28 9	24
28 14	1
28 16	46
28 23	27
28 25	42
28 26	47
28 28	13
28 29	21
28 33	8
28 36	4
28 38	26
28 40	30
28 41	6
28 42	36
28 43	35
28 45	48
28 47	40
28 48	25
28 49	9
29 0	49
29 1	14
29 2	21
29 4	24
29 6	47
29 9	31
29 10	33
29 13	30
29 14	36
29 17	26
29 18	1
29 19	5
29 20	27
29 21	7
29 22	12
29 28	48
29 29	32
29 31	13
29 33	18
29 35	40
29 36	22
29 37	25
29 38	39
29 40	28
29 43	20
29 46	6
29 47	10
29 48	46
29 49	19
30 0	10
30 3	48
30 5	18
30 7	41
30 9	29
30 11	40
30 12	43
30 17	21
30 18	26
30 20	20
30 25	34
30 26	23
30 27	4
30 28	39
30 30	30
30 31	5
30 32	14
30 33	28
30 35	0
30 38	19
30 41	25
30 42	45
30 43	24
30 44	22
30 45	33
30 47	15
30 49	36
31 1	12
31 2	26
31 3	9
31 6	16
31 7	18
31 9	21
31 11	43
31 13	32
31 14	28
31 16	11
31 17	15
31 19	34
31 22	7
31 24	46
31 26	37
31 31	36
31 32	47
31 33	10
31 34	22
31 35	30
31 37	4
31 38	33
31 41	44
31 43	38
31 48	13
31 49	6
32 0	17
32 1	46
32 4	3
32 7	20
32 9	25
32 13	11
32 15	23
32 17	2
32 19	44
32 21	18
32 24	31
32 26	24
32 27	32
32 33	4
32 34	48
32 36	16
32 38	45
32 40	10
32 41	12
32 42	6
32 43	42
32 46	15
32 47	21
33 6	6
33 8	26
33 9	38
33 11	17
33 13	28
33 14	33
33 15	37
33 17	11
33 18	36
33 20	13
33 22	8
33 24	44
33 25	22
33 28	41
33 31	15
33 35	39
33 37	14
33 39	21
33 41	40
33 47	42
34 2	41
34 7	22
34 9	3
34 12	19
34 14	12
34 15	13
34 20	0
34 21	49
34 22	10
34 24	32
34 25	17
34 26	25
34 28	11
34 34	43
34 37	45
34 39	29
34 40	42
34 41	39
34 42	37
34 43	23
34 44	2
35 1	23
35 3	42
35 5	39
35 8	1
35 9	34
35 10	22
35 11	33
35 12	41
35 13	3
35 14	4
35 15	49
35 16	5
35 17	25
35 19	43
35 20	37
35 24	7
35 27	10
35 32	9
35 33	24
35 37	35
35 38	17
35 44	26
35 45	14
35 46	8
35 47	36
35 48	16
35 49	21
36 1	22
36 3	36
36 8	43
36 9	44
36 10	20
36 11	9
36 14	29
36 15	25
36 18	0
36 20	8
36 21	45
36 22	23
36 25	19
36 26	14
36 27	21
36 29	18
36 30	28
36 31	26
36 40	5
36 41	10
36 42	49
36 46	1
36 48	33
36 49	17
37 1	37
37 2	35
37 4	43
37 5	4
37 9	9
37 14	8
37 17	22
37 19	19
37 21	15
37 22	0
37 24	14
37 25	26
37 28	3
37 30	44
37 31	24
37 32	5
37 33	36
37 34	18
37 36	33
37 37	29
37 40	6
37 42	11
37 43	25
37 45	16
37 46	30
37 49	13
38 0	8
38 1	47
38 3	41
38 4	16
38 5	12
38 8	28
38 11	46
38 13	44
38 17	39
38 20	31
38 21	27
38 25	15
38 27	18
38 28	29
38 29	2
38 33	38
38 36	42
38 37	24
38 42	21
38 43	10
38 44	1
38 46	19
38 47	45
38 49	25
39 0	14
39 3	0
39 4	42
39 8	11
39 11	5
39 12	48
39 13	45
39 15	44
39 19	3
39 20	22
39 21	4
39 27	25
39 28	21
39 29	38
39 33	35
39 34	47
39 36	36
39 37	34
39 38	29
39 39	15
39 40	27
39 47	31
39 48	20
40 0	21
40 1	44
40 2	14
40 4	49
40 5	6
40 10	16
40 11	11
40 12	25
40 14	31
40 16	10
40 19	30
40 22	18
40 23	24
40 24	19
40 25	2
40 26	7
40 29	3
40 30	29
40 34	37
40 35	32
40 36	20
40 40	17
40 41	28
40 43	13
40 45	4
40 46	27
41 1	2
41 3	15
41 6	22
41 9	37
41 10	48
41 11	19
41 12	8
41 14	5
41 15	27
41 17	40
41 21	30
41 23	38
41 26	0
41 28	24
41 30	31
41 31	1
41 32	46
41 33	7
41 36	26
41 40	32
41 41	43
41 42	28
41 46	9
41 48	6
41 49	11
42 3	37
42 4	2
42 5	44
42 6	0
42 8	15
42 10	18
42 11	10
42 12	21
42 13	42
42 14	35
42 16	6
42 17	45
42 19	14
42 24	26
42 25	13
42 27	3
42 29	39
42 31	49
42 34	32
42 38	7
42 39	4
42 41	9
42 42	29
42 43	22
42 48	8
43 1	31
43 2	1
43 3	38
43 5	37
43 6	45
43 8	0
43 12	29
43 14	34
43 15	35
43 20	12
43 25	49
43 26	42
43 27	8
43 28	43
43 30	22
43 34	5
43 37	32
43 39	46
43 40	33
43 42	3
43 43	21
43 45	25
43 46	4
43 47	23
44 0	26
44 3	13
44 5	3
44 6	38
44 10	5
44 11	48
44 15	28
44 17	46
44 18	24
44 19	47
44 20	40
44 21	32
44 22	25
44 26	44
44 27	43
44 29	6
44 30	4
44 31	9
44 32	17
44 35	42
44 39	8
44 44	20
44 45	11
44 46	0
44 47	2
44 49	34
45 2	8
45 3	46
45 4	28
45 5	15
45 6	1
45 7	37
45 8	45
45 9	13
45 10	3
45 14	2
45 17	23
45 19	32
45 20	25
45 22	11
45 23	34
45 25	36
45 29	27
45 30	48
45 31	30
45 33	39
45 35	38
45 36	21
45 40	24
45 42	0
45 43	40
45 47	9
45 48	44
45 49	4
46 0	43
46 1	40
46 2	39
46 11	8
46 13	49
46 14	3
46 15	34
46 16	20
46 18	35
46 20	21
46 22	17
46 24	37
46 28	22
46 30	1
46 31	4
46 33	13
46 34	42
46 35	16
46 37	31
46 38	32
46 41	18
46 42	27
46 45	9
46 46	11
46 49	10
47 1	25
47 2	3
47 4	39
47 8	32
47 13	5
47 14	7
47 16	16
47 22	48
47 23	2
47 24	49
47 25	18
47 28	33
47 32	44
47 33	47
47 34	38
47 38	20
47 39	13
47 40	9
47 42	46
47 43	45
47 44	4
47 45	43
47 46	40
47 47	0
48 1	27
48 2	34
48 3	25
48 4	47
48 7	8
48 9	5
48 11	21
48 16	26
48 18	13
48 21	31
48 24	43
48 25	4
48 26	35
48 31	46
48 36	10
48 38	40
48 39	11
48 43	2
48 44	38
48 45	28
48 49	22
49 1	34
49 2	24
49 3	28
49 4	26
49 5	1
49 9	43
49 10	21
49 11	32
49 12	22
49 14	20
49 15	15
49 16	37
49 18	23
49 20	7
49 21	33
49 22	47
49 24	12
49 25	25
49 26	2
49 28	31
49 29	4
49 31	10
49 38	13
49 39	49
49 41	45
49 42	35
49 43	46
49 44	44
49 46	16
49 48	14
