50
0 1	4
0 4	47
0 6	48
0 8	39
0 12	35
0 16	12
0 19	11
0 24	36
0 25	46
0 28	5
0 38	49
0 44	25
0 45	30
0 46	31
0 47	22
1 8	32
1 10	40
1 18	18
1 24	37
1 29	1
1 37	41
2 1	12
2 2	39
2 5	32
2 6	43
2 8	21
2 15	35
2 21	5
2 22	29
2 27	7
2 28	27
2 33	2
2 37	49
2 39	18
2 41	4
2 46	28
2 49	3
3 1	42
3 10	17
3 11	48
3 12	23
3 13	40
3 15	11
3 17	45
3 23	4
3 26	41
3 27	5
3 29	15
3 30	9
3 31	35
3 34	39
3 41	38
3 42	34
3 46	2
3 47	32
4 3	10
4 4	46
4 12	1
4 17	33
4 18	13
4 19	2
4 20	22
4 23	17
4 24	16
4 26	43
4 27	44
4 30	15
4 31	11
4 37	29
4 39	47
4 43	24
4 44	35
5 0	37
5 5	18
5 12	10
5 13	14
5 14	3
5 18	42
5 20	15
5 21	31
5 22	1
5 23	19
5 24	40
5 26	22
5 32	17
5 35	41
5 37	8
5 42	12
5 44	32
5 45	29
5 46	5
5 48	43
6 0	1
6 2	22
6 4	2
6 6	33
6 10	7
6 11	18
6 16	48
6 19	29
6 26	36
6 28	39
6 30	19
6 40	30
6 42	27
6 43	4
6 44	21
7 1	15
7 4	4
7 9	12
7 15	42
7 16	34
7 19	22
7 21	43
7 25	14
7 26	2
7 27	16
7 29	13
7 30	8
7 34	44
7 37	5
7 41	40
7 42	19
7 48	18
7 49	36
8 0	27
8 7	8
8 12	21
8 14	36
8 19	5
8 21	34
8 22	14
8 23	12
8 30	16
8 31	31
8 35	30
8 40	47
8 41	18
8 42	40
8 46	42
8 47	10
8 49	19
9 1	39
9 4	9
9 7	13
9 13	5
9 14	25
9 15	47
9 16	7
9 18	48
9 25	24
9 26	27
9 29	43
9 31	37
9 33	35
9 34	18
9 40	32
9 41	33
9 45	49
9 46	15
10 4	10
10 7	5
10 8	6
10 10	30
10 13	32
10 15	20
10 20	25
10 22	45
10 23	40
10 24	2
10 30	33
10 35	35
10 36	8
10 39	39
10 40	4
10 42	46
10 46	27
10 47	9
11 5	47
11 6	27
11 9	8
11 12	20
11 13	18
11 24	0
11 25	1
11 29	39
11 34	9
11 37	36
11 43	12
11 46	29
11 49	44
12 4	23
12 6	26
12 7	16
12 8	15
12 9	19
12 10	32
12 11	47
12 12	5
12 13	3
12 15	36
12 16	31
12 25	4
12 27	18
12 32	41
12 33	13
12 34	22
12 36	43
12 39	34
12 40	10
12 41	11
12 43	35
12 47	45
13 1	1
13 5	6
13 9	48
13 13	30
13 17	29
13 18	34
13 26	15
13 27	41
13 28	16
13 30	32
13 36	27
13 42	44
13 44	18
13 46	7
13 49	23
14 3	42
14 7	31
14 11	3
14 14	4
14 16	28
14 17	19
14 19	7
14 20	1
14 21	29
14 23	44
14 25	27
14 34	11
14 36	16
14 42	49
14 44	36
14 46	34
14 48	20
15 4	49
15 5	20
15 9	9
15 11	40
15 12	30
15 16	16
15 26	29
15 27	25
15 29	21
15 32	33
15 33	4
15 38	26
15 39	11
15 40	24
15 42	42
15 43	1
15 46	18
15 47	19
15 48	5
16 0	31
16 1	34
16 2	11
16 3	16
16 4	22
16 6	46
16 9	5
16 14	29
16 16	36
16 23	45
16 33	30
16 34	27
16 40	44
16 43	0
16 44	40
16 45	41
16 48	28
16 49	18
17 0	29
17 3	45
17 5	42
17 6	3
17 7	47
17 9	35
17 13	24
17 15	9
17 17	41
17 19	0
17 22	44
17 27	30
17 34	10
17 36	26
17 48	14
18 0	3
18 1	26
18 3	20
18 9	41
18 14	49
18 15	18
18 18	45
18 22	37
18 23	0
18 24	8
18 25	36
18 28	17
18 29	40
18 33	7
18 35	11
18 36	35
18 37	25
18 38	10
18 39	29
18 45	16
18 48	46
19 0	33
19 3	1
19 4	12
19 8	30
19 12	34
19 14	32
19 17	24
19 37	39
19 38	43
19 39	35
19 40	42
19 41	19
19 42	20
19 46	25
20 1	5
20 4	11
20 6	7
20 12	29
20 13	15
20 21	38
20 23	37
20 28	24
20 29	4
20 30	28
20 31	32
20 45	17
20 46	39
20 49	0
21 1	40
21 2	17
21 5	16
21 6	32
21 7	2
21 8	33
21 10	38
21 15	13
21 18	22
21 19	19
21 20	44
21 21	1
21 29	23
21 31	4
21 37	0
21 38	36
21 40	15
22 2	13
22 3	35
22 7	41
22 10	39
22 11	36
22 12	24
22 18	37
22 20	19
22 27	15
22 31	18
22 34	0
22 35	38
22 36	44
22 40	16
22 43	21
22 45	47
22 46	4
22 47	48
22 48	29
23 1	20
23 2	21
23 3	6
23 5	4
23 6	49
23 12	0
23 21	8
23 23	18
23 24	11
23 28	48
23 33	33
23 36	13
23 37	12
23 47	47
24 10	29
24 12	19
24 15	44
24 22	22
24 27	12
24 31	33
24 32	48
24 34	7
24 44	6
24 46	32
24 48	41
25 0	0
25 1	7
25 4	6
25 5	30
25 10	48
25 20	41
25 25	22
25 28	11
25 29	19
25 35	15
25 41	47
25 43	17
25 45	2
25 49	49
26 0	19
26 1	29
26 5	7
26 6	0
26 10	24
26 21	32
26 24	20
26 31	28
26 34	3
26 37	47
26 42	9
27 3	4
27 7	1
27 11	23
27 12	37
27 17	44
27 18	43
27 23	9
27 28	26
27 34	12
27 35	14
27 41	36
27 46	38
27 47	13
27 49	17
28 2	45
28 3	31
28 4	13
28 6	16
28 7	39
28 23	47
28 41	48
28 42	5
28 43	29
28 45	35
28 46	8
29 2	27
29 4	25
29 9	33
29 11	7
29 13	21
29 16	42
29 17	22
29 19	24
29 22	9
30 2	26
30 4	36
30 6	12
30 7	24
30 11	22
30 13	16
30 15	8
30 17	14
30 23	34
30 27	13
30 29	38
30 32	7
30 35	43
30 38	42
30 45	15
30 49	39
31 0	42
31 3	3
31 11	37
31 12	11
31 21	25
31 41	46
31 46	0
31 48	9
31 49	10
32 4	14
32 15	37
32 19	43
32 20	36
32 21	20
32 22	41
32 26	34
32 34	30
32 38	25
32 42	21
32 49	9
33 2	15
33 4	42
33 7	12
33 14	7
33 16	41
33 21	28
33 27	27
33 29	14
33 37	3
33 39	6
33 42	1
33 48	24
33 49	43
34 10	16
34 17	40
34 18	10
34 19	18
34 25	34
34 27	2
34 28	23
34 31	27
34 33	47
34 37	48
34 38	20
34 39	28
34 44	12
34 45	4
34 46	14
34 49	33
35 9	46
35 15	10
35 17	7
35 18	26
35 20	38
35 21	24
35 23	14
35 24	32
35 25	12
35 28	8
35 37	42
35 43	41
35 44	17
35 47	39
35 48	3
36 8	12
36 9	39
36 10	5
36 11	27
36 17	35
36 22	8
36 24	34
36 25	25
36 26	16
36 30	11
36 38	40
36 42	33
36 46	3
36 47	42
37 1	49
37 2	12
37 9	14
37 16	21
37 17	23
37 19	27
37 21	15
37 30	5
37 33	25
37 40	35
37 44	33
37 46	16
38 2	20
38 8	24
38 12	49
38 13	28
38 18	12
38 20	45
38 23	1
38 26	5
38 30	10
38 31	41
38 35	19
38 39	8
38 41	23
38 43	15
39 5	21
39 20	14
39 22	38
39 25	31
39 30	49
39 33	5
39 41	39
39 44	0
40 0	16
40 2	6
40 4	40
40 9	32
40 24	26
40 35	29
40 36	0
40 39	25
40 40	45
40 42	4
40 44	24
41 2	38
41 7	11
41 8	40
41 12	42
41 14	30
41 17	5
41 19	46
41 20	49
41 21	19
41 24	13
41 33	12
41 34	2
41 36	32
41 42	7
41 43	28
41 47	4
41 48	39
42 1	43
42 2	5
42 4	44
42 5	34
42 8	7
42 15	46
42 17	9
42 21	48
42 25	23
42 30	35
42 31	39
42 32	0
42 38	37
43 2	47
43 4	16
43 12	7
43 13	6
43 14	27
43 21	9
43 24	33
43 29	0
43 30	20
43 35	2
43 36	39
43 37	15
43 43	14
43 48	36
43 49	26
44 0	20
44 6	39
44 7	45
44 8	38
44 13	4
44 16	19
44 19	34
44 22	3
44 24	41
44 25	21
44 29	24
44 32	35
44 33	27
44 34	48
44 39	16
44 42	30
44 45	14
44 48	37
45 2	18
45 3	49
45 5	44
45 6	15
45 11	1
45 13	7
45 14	2
45 18	4
45 20	35
45 21	22
45 22	47
45 25	10
45 29	20
45 31	17
45 35	28
45 36	6
45 42	3
45 43	37
45 44	5
45 45	40
45 48	16
46 0	24
46 3	19
46 12	32
46 17	8
46 21	18
46 22	48
46 23	6
46 33	31
46 43	47
46 49	45
47 2	23
47 8	48
47 11	16
47 13	42
47 14	1
47 16	10
47 22	4
47 24	49
47 26	8
47 34	35
47 35	26
47 36	36
47 37	18
47 40	6
47 43	5
47 44	41
47 45	33
48 3	17
48 5	35
48 9	37
48 11	32
48 12	22
48 17	16
48 20	48
48 23	11
48 38	15
48 39	41
48 44	30
48 46	46
48 48	12
49 5	12
49 7	15
49 9	21
49 12	33
49 17	47
49 18	7
49 24	25
49 27	46
49 29	3
49 31	16
49 32	29
49 33	37
49 36	24
49 37	14
49 38	30
49 39	31
49 42	35
49 43	18
49 44	20
49 45	8
49 48	45
