50
0 1	12
0 3	45
0 4	41
0 8	1
0 11	6
0 20	23
0 27	28
0 29	49
0 36	26
0 41	43
0 42	36
1 1	41
1 2	24
1 3	22
1 5	35
1 9	28
1 11	34
1 12	5
1 13	29
1 15	15
1 17	27
1 20	7
1 22	6
1 27	43
1 30	19
1 31	10
1 32	46
1 35	8
1 38	23
1 41	44
2 2	27
2 3	14
2 5	36
2 7	28
2 9	10
2 11	11
2 12	42
2 13	26
2 15	40
2 16	32
2 21	23
2 22	5
2 25	33
2 29	4
2 31	46
2 32	44
2 36	31
2 38	48
2 40	35
2 42	34
2 43	49
2 48	30
2 49	12
3 22	16
3 23	23
3 25	15
3 26	26
3 27	21
3 31	18
3 32	37
3 34	2
3 42	0
3 45	27
3 49	24
4 1	39
4 10	11
4 12	3
4 15	1
4 17	36
4 26	9
4 33	4
4 38	2
4 45	12
4 47	15
4 48	8
5 3	23
5 8	36
5 9	39
5 23	42
5 24	45
5 25	14
5 29	25
5 43	48
5 47	29
5 49	49
6 4	26
6 5	29
6 6	30
6 9	9
6 19	19
6 20	14
6 25	7
6 28	1
6 37	17
6 38	41
6 40	22
6 41	46
7 1	13
7 3	12
7 5	17
7 6	11
7 7	10
7 10	14
7 11	38
7 12	41
7 14	9
7 17	43
7 18	22
7 23	19
7 39	8
7 44	26
7 46	35
7 49	23
8 5	4
8 6	27
8 12	0
8 19	40
8 22	20
8 23	8
8 28	47
8 29	37
8 31	34
8 32	32
8 34	6
8 35	39
8 38	17
8 39	36
8 45	30
8 47	3
8 48	15
8 49	29
9 7	35
9 8	25
9 9	40
9 22	45
9 25	12
9 27	38
9 31	15
9 34	32
9 43	18
9 44	7
9 48	46
10 5	34
10 6	24
10 7	15
10 13	30
10 17	1
10 20	31
10 22	29
10 29	18
10 48	35
10 49	5
11 2	0
11 3	19
11 4	2
11 7	39
11 8	17
11 10	49
11 11	43
11 12	23
11 14	48
11 19	1
11 21	7
11 28	16
11 31	47
11 32	20
11 35	5
11 37	26
11 41	36
11 44	11
11 45	15
11 47	27
12 3	30
12 6	26
12 12	24
12 13	2
12 16	3
12 18	34
12 21	36
12 23	40
12 25	27
12 26	8
12 29	45
12 32	1
12 34	33
12 38	16
12 39	35
12 41	14
12 43	22
12 48	18
12 49	39
13 7	14
13 9	46
13 15	21
13 16	43
13 17	9
13 18	45
13 19	3
13 27	47
13 28	17
13 30	48
13 31	26
13 36	20
13 38	40
13 44	33
14 0	39
14 3	34
14 4	11
14 6	22
14 7	1
14 9	14
14 11	24
14 13	38
14 16	30
14 17	47
14 18	43
14 24	28
14 28	44
14 31	6
14 33	41
14 34	40
14 41	32
14 42	21
14 43	25
14 44	13
15 0	9
15 1	37
15 7	23
15 11	25
15 13	7
15 15	30
15 16	46
15 22	22
15 24	32
15 35	20
15 40	3
16 1	20
16 2	45
16 8	9
16 12	31
16 21	24
16 26	35
16 30	21
16 34	3
16 37	4
16 43	34
17 0	2
17 1	26
17 3	29
17 7	47
17 8	33
17 11	31
17 20	27
17 23	45
17 25	10
17 30	23
17 33	39
17 34	13
17 39	41
17 41	24
17 42	35
17 47	37
17 48	32
18 0	43
18 10	36
18 12	32
18 15	41
18 18	40
18 20	24
18 23	14
18 25	11
18 26	48
18 28	25
18 31	12
18 32	6
18 33	16
18 34	34
18 36	15
18 39	21
18 40	49
18 45	35
18 48	0
19 3	6
19 8	48
19 9	19
19 13	36
19 15	10
19 18	42
19 24	46
19 25	0
19 31	40
19 33	3
19 34	35
19 35	33
19 39	38
19 41	12
19 49	15
20 3	31
20 5	37
20 7	26
20 9	38
20 10	25
20 11	36
20 12	44
20 16	18
20 23	3
20 24	20
20 28	33
20 30	0
20 33	40
20 35	47
20 36	16
20 41	29
20 45	19
20 49	21
21 2	1
21 8	40
21 9	18
21 10	3
21 12	26
21 16	29
21 17	49
21 24	8
21 28	9
21 30	4
21 32	10
21 33	27
21 35	23
21 38	47
21 41	5
21 42	14
21 43	13
21 46	43
21 47	19
22 0	0
22 4	9
22 7	8
22 12	11
22 15	23
22 16	14
22 17	38
22 20	6
22 21	15
22 24	39
22 27	29
22 35	45
22 36	2
22 37	10
22 38	20
22 41	26
22 42	12
22 43	4
22 48	16
23 3	49
23 4	32
23 9	0
23 10	10
23 11	21
23 12	14
23 15	2
23 19	20
23 20	39
23 23	28
23 24	1
23 25	24
23 26	15
23 27	16
23 29	9
23 30	33
23 31	5
23 32	23
23 39	37
23 42	41
23 45	45
23 46	40
23 47	26
23 48	12
24 0	25
24 3	36
24 4	27
24 7	22
24 9	48
24 11	29
24 15	46
24 17	15
24 27	17
24 35	13
24 44	6
24 46	21
24 47	8
24 48	26
25 1	44
25 2	28
25 12	34
25 16	26
25 20	41
25 21	12
25 26	40
25 32	29
25 35	17
25 38	10
25 40	2
25 47	35
25 49	25
26 0	26
26 4	42
26 5	49
26 6	16
26 9	35
26 13	40
26 14	41
26 29	36
26 31	21
26 32	28
26 38	29
26 42	8
26 43	7
27 2	3
27 8	4
27 11	26
27 15	29
27 19	43
27 20	2
27 27	9
27 28	32
27 30	36
27 34	25
27 36	28
27 37	15
27 38	34
27 44	20
27 45	7
27 46	10
27 48	22
27 49	35
28 1	40
28 7	45
28 8	41
28 16	10
28 19	0
28 20	37
28 23	29
28 29	20
28 30	47
28 32	34
28 42	32
29 10	33
29 11	15
29 12	12
29 13	20
29 14	43
29 15	24
29 25	6
29 41	4
29 44	34
29 45	1
30 6	38
30 11	10
30 22	25
30 23	6
30 29	23
30 36	37
30 42	4
30 45	46
30 47	17
30 49	18
31 5	25
31 6	28
31 14	18
31 18	21
31 20	33
31 21	9
31 23	44
31 25	16
31 26	39
31 29	48
31 30	22
31 37	23
31 39	29
31 40	0
31 41	1
31 43	17
31 45	34
31 48	13
32 0	18
32 1	30
32 4	7
32 5	42
32 7	38
32 9	31
32 11	16
32 24	2
32 26	49
32 29	12
32 32	3
32 35	34
32 36	25
32 38	28
32 39	6
32 40	21
32 41	11
32 42	5
32 47	23
32 48	41
33 0	12
33 6	0
33 9	22
33 14	47
33 15	45
33 19	28
33 20	18
33 27	40
33 32	33
33 39	42
33 40	13
33 49	9
34 0	30
34 2	4
34 7	20
34 12	6
34 13	47
34 21	10
34 28	5
34 30	18
34 31	37
34 36	8
34 40	19
34 41	0
34 42	15
34 47	13
35 3	28
35 4	31
35 5	26
35 7	30
35 11	39
35 18	10
35 21	34
35 24	24
35 25	23
35 27	8
35 31	45
35 32	12
35 36	18
35 38	36
35 39	9
35 40	46
35 42	17
35 49	44
36 1	21
36 7	29
36 9	6
36 13	23
36 15	11
36 18	3
36 22	14
36 23	2
36 25	8
36 30	45
36 36	39
36 37	24
36 45	22
36 49	31
37 4	20
37 7	16
37 11	12
37 17	35
37 18	39
37 24	15
37 28	4
37 34	28
37 36	40
37 39	47
37 41	10
37 43	11
37 49	22
38 7	0
38 10	1
38 15	39
38 17	45
38 19	6
38 23	25
38 26	34
38 33	10
38 36	24
38 37	19
38 39	22
38 40	12
38 41	23
38 44	37
38 49	16
39 1	2
39 2	40
39 4	16
39 5	38
39 8	11
39 9	5
39 22	32
39 32	21
39 38	39
39 39	25
39 41	45
39 44	35
40 7	42
40 9	30
40 10	27
40 14	14
40 15	28
40 19	35
40 21	0
40 22	15
40 25	20
40 27	46
40 32	45
40 34	36
40 35	18
40 39	23
40 40	43
40 44	39
40 47	44
41 2	35
41 5	21
41 7	33
41 12	37
41 17	20
41 19	11
41 23	39
41 27	19
41 35	48
41 36	7
41 39	40
41 40	15
41 41	42
41 46	9
41 47	10
41 48	36
41 49	34
42 2	8
42 7	27
42 11	35
42 12	28
42 13	13
42 17	42
42 18	29
42 20	43
42 23	17
42 24	10
42 28	37
42 33	30
42 39	20
42 41	9
42 43	15
42 45	32
42 47	33
43 0	45
43 1	32
43 6	1
43 13	33
43 16	8
43 25	28
43 26	14
43 33	15
43 39	24
43 40	16
43 43	26
43 44	2
43 48	38
44 2	18
44 4	28
44 5	40
44 7	34
44 8	42
44 11	3
44 12	22
44 14	38
44 18	16
44 23	33
44 25	2
44 27	36
44 32	9
44 33	1
44 34	45
44 38	26
44 41	13
44 48	19
45 1	16
45 4	48
45 11	8
45 15	26
45 16	34
45 18	38
45 23	27
45 26	21
45 29	7
45 33	28
45 35	42
45 36	4
45 40	32
45 41	30
45 43	47
45 45	2
45 46	20
45 47	14
46 0	4
46 6	31
46 14	11
46 15	33
46 20	9
46 24	34
46 25	49
46 30	2
46 37	21
46 39	7
47 6	23
47 16	48
47 20	13
47 22	2
47 28	40
47 29	35
47 31	22
47 40	44
47 41	3
47 46	30
47 48	34
47 49	46
48 0	11
48 9	20
48 10	34
48 12	15
48 13	45
48 25	3
48 29	32
48 31	23
48 32	31
48 33	7
48 37	12
48 40	40
48 42	9
49 2	29
49 11	20
49 13	1
49 14	19
49 18	15
49 20	17
49 21	22
49 25	34
49 35	25
49 41	33
49 43	46
49 46	26
49 47	11
