50
0 0	6
0 1	16
0 2	21
0 3	38
0 5	13
0 6	4
0 7	48
0 11	3
0 12	10
0 13	36
0 15	23
0 17	35
0 20	37
0 21	32
0 24	27
0 26	41
0 28	0
0 31	45
0 32	49
0 38	42
0 39	18
0 40	14
0 43	33
0 46	7
0 48	46
1 3	49
1 4	21
1 8	32
1 15	17
1 17	11
1 18	31
1 22	9
1 23	0
1 25	4
1 29	13
1 32	6
1 36	14
1 38	22
1 40	39
1 45	5
1 47	27
1 48	45
1 49	37
2 1	28
2 4	46
2 8	7
2 12	13
2 13	22
2 14	15
2 15	21
2 19	17
2 20	41
2 23	45
2 24	2
2 25	39
2 26	18
2 27	44
2 28	38
2 31	48
2 33	36
2 36	37
2 40	33
2 41	27
2 43	25
2 47	10
2 49	5
3 0	2
3 2	17
3 4	32
3 5	38
3 6	23
3 7	6
3 9	46
3 12	16
3 14	42
3 15	33
3 16	14
3 18	9
3 19	30
3 23	21
3 24	22
3 25	11
3 27	48
3 29	5
3 30	41
3 31	44
3 34	36
3 37	49
3 41	43
3 45	7
3 46	15
3 47	18
3 49	1
4 4	19
4 5	35
4 9	12
4 14	16
4 19	7
4 20	29
4 24	5
4 34	4
4 40	30
4 42	38
4 43	8
4 45	9
4 46	21
4 49	6
5 0	19
5 2	32
5 3	34
5 4	24
5 5	46
5 6	35
5 7	16
5 8	9
5 10	44
5 12	41
5 13	39
5 14	29
5 18	36
5 19	8
5 20	15
5 22	27
5 24	40
5 25	42
5 26	20
5 28	5
5 36	25
5 38	28
5 39	43
5 40	21
5 46	26
5 47	38
5 49	12
6 0	25
6 4	9
6 7	40
6 13	3
6 14	17
6 15	46
6 16	36
6 17	16
6 19	48
6 21	22
6 23	33
6 24	47
6 30	4
6 33	6
6 37	21
6 38	29
6 40	20
6 41	37
6 44	18
6 45	41
6 47	14
7 1	15
7 4	40
7 6	26
7 8	41
7 12	46
7 13	17
7 18	20
7 19	14
7 20	48
7 23	47
7 25	28
7 26	9
7 27	1
7 28	34
7 34	10
7 36	19
7 37	13
7 39	39
7 40	16
7 43	31
7 46	33
7 47	2
7 48	23
8 3	16
8 5	30
8 6	11
8 7	25
8 8	15
8 9	2
8 10	13
8 11	45
8 12	48
8 14	8
8 19	23
8 21	10
8 23	12
8 27	26
8 28	32
8 31	41
8 32	19
8 34	34
8 37	37
8 38	4
8 40	42
8 41	28
8 44	46
8 47	49
8 48	5
8 49	22
9 1	31
9 3	12
9 4	20
9 8	35
9 9	48
9 12	18
9 15	6
9 16	4
9 18	29
9 19	36
9 25	23
9 29	11
9 30	0
9 33	17
9 34	32
9 35	16
9 37	27
9 39	9
9 41	10
9 45	33
9 46	25
9 49	34
10 3	4
10 4	3
10 5	6
10 6	15
10 10	18
10 12	9
10 13	41
10 14	5
10 16	43
10 19	19
10 20	12
10 21	24
10 24	11
10 26	49
10 28	1
10 30	40
10 32	28
10 33	22
10 34	45
10 39	46
10 42	35
10 45	26
10 46	16
10 49	0
11 0	40
11 1	37
11 3	13
11 5	14
11 8	5
11 9	3
11 12	44
11 13	2
11 15	24
11 18	18
11 21	46
11 23	34
11 24	26
11 25	16
11 26	28
11 28	31
11 30	32
11 32	15
11 34	35
11 35	19
11 37	38
11 38	21
11 41	8
11 45	36
11 46	39
11 47	42
12 3	22
12 5	28
12 6	18
12 8	49
12 9	10
12 10	45
12 11	5
12 12	33
12 13	24
12 17	30
12 18	46
12 19	20
12 20	2
12 22	17
12 29	27
12 30	13
12 31	11
12 32	21
12 39	1
12 40	23
12 41	0
12 43	6
12 46	37
12 47	4
12 48	15
13 0	22
13 1	10
13 4	28
13 6	32
13 8	45
13 9	14
13 10	9
13 11	23
13 12	43
13 14	12
13 15	49
13 18	16
13 21	33
13 22	37
13 23	31
13 24	0
13 26	25
13 28	24
13 29	3
13 31	20
13 33	44
13 34	8
13 35	47
13 36	11
13 37	6
13 38	48
13 40	46
13 41	21
13 42	18
13 43	7
13 45	15
13 47	34
13 48	41
13 49	38
14 0	34
14 2	26
14 3	27
14 5	9
14 7	18
14 8	46
14 9	6
14 12	3
14 13	30
14 14	36
14 15	40
14 16	19
14 19	11
14 21	42
14 22	22
14 23	2
14 24	4
14 27	37
14 28	21
14 31	14
14 32	39
14 34	49
14 37	33
14 39	15
14 41	45
14 42	29
14 45	23
14 46	0
14 48	12
15 0	31
15 1	33
15 2	9
15 3	2
15 6	28
15 9	17
15 11	37
15 12	45
15 13	27
15 15	47
15 16	13
15 19	10
15 22	26
15 23	7
15 24	16
15 25	18
15 28	39
15 29	22
15 35	24
15 36	32
15 38	12
15 40	49
15 45	30
15 48	6
16 7	7
16 8	13
16 13	21
16 14	23
16 15	19
16 16	31
16 17	42
16 23	26
16 25	5
16 27	10
16 28	8
16 30	46
16 34	22
16 36	4
16 39	49
16 40	1
16 41	6
16 42	16
16 45	2
16 47	17
16 49	41
17 1	46
17 2	45
17 3	14
17 7	32
17 8	21
17 10	35
17 12	8
17 14	13
17 15	7
17 17	49
17 19	37
17 22	3
17 23	23
17 25	40
17 29	6
17 33	28
17 35	1
17 37	41
17 40	2
17 41	38
17 44	0
17 48	19
18 1	18
18 3	31
18 4	4
18 7	21
18 9	26
18 12	5
18 15	35
18 16	40
18 17	41
18 24	23
18 25	15
18 27	3
18 28	36
18 31	30
18 32	43
18 34	39
18 35	42
18 37	17
18 39	37
18 41	49
18 48	29
19 0	41
19 2	40
19 4	33
19 6	2
19 8	3
19 10	43
19 12	23
19 13	10
19 14	30
19 16	9
19 18	25
19 21	21
19 22	11
19 24	49
19 27	27
19 29	24
19 30	22
19 33	19
19 36	0
19 37	39
19 38	1
19 41	13
19 43	4
19 46	35
19 48	8
19 49	18
20 0	38
20 1	17
20 2	20
20 4	49
20 6	3
20 8	26
20 11	44
20 12	31
20 13	6
20 14	35
20 18	22
20 19	42
20 20	14
20 21	13
20 22	16
20 24	18
20 25	0
20 28	23
20 30	25
20 31	24
20 33	30
20 34	5
20 36	12
20 38	27
20 39	21
20 40	19
20 44	37
20 45	47
20 48	2
21 1	29
21 3	30
21 6	7
21 8	8
21 10	10
21 12	14
21 15	20
21 17	36
21 20	46
21 22	35
21 23	13
21 24	24
21 25	9
21 30	21
21 31	42
21 33	3
21 34	41
21 35	38
21 37	0
21 39	40
21 41	23
21 46	34
22 1	13
22 2	19
22 3	35
22 4	12
22 10	29
22 11	15
22 12	21
22 13	25
22 15	4
22 16	20
22 17	24
22 18	30
22 19	18
22 20	49
22 21	27
22 23	16
22 24	14
22 28	28
22 30	42
22 31	22
22 32	9
22 34	23
22 35	37
22 44	10
22 45	46
22 46	44
22 48	48
23 0	49
23 1	21
23 4	45
23 5	37
23 6	38
23 7	2
23 11	47
23 18	28
23 20	20
23 23	43
23 25	30
23 27	39
23 32	46
23 34	11
23 35	36
23 39	19
23 40	32
23 43	5
23 47	24
23 49	16
24 1	22
24 2	33
24 3	10
24 4	48
24 6	46
24 7	38
24 8	4
24 9	13
24 10	32
24 12	20
24 13	8
24 14	2
24 15	34
24 17	18
24 20	31
24 22	30
24 23	1
24 26	35
24 30	15
24 33	29
24 34	43
24 36	44
24 37	9
24 42	26
24 44	24
24 46	49
24 48	21
24 49	11
25 0	18
25 2	0
25 3	33
25 5	7
25 8	34
25 11	16
25 12	49
25 14	26
25 15	3
25 16	22
25 17	12
25 19	5
25 20	1
25 22	41
25 24	32
25 26	19
25 27	43
25 30	45
25 31	6
25 34	44
25 37	46
25 42	25
25 43	10
25 45	8
25 46	20
25 49	28
26 0	0
26 1	42
26 3	40
26 4	8
26 5	31
26 7	11
26 14	43
26 16	15
26 19	34
26 20	17
26 21	41
26 22	18
26 24	39
26 25	1
26 26	27
26 28	16
26 29	45
26 30	20
26 37	47
26 39	29
26 40	36
26 42	4
26 43	12
26 44	44
26 47	7
26 48	3
27 0	48
27 1	36
27 4	26
27 5	8
27 8	19
27 10	11
27 12	4
27 13	5
27 15	27
27 16	29
27 17	21
27 18	39
27 19	15
27 21	45
27 22	40
27 23	32
27 24	34
27 25	6
27 27	38
27 28	9
27 32	33
27 33	0
27 34	7
27 36	46
27 39	25
27 41	35
27 42	47
27 43	37
27 44	43
27 48	17
27 49	2
28 0	30
28 1	35
28 2	18
28 3	32
28 4	38
28 5	21
28 7	44
28 9	31
28 10	20
28 12	29
28 14	37
28 16	3
28 17	46
28 18	33
28 19	25
28 25	36
28 26	12
28 30	39
28 33	45
28 35	9
28 36	42
28 40	6
28 42	40
28 45	34
28 46	19
28 48	22
28 49	43
29 0	24
29 2	15
29 7	28
29 8	11
29 10	46
29 11	12
29 12	30
29 14	0
29 15	16
29 19	41
29 21	18
29 23	14
29 24	21
29 25	10
29 26	36
29 27	47
29 29	48
29 33	42
29 34	37
29 35	20
29 36	27
29 37	26
29 38	25
29 39	3
29 40	7
29 41	34
29 42	9
29 44	39
29 48	31
30 0	17
30 1	44
30 5	16
30 7	35
30 8	1
30 11	27
30 13	32
30 14	22
30 15	11
30 16	10
30 18	49
30 19	13
30 20	47
30 21	26
30 26	45
30 29	37
30 30	36
30 31	23
30 32	41
30 35	28
30 39	8
30 41	4
30 43	18
30 48	38
30 49	24
31 0	29
31 1	40
31 2	13
31 3	15
31 4	18
31 5	49
31 6	27
31 7	30
31 8	12
31 9	42
31 10	25
31 13	14
31 16	6
31 17	28
31 22	33
31 23	39
31 24	20
31 25	34
31 27	35
31 30	7
31 33	41
31 34	26
31 37	22
31 38	11
31 39	24
31 40	45
31 41	1
31 42	3
31 43	19
31 44	21
31 45	44
31 47	0
31 48	16
32 0	44
32 2	2
32 3	11
32 4	37
32 5	45
32 8	30
32 9	7
32 11	1
32 12	34
32 14	49
32 15	28
32 16	21
32 17	25
32 18	15
32 19	6
32 20	33
32 22	19
32 23	20
32 24	48
32 27	36
32 28	41
32 29	39
32 34	46
32 36	43
32 38	10
32 40	31
32 41	24
32 46	14
32 49	29
33 0	28
33 2	23
33 5	26
33 6	16
33 9	40
33 12	39
33 13	15
33 15	2
33 17	38
33 18	34
33 19	49
33 20	11
33 21	37
33 22	10
33 23	22
33 25	19
33 27	45
33 28	33
33 30	5
33 35	41
33 42	0
33 43	17
33 46	1
33 48	42
33 49	30
34 0	10
34 3	37
34 4	2
34 5	42
34 6	12
34 7	19
34 11	36
34 13	0
34 14	39
34 15	43
34 16	25
34 17	8
34 18	1
34 19	9
34 21	47
34 22	38
34 23	30
34 26	16
34 28	45
34 29	18
34 31	4
34 33	49
34 34	17
34 38	15
34 40	13
34 41	41
34 42	5
34 43	32
34 47	44
34 49	20
35 1	4
35 3	42
35 8	25
35 10	15
35 12	36
35 13	43
35 14	18
35 15	48
35 16	1
35 18	41
35 20	9
35 22	7
35 24	35
35 25	21
35 26	24
35 27	29
35 30	10
35 31	17
35 33	26
35 35	30
35 39	22
35 43	44
35 44	33
36 0	47
36 1	1
36 2	3
36 8	29
36 10	42
36 12	11
36 14	40
36 15	39
36 19	16
36 23	15
36 25	31
36 26	17
36 27	8
36 28	19
36 30	9
36 31	28
36 32	18
36 33	25
36 35	48
36 36	21
36 39	41
36 40	43
36 42	33
36 43	27
36 45	35
36 46	12
36 47	26
36 49	13
37 6	42
37 7	14
37 11	13
37 13	11
37 14	27
37 15	30
37 17	48
37 18	35
37 20	34
37 21	15
37 22	12
37 27	22
37 28	2
37 29	32
37 30	38
37 31	1
37 32	5
37 33	46
37 34	18
37 37	28
37 39	26
37 40	4
37 43	16
37 45	24
37 48	40
37 49	23
38 0	36
38 2	24
38 3	28
38 5	17
38 7	3
38 8	16
38 9	4
38 12	35
38 13	46
38 14	6
38 19	32
38 22	42
38 25	12
38 26	23
38 29	34
38 30	8
38 31	2
38 32	0
38 33	33
38 34	9
38 35	49
38 40	15
38 41	31
38 42	43
38 45	48
38 48	14
38 49	47
39 1	41
39 2	35
39 3	1
39 4	42
39 5	40
39 8	38
39 10	16
39 11	8
39 12	6
39 14	45
39 18	7
39 19	43
39 21	34
39 23	3
39 25	32
39 26	31
39 27	18
39 29	19
39 30	27
39 31	49
39 33	13
39 35	14
39 36	28
39 39	10
39 41	26
39 42	2
39 46	24
40 1	38
40 6	20
40 12	12
40 13	26
40 17	34
40 23	27
40 25	14
40 26	15
40 27	13
40 31	40
40 35	29
40 36	8
40 39	16
40 41	9
40 46	30
40 47	28
41 4	17
41 8	36
41 9	28
41 12	1
41 13	37
41 14	41
41 17	3
41 18	14
41 19	44
41 20	8
41 29	16
41 32	38
41 34	13
41 35	2
41 38	33
41 40	11
41 41	12
41 43	21
41 45	43
41 46	48
41 48	20
41 49	4
42 1	34
42 3	41
42 5	47
42 7	29
42 8	44
42 10	7
42 14	4
42 17	45
42 19	0
42 22	1
42 23	17
42 26	42
42 27	28
42 31	43
42 32	23
42 33	27
42 37	3
42 38	35
42 39	36
42 45	16
42 46	2
42 47	20
42 48	24
42 49	25
43 0	45
43 2	42
43 4	41
43 7	37
43 8	20
43 9	16
43 10	24
43 12	15
43 14	10
43 16	8
43 19	47
43 22	14
43 25	26
43 26	7
43 27	33
43 30	31
43 31	21
43 35	39
43 39	5
43 42	36
43 49	49
44 3	20
44 4	39
44 6	6
44 7	13
44 10	19
44 13	16
44 15	18
44 18	21
44 20	30
44 23	42
44 25	2
44 27	31
44 28	43
44 30	12
44 31	8
44 34	47
44 37	29
44 39	28
44 43	38
44 44	34
44 45	40
44 47	45
44 49	14
45 1	39
45 3	3
45 4	16
45 5	27
45 6	10
45 7	1
45 8	23
45 9	8
45 10	4
45 12	7
45 13	49
45 19	2
45 21	12
45 24	30
45 27	25
45 32	42
45 36	5
45 37	18
45 38	36
45 39	6
45 41	17
45 45	22
46 1	49
46 3	0
46 4	34
46 5	44
46 6	24
46 7	22
46 11	43
46 13	18
46 15	13
46 18	48
46 21	11
46 22	36
46 23	5
46 24	28
46 25	25
46 26	32
46 28	35
46 29	20
46 30	33
46 31	7
46 32	14
46 33	15
46 34	30
46 35	6
46 37	16
46 38	23
46 39	4
46 42	45
46 45	21
46 47	46
47 0	1
47 1	25
47 2	4
47 3	21
47 5	20
47 7	9
47 13	12
47 16	41
47 18	13
47 19	38
47 20	16
47 21	23
47 22	24
47 24	45
47 27	0
47 29	14
47 30	48
47 31	26
47 34	28
47 35	17
47 37	8
47 38	5
47 40	18
47 42	49
47 43	42
47 45	3
47 48	30
47 49	27
48 0	23
48 1	43
48 4	5
48 6	36
48 7	46
48 8	28
48 9	19
48 12	27
48 14	14
48 15	25
48 17	29
48 23	41
48 27	4
48 30	34
48 31	37
48 32	17
48 33	18
48 34	0
48 39	32
48 41	30
48 42	48
48 44	11
48 45	12
48 49	10
49 0	4
49 3	9
49 7	15
49 8	0
49 10	12
49 13	48
49 14	38
49 16	17
49 21	20
49 23	11
49 24	41
49 25	27
49 27	49
49 28	44
49 29	21
49 30	28
49 31	36
49 32	26
49 37	23
49 40	34
49 41	29
49 42	7
49 45	32
49 47	47
