50
0 0	6
0 1	16
0 2	21
0 6	4
0 7	48
0 12	10
0 13	36
0 15	23
0 17	35
0 20	37
0 21	32
0 24	27
0 28	0
0 39	18
0 40	14
0 43	33
1 3	49
1 4	21
1 8	32
1 15	17
1 17	11
1 18	31
1 23	0
1 25	4
1 29	13
1 32	6
1 36	14
1 45	5
1 48	45
1 49	37
2 1	28
2 4	46
2 8	7
2 13	22
2 15	21
2 19	17
2 23	45
2 24	2
2 27	44
2 28	38
2 36	37
2 40	33
2 41	27
3 2	17
3 4	32
3 5	38
3 9	46
3 12	16
3 14	42
3 16	14
3 19	30
3 24	22
3 25	11
3 27	48
3 29	5
3 30	41
3 31	44
3 37	49
3 47	18
3 49	1
4 5	35
4 9	12
4 14	16
4 34	4
4 40	30
4 43	8
4 45	9
4 46	21
5 0	19
5 2	32
5 3	34
5 4	24
5 5	46
5 7	16
5 10	44
5 14	29
5 18	36
5 19	8
5 20	15
5 24	40
5 28	5
5 39	43
5 49	12
6 0	25
6 15	46
6 30	4
6 33	6
6 38	29
6 40	20
6 41	37
6 44	18
6 47	14
7 1	15
7 4	40
7 8	41
7 13	17
7 19	14
7 23	47
7 25	28
7 26	9
7 28	34
7 34	10
7 39	39
7 40	16
7 43	31
7 48	23
8 5	30
8 10	13
8 11	45
8 12	48
8 14	8
8 19	23
8 23	12
8 27	26
8 28	32
8 31	41
8 38	4
8 40	42
8 41	28
8 44	46
8 47	49
8 48	5
8 49	22
9 4	20
9 8	35
9 9	48
9 12	18
9 16	4
9 18	29
9 19	36
9 25	23
9 30	0
9 34	32
9 35	16
9 37	27
10 5	6
10 10	18
10 12	9
10 13	41
10 14	5
10 20	12
10 24	11
10 26	49
10 28	1
10 30	40
10 33	22
10 34	45
10 39	46
10 42	35
10 45	26
11 1	37
11 3	13
11 8	5
11 12	44
11 13	2
11 15	24
11 18	18
11 21	46
11 24	26
11 25	16
11 26	28
11 30	32
11 32	15
11 35	19
11 38	21
11 41	8
11 47	42
12 5	28
12 10	45
12 12	33
12 13	24
12 17	30
12 18	46
12 19	20
12 30	13
12 31	11
12 39	1
12 40	23
12 41	0
12 43	6
12 47	4
13 0	22
13 1	10
13 4	28
13 10	9
13 11	23
13 14	12
13 15	49
13 18	16
13 21	33
13 22	37
13 23	31
13 24	0
13 26	25
13 28	24
13 29	3
13 31	20
13 33	44
13 35	47
13 38	48
13 42	18
13 45	15
13 47	34
13 48	41
14 3	27
14 7	18
14 12	3
14 13	30
14 14	36
14 15	40
14 16	19
14 19	11
14 22	22
14 23	2
14 24	4
14 27	37
14 31	14
14 37	33
14 42	29
14 45	23
14 46	0
15 3	2
15 6	28
15 9	17
15 11	37
15 12	45
15 15	47
15 16	13
15 19	10
15 24	16
15 29	22
15 35	24
15 36	32
15 38	12
15 40	49
15 45	30
16 8	13
16 13	21
16 14	23
16 15	19
16 16	31
16 27	10
16 28	8
16 34	22
16 40	1
16 41	6
16 42	16
16 45	2
17 1	46
17 2	45
17 3	14
17 7	32
17 8	21
17 10	35
17 12	8
17 14	13
17 17	49
17 19	37
17 29	6
17 33	28
17 37	41
17 41	38
17 44	0
18 3	31
18 4	4
18 7	21
18 9	26
18 12	5
18 15	35
18 24	23
18 25	15
18 28	36
18 31	30
18 32	43
18 34	39
18 35	42
18 37	17
18 39	37
18 48	29
19 0	41
19 2	40
19 6	2
19 8	3
19 13	10
19 16	9
19 18	25
19 21	21
19 22	11
19 24	49
19 27	27
19 30	22
19 33	19
19 36	0
19 37	39
19 41	13
19 46	35
19 49	18
20 1	17
20 12	31
20 13	6
20 14	35
20 18	22
20 19	42
20 28	23
20 31	24
20 34	5
20 38	27
21 1	29
21 3	30
21 8	8
21 10	10
21 23	13
21 30	21
21 33	3
21 39	40
21 46	34
22 1	13
22 2	19
22 3	35
22 10	29
22 11	15
22 12	21
22 13	25
22 16	20
22 17	24
22 20	49
22 21	27
22 24	14
22 34	23
22 35	37
22 44	10
22 45	46
23 4	45
23 7	2
23 11	47
23 20	20
23 25	30
23 27	39
23 32	46
23 35	36
23 39	19
23 40	32
23 49	16
24 1	22
24 2	33
24 4	48
24 6	46
24 8	4
24 9	13
24 13	8
24 14	2
24 17	18
24 22	30
24 26	35
24 30	15
24 37	9
24 42	26
24 44	24
24 46	49
24 48	21
25 0	18
25 2	0
25 3	33
25 8	34
25 11	16
25 14	26
25 17	12
25 20	1
25 26	19
25 27	43
25 31	6
25 34	44
25 43	10
25 45	8
26 1	42
26 3	40
26 4	8
26 5	31
26 7	11
26 14	43
26 19	34
26 20	17
26 24	39
26 25	1
26 26	27
26 28	16
26 29	45
26 37	47
26 40	36
26 42	4
26 43	12
26 44	44
26 47	7
26 48	3
27 8	19
27 12	4
27 15	27
27 17	21
27 23	32
27 24	34
27 25	6
27 27	38
27 33	0
27 39	25
27 42	47
27 43	37
27 44	43
27 48	17
28 0	30
28 5	21
28 7	44
28 16	3
28 17	46
28 25	36
28 26	12
28 40	6
28 45	34
28 46	19
28 48	22
28 49	43
29 2	15
29 7	28
29 10	46
29 12	30
29 14	0
29 21	18
29 27	47
29 29	48
29 35	20
29 39	3
29 40	7
29 44	39
29 48	31
30 0	17
30 7	35
30 8	1
30 11	27
30 13	32
30 14	22
30 15	11
30 18	49
30 19	13
30 20	47
30 21	26
30 26	45
30 29	37
30 35	28
30 41	4
30 48	38
30 49	24
31 1	40
31 3	15
31 5	49
31 6	27
31 7	30
31 8	12
31 9	42
31 10	25
31 16	6
31 17	28
31 22	33
31 24	20
31 34	26
31 37	22
31 38	11
31 39	24
31 40	45
31 41	1
31 45	44
32 0	44
32 3	11
32 11	1
32 12	34
32 14	49
32 15	28
32 16	21
32 18	15
32 22	19
32 23	20
32 27	36
32 29	39
32 34	46
32 36	43
32 41	24
32 49	29
33 0	28
33 2	23
33 5	26
33 6	16
33 9	40
33 13	15
33 15	2
33 17	38
33 19	49
33 23	22
33 25	19
33 28	33
33 35	41
33 42	0
33 43	17
33 49	30
34 0	10
34 3	37
34 6	12
34 7	19
34 11	36
34 15	43
34 17	8
34 18	1
34 19	9
34 21	47
34 22	38
34 23	30
34 26	16
34 28	45
34 29	18
34 31	4
34 38	15
34 40	13
34 41	41
34 43	32
34 49	20
35 1	4
35 3	42
35 8	25
35 10	15
35 12	36
35 15	48
35 16	1
35 18	41
35 22	7
35 25	21
35 26	24
35 27	29
35 30	10
35 31	17
35 33	26
35 39	22
35 43	44
35 44	33
36 2	3
36 8	29
36 10	42
36 15	39
36 23	15
36 25	31
36 26	17
36 28	19
36 30	9
36 31	28
36 32	18
36 33	25
36 35	48
36 36	21
36 40	43
36 43	27
36 45	35
36 46	12
36 47	26
36 49	13
37 6	42
37 7	14
37 11	13
37 13	11
37 14	27
37 15	30
37 17	48
37 20	34
37 27	22
37 28	2
37 30	38
37 31	1
37 32	5
37 33	46
37 34	18
37 45	24
37 48	40
37 49	23
38 0	36
38 7	3
38 8	16
38 9	4
38 13	46
38 22	42
38 25	12
38 29	34
38 30	8
38 31	2
38 32	0
38 33	33
38 35	49
38 49	47
39 1	41
39 2	35
39 3	1
39 4	42
39 5	40
39 8	38
39 12	6
39 18	7
39 25	32
39 26	31
39 27	18
39 29	19
39 31	49
39 39	10
39 46	24
40 1	38
40 6	20
40 25	14
40 27	13
40 31	40
40 35	29
40 36	8
40 46	30
40 47	28
41 8	36
41 9	28
41 14	41
41 18	14
41 20	8
41 32	38
41 34	13
41 35	2
41 40	11
41 43	21
41 45	43
41 48	20
41 49	4
42 1	34
42 3	41
42 5	47
42 7	29
42 10	7
42 14	4
42 17	45
42 19	0
42 23	17
42 26	42
42 31	43
42 32	23
42 33	27
42 37	3
42 38	35
42 45	16
42 47	20
42 48	24
42 49	25
43 4	41
43 8	20
43 9	16
43 10	24
43 12	15
43 14	10
43 16	8
43 19	47
43 22	14
43 27	33
43 31	21
44 10	19
44 13	16
44 18	21
44 23	42
44 25	2
44 28	43
44 30	12
44 34	47
44 37	29
44 43	38
44 45	40
44 47	45
44 49	14
45 4	16
45 5	27
45 6	10
45 7	1
45 8	23
45 9	8
45 19	2
45 21	12
45 36	5
45 37	18
45 38	36
45 39	6
45 45	22
46 1	49
46 6	24
46 7	22
46 11	43
46 13	18
46 15	13
46 18	48
46 24	28
46 28	35
46 29	20
46 30	33
46 31	7
46 32	14
46 33	15
46 34	30
46 37	16
46 38	23
46 39	4
46 45	21
46 47	46
47 2	4
47 13	12
47 16	41
47 18	13
47 19	38
47 20	16
47 21	23
47 22	24
47 24	45
47 29	14
47 34	28
47 37	8
47 38	5
47 40	18
47 43	42
47 45	3
48 0	23
48 4	5
48 8	28
48 9	19
48 12	27
48 14	14
48 23	41
48 27	4
48 30	34
48 31	37
48 32	17
48 33	18
48 34	0
48 39	32
48 45	12
49 0	4
49 3	9
49 7	15
49 14	38
49 21	20
49 24	41
49 25	27
49 28	44
49 30	28
49 37	23
49 40	34
49 42	7
49 45	32
49 47	47
