50
0 3	16
0 6	27
0 7	45
0 8	11
0 10	49
0 13	6
0 15	22
0 16	29
0 18	18
0 19	25
0 23	44
0 26	9
0 28	4
0 30	32
0 33	13
0 34	5
0 38	33
0 39	7
1 1	27
1 5	14
1 11	24
1 12	38
1 13	15
1 15	29
1 30	6
1 32	47
1 33	37
1 35	44
1 36	43
1 39	12
1 44	45
2 1	39
2 4	29
2 10	35
2 12	37
2 14	33
2 16	28
2 23	5
2 26	30
2 35	15
2 37	41
2 38	18
2 41	45
2 45	12
2 47	10
2 48	32
2 49	17
3 0	14
3 1	38
3 3	45
3 6	9
3 8	22
3 9	13
3 10	26
3 14	1
3 15	17
3 20	36
3 21	33
3 24	31
3 29	47
3 30	10
3 34	35
3 36	27
3 39	0
3 43	39
3 47	11
3 49	42
4 2	27
4 4	15
4 11	20
4 13	17
4 15	35
4 16	32
4 21	47
4 24	22
4 25	44
4 26	28
4 29	5
4 33	31
4 36	3
4 41	1
4 47	7
4 48	8
4 49	4
5 1	8
5 6	6
5 7	16
5 8	10
5 20	32
5 24	24
5 25	30
5 31	23
5 33	35
5 40	43
5 43	46
5 44	40
5 45	47
5 48	9
6 0	39
6 1	6
6 2	41
6 4	26
6 9	12
6 15	5
6 19	13
6 21	48
6 26	14
6 32	28
6 34	3
6 35	24
6 43	36
6 45	35
7 0	2
7 1	23
7 7	32
7 8	12
7 9	43
7 17	42
7 19	39
7 28	13
7 30	0
7 32	21
7 35	19
7 41	3
7 43	7
7 46	47
7 48	28
7 49	20
8 0	26
8 2	5
8 4	34
8 7	33
8 8	32
8 9	17
8 12	9
8 16	15
8 19	41
8 21	46
8 28	49
8 35	8
8 42	23
8 47	0
8 49	28
9 0	44
9 6	28
9 11	23
9 13	33
9 22	47
9 27	15
9 29	27
9 31	7
9 33	17
9 38	49
9 39	2
9 44	46
9 45	22
9 47	1
9 49	43
10 3	12
10 6	3
10 9	11
10 10	18
10 13	30
10 15	36
10 16	41
10 24	7
10 27	14
10 39	48
10 43	4
10 47	46
10 48	17
11 0	0
11 6	16
11 11	45
11 12	23
11 24	32
11 26	10
11 28	44
11 31	34
11 36	9
11 37	4
11 45	39
12 4	1
12 5	48
12 7	34
12 19	4
12 21	36
12 23	49
12 27	2
12 30	24
12 31	12
12 33	43
12 34	21
12 43	38
12 46	18
12 48	37
12 49	7
13 0	27
13 5	37
13 8	49
13 11	6
13 14	39
13 15	38
13 24	48
13 26	20
13 29	35
13 33	12
13 34	7
13 35	41
13 36	47
13 40	5
13 42	19
13 44	3
14 2	12
14 4	45
14 5	23
14 8	46
14 9	48
14 10	8
14 18	10
14 20	41
14 21	15
14 24	3
14 26	47
14 28	18
14 29	30
14 38	44
14 40	49
14 42	7
14 44	24
14 47	20
15 0	20
15 2	11
15 7	8
15 14	18
15 15	0
15 16	33
15 19	17
15 23	14
15 26	5
15 30	46
15 35	40
15 43	10
15 48	25
16 0	13
16 4	33
16 7	14
16 8	9
16 9	20
16 13	2
16 14	43
16 18	47
16 19	32
16 20	46
16 22	23
16 25	24
16 28	11
16 29	4
16 31	48
16 32	26
16 34	40
16 35	35
16 41	36
17 5	9
17 10	0
17 11	5
17 13	20
17 20	15
17 21	3
17 24	4
17 26	45
17 33	47
17 34	10
17 37	28
17 41	42
17 43	26
18 1	18
18 3	23
18 10	3
18 13	11
18 14	47
18 15	20
18 17	13
18 26	15
18 31	40
18 33	8
18 34	9
18 35	30
18 37	14
18 38	6
18 39	31
18 40	21
18 43	42
19 0	38
19 2	43
19 5	49
19 6	4
19 9	6
19 14	30
19 16	0
19 18	26
19 19	11
19 20	42
19 34	22
19 35	39
19 40	25
19 41	19
19 42	28
19 48	41
20 1	31
20 2	25
20 3	8
20 5	44
20 10	32
20 13	19
20 15	34
20 19	9
20 21	6
20 23	28
20 26	46
20 31	21
20 32	45
20 33	1
20 34	41
20 35	26
20 36	37
20 43	15
20 49	18
21 2	29
21 5	6
21 7	39
21 18	19
21 23	36
21 30	28
21 32	43
21 36	12
21 39	46
21 42	20
21 46	24
21 47	2
22 0	40
22 8	1
22 10	28
22 12	49
22 14	24
22 15	3
22 18	42
22 22	14
22 26	16
22 30	37
22 40	2
22 42	5
22 44	39
22 46	21
22 47	22
22 48	18
23 1	44
23 3	3
23 4	37
23 6	35
23 10	36
23 12	22
23 15	33
23 20	27
23 23	40
23 27	10
23 33	20
23 36	41
23 38	25
23 44	12
23 45	5
24 12	13
24 18	0
24 23	48
24 27	26
24 29	41
24 30	33
24 31	28
24 35	25
24 36	19
24 39	43
24 42	9
24 44	8
25 0	32
25 3	11
25 4	49
25 7	5
25 8	16
25 10	2
25 14	12
25 22	44
25 31	41
25 32	22
25 33	9
25 35	42
25 46	46
26 1	20
26 2	39
26 14	35
26 17	0
26 21	26
26 24	45
26 25	10
26 27	7
26 31	17
26 32	18
26 33	41
26 34	14
26 37	19
26 40	28
26 46	3
26 48	11
27 7	38
27 9	8
27 12	43
27 14	16
27 15	32
27 16	47
27 18	20
27 20	29
27 24	11
27 30	15
27 34	23
27 41	30
27 43	35
27 47	37
28 1	32
28 2	3
28 4	38
28 5	7
28 8	5
28 13	37
28 22	19
28 24	6
28 29	10
28 30	4
28 33	14
28 38	16
28 39	42
28 40	36
28 43	29
28 45	25
28 47	18
29 0	5
29 8	15
29 26	34
29 30	14
29 31	38
29 36	33
29 38	23
29 41	39
29 47	30
29 49	48
30 2	4
30 5	28
30 6	7
30 7	49
30 12	18
30 14	15
30 15	25
30 17	41
30 22	32
30 28	10
30 30	43
30 31	5
30 32	37
30 36	14
30 38	12
30 39	24
30 47	34
31 0	11
31 6	15
31 10	39
31 12	4
31 13	34
31 17	25
31 20	20
31 21	12
31 24	40
31 26	24
31 27	23
31 28	5
31 30	42
31 36	45
31 38	41
31 40	13
31 41	48
31 42	2
31 43	8
31 46	0
31 49	32
32 0	41
32 1	26
32 4	16
32 13	5
32 15	48
32 17	9
32 19	49
32 24	30
32 26	32
32 28	14
32 29	20
32 31	39
32 33	46
32 34	34
32 35	27
32 36	11
32 40	47
32 41	22
32 45	7
32 46	25
32 47	35
32 49	0
33 3	2
33 12	30
33 13	32
33 15	39
33 19	45
33 27	18
33 31	13
33 34	15
33 37	46
33 45	33
33 47	9
34 1	28
34 5	33
34 12	45
34 13	16
34 18	38
34 24	47
34 27	41
34 28	21
34 29	37
34 30	23
34 33	18
34 35	20
34 36	31
34 41	43
34 48	0
34 49	1
35 2	24
35 3	21
35 4	6
35 5	30
35 10	31
35 13	28
35 14	27
35 16	26
35 17	22
35 19	34
35 20	45
35 23	35
35 30	36
35 32	20
35 33	39
35 35	43
35 47	13
35 48	1
35 49	47
36 3	27
36 4	46
36 8	41
36 12	47
36 13	35
36 19	28
36 25	2
36 27	9
36 28	34
36 30	22
36 35	1
36 37	16
36 38	32
36 49	40
37 0	9
37 7	47
37 11	16
37 15	44
37 17	3
37 18	21
37 26	22
37 27	34
37 45	23
38 0	45
38 10	13
38 11	34
38 12	12
38 17	18
38 18	36
38 22	38
38 23	33
38 24	37
38 25	32
38 39	27
38 42	10
38 43	9
38 45	42
39 1	37
39 4	23
39 16	24
39 17	45
39 20	21
39 26	43
39 29	2
39 35	7
39 38	38
39 40	29
39 43	44
39 44	11
39 46	33
40 4	13
40 5	20
40 9	22
40 11	31
40 16	37
40 17	14
40 18	40
40 21	24
40 23	6
40 25	38
40 29	33
40 30	11
40 31	18
40 34	46
40 37	39
40 38	36
40 43	21
40 45	32
41 4	11
41 9	27
41 22	22
41 40	26
41 49	38
42 7	41
42 8	7
42 10	17
42 11	46
42 14	40
42 19	8
42 22	30
42 25	0
42 26	31
42 27	39
42 29	12
42 30	27
42 35	49
42 38	11
42 43	43
43 0	15
43 3	29
43 5	40
43 6	37
43 8	47
43 11	13
43 14	0
43 20	48
43 21	14
43 28	2
43 29	24
43 34	18
43 36	25
43 38	45
43 39	4
43 40	32
43 44	27
43 46	11
44 3	47
44 5	39
44 8	23
44 10	38
44 16	48
44 17	4
44 18	37
44 22	45
44 24	2
44 25	19
44 27	35
44 29	3
44 30	16
44 32	11
44 35	46
44 41	9
44 45	6
44 46	5
45 0	34
45 1	19
45 3	6
45 4	32
45 5	3
45 17	15
45 19	37
45 22	10
45 23	0
45 28	30
45 34	45
45 37	18
45 38	48
45 41	12
45 47	38
45 48	13
45 49	46
46 0	42
46 2	44
46 5	1
46 12	46
46 13	25
46 14	38
46 20	30
46 28	47
46 31	9
46 36	29
46 41	40
47 0	17
47 6	42
47 12	5
47 13	0
47 14	48
47 16	21
47 19	40
47 27	3
47 29	8
47 30	19
47 31	36
47 33	7
47 34	28
47 41	31
47 45	15
47 47	16
48 8	37
48 13	43
48 15	28
48 16	1
48 18	5
48 20	40
48 29	16
48 30	12
48 36	10
48 38	27
48 40	20
49 2	38
49 5	32
49 10	4
49 17	35
49 19	33
49 21	0
49 23	10
49 29	39
49 31	11
49 36	16
49 45	37
49 48	30
