50
0 0	16
0 1	39
0 2	17
0 3	38
0 4	14
0 6	43
0 7	12
0 10	15
0 11	45
0 12	7
0 13	8
0 16	19
0 19	9
0 22	32
0 23	41
0 26	34
0 27	40
0 29	36
0 31	10
0 32	0
0 33	35
0 34	42
0 36	21
0 37	13
0 38	46
0 40	27
0 43	5
0 44	6
0 45	29
0 47	26
0 48	20
1 0	44
1 3	3
1 4	31
1 5	46
1 7	38
1 8	30
1 9	16
1 10	35
1 14	45
1 15	20
1 16	11
1 17	0
1 19	19
1 21	1
1 22	2
1 23	9
1 24	5
1 25	28
1 27	36
1 29	29
1 32	47
1 33	49
1 34	8
1 36	7
1 37	22
1 38	34
1 40	10
1 43	39
1 44	40
1 45	17
1 47	27
1 48	13
2 0	32
2 2	2
2 3	18
2 4	13
2 6	45
2 10	26
2 12	28
2 13	34
2 14	24
2 16	10
2 19	21
2 20	40
2 25	29
2 26	15
2 27	46
2 33	22
2 35	1
2 36	35
2 37	39
2 38	4
2 39	3
2 40	16
2 41	6
2 47	38
3 0	26
3 1	17
3 2	7
3 3	12
3 5	28
3 7	41
3 9	19
3 11	22
3 12	40
3 14	8
3 16	4
3 17	49
3 18	47
3 19	35
3 20	21
3 22	20
3 23	43
3 26	11
3 27	39
3 28	27
3 29	10
3 30	30
3 32	31
3 33	23
3 35	29
3 39	13
3 40	24
3 45	5
3 47	48
3 48	34
4 0	47
4 1	11
4 2	22
4 3	39
4 4	3
4 6	10
4 10	38
4 13	35
4 14	49
4 15	0
4 16	16
4 19	18
4 21	19
4 25	1
4 26	2
4 28	5
4 29	42
4 30	8
4 31	12
4 32	33
4 34	4
4 35	13
4 36	23
4 37	20
4 38	44
4 39	17
4 40	32
4 42	15
4 43	29
4 46	43
4 48	24
4 49	28
5 0	25
5 1	14
5 4	30
5 5	32
5 7	8
5 9	37
5 10	39
5 12	11
5 13	19
5 16	15
5 17	24
5 18	40
5 19	23
5 23	38
5 24	1
5 26	35
5 28	26
5 30	31
5 32	27
5 33	42
5 34	45
5 37	21
5 43	43
5 44	46
5 45	16
5 46	9
5 49	29
6 0	38
6 2	4
6 3	22
6 4	10
6 6	12
6 9	11
6 11	24
6 13	13
6 14	23
6 18	0
6 20	31
6 23	33
6 25	17
6 26	44
6 27	20
6 28	19
6 29	6
6 30	41
6 31	32
6 34	49
6 36	29
6 38	27
6 43	3
6 44	16
6 46	7
6 48	5
6 49	47
7 0	43
7 2	30
7 3	20
7 4	42
7 5	19
7 8	12
7 9	47
7 11	37
7 16	24
7 17	1
7 18	23
7 22	35
7 24	15
7 25	33
7 27	41
7 28	11
7 31	8
7 32	28
7 34	18
7 37	16
7 39	39
7 40	44
7 41	29
7 42	26
7 43	31
7 46	5
7 47	0
7 49	27
8 2	8
8 4	15
8 5	24
8 11	10
8 12	38
8 13	5
8 15	45
8 18	28
8 20	33
8 21	39
8 23	40
8 24	14
8 25	27
8 26	41
8 29	49
8 30	21
8 31	3
8 34	1
8 38	11
8 39	47
8 40	18
8 41	4
8 42	6
8 43	17
8 44	42
8 45	26
8 46	32
8 48	25
8 49	2
9 0	35
9 1	29
9 2	33
9 3	2
9 4	8
9 6	17
9 7	46
9 8	18
9 9	48
9 10	37
9 13	16
9 14	5
9 16	36
9 17	11
9 18	14
9 19	22
9 20	13
9 22	0
9 24	39
9 25	43
9 29	41
9 30	27
9 32	3
9 33	28
9 35	4
9 36	30
9 37	49
9 39	45
9 40	6
9 41	31
9 42	12
9 43	10
9 44	26
9 45	9
9 46	42
10 0	30
10 1	8
10 2	40
10 3	19
10 4	48
10 5	34
10 6	26
10 8	6
10 10	42
10 11	4
10 14	33
10 15	38
10 18	15
10 19	31
10 20	44
10 21	14
10 23	20
10 24	36
10 27	49
10 28	7
10 30	9
10 31	21
10 32	5
10 33	37
10 34	27
10 36	39
10 39	32
10 41	41
10 43	35
10 44	25
10 47	11
10 49	46
11 1	22
11 2	13
11 4	26
11 5	23
11 6	44
11 8	4
11 9	8
11 11	30
11 14	32
11 15	15
11 18	24
11 21	37
11 22	14
11 23	34
11 24	33
11 25	48
11 28	3
11 30	40
11 32	25
11 34	39
11 35	21
11 37	35
11 39	36
11 40	5
11 45	7
11 46	45
11 47	9
11 48	41
11 49	17
12 1	32
12 4	17
12 7	36
12 9	33
12 11	2
12 12	29
12 13	6
12 14	41
12 15	14
12 18	35
12 22	19
12 23	46
12 25	25
12 26	4
12 27	43
12 28	28
12 29	21
12 31	37
12 32	22
12 33	26
12 34	12
12 35	34
12 36	11
12 37	0
12 38	3
12 41	24
12 46	39
12 47	15
12 48	49
13 1	24
13 3	45
13 7	13
13 12	35
13 14	19
13 16	40
13 18	20
13 19	27
13 22	43
13 25	8
13 27	14
13 29	22
13 30	17
13 31	28
13 32	23
13 35	48
13 36	9
13 38	26
13 39	34
13 41	18
13 42	7
13 43	6
13 44	30
13 45	41
13 46	36
13 48	15
13 49	12
14 2	47
14 3	17
14 4	2
14 5	35
14 6	32
14 7	43
14 8	11
14 10	44
14 13	20
14 14	29
14 15	48
14 16	39
14 17	19
14 18	34
14 20	22
14 23	21
14 24	37
14 25	23
14 27	25
14 30	16
14 31	40
14 32	41
14 33	27
14 36	45
14 37	30
14 38	1
14 39	14
14 40	42
14 41	3
14 42	38
14 43	0
14 45	10
14 46	28
14 48	6
15 0	33
15 1	7
15 2	21
15 3	26
15 6	38
15 7	47
15 11	29
15 13	9
15 14	30
15 15	41
15 16	42
15 18	3
15 20	45
15 22	17
15 23	28
15 24	44
15 25	12
15 26	24
15 27	11
15 29	14
15 30	2
15 32	20
15 34	36
15 36	8
15 37	10
15 38	43
15 40	22
15 41	35
15 42	0
15 43	13
15 44	5
15 45	37
15 46	4
15 47	46
15 48	16
15 49	18
16 1	48
16 2	25
16 3	40
16 4	12
16 6	7
16 8	27
16 11	35
16 12	26
16 13	21
16 15	22
16 17	41
16 18	5
16 20	28
16 21	49
16 23	29
16 24	18
16 26	30
16 27	23
16 28	16
16 29	24
16 30	44
16 31	11
16 32	2
16 38	9
16 39	31
16 40	33
16 41	43
16 42	13
16 43	1
16 46	47
16 47	4
17 0	24
17 1	16
17 2	9
17 3	23
17 10	47
17 12	4
17 15	8
17 16	3
17 18	33
17 19	37
17 20	27
17 21	17
17 22	44
17 23	25
17 25	42
17 26	39
17 28	22
17 30	38
17 32	15
17 37	19
17 38	6
17 40	14
17 41	10
17 42	11
17 44	34
17 46	29
17 47	18
17 48	36
17 49	7
18 0	0
18 1	20
18 3	10
18 4	45
18 7	48
18 9	4
18 11	8
18 12	30
18 14	37
18 15	13
18 17	17
18 18	2
18 20	29
18 21	24
18 25	35
18 29	40
18 31	15
18 32	38
18 35	31
18 36	36
18 38	41
18 39	26
18 40	12
18 41	46
18 42	28
18 43	27
18 44	39
18 45	34
18 46	3
18 48	32
18 49	33
19 2	38
19 4	28
19 6	34
19 7	15
19 10	25
19 11	46
19 12	41
19 14	13
19 18	31
19 20	20
19 21	12
19 22	5
19 23	47
19 24	3
19 27	4
19 30	18
19 31	16
19 32	26
19 33	0
19 35	33
19 37	36
19 39	37
19 41	45
19 43	44
19 44	19
19 46	6
19 47	14
19 48	27
19 49	35
20 3	31
20 5	3
20 7	44
20 8	35
20 10	2
20 11	32
20 12	6
20 14	11
20 16	47
20 18	45
20 21	26
20 24	49
20 25	37
20 26	43
20 27	12
20 28	42
20 32	40
20 35	0
20 38	18
20 39	20
20 40	46
20 41	8
20 42	19
20 43	16
20 44	24
20 46	21
20 47	5
21 0	8
21 1	38
21 3	27
21 5	15
21 7	33
21 9	40
21 10	41
21 11	36
21 13	25
21 14	1
21 15	47
21 16	14
21 20	3
21 22	34
21 23	4
21 24	7
21 27	35
21 28	37
21 29	39
21 30	28
21 31	44
21 32	48
21 35	12
21 36	46
21 37	5
21 41	30
21 42	45
21 44	32
21 47	17
21 48	2
21 49	43
22 1	1
22 3	15
22 5	8
22 6	39
22 7	20
22 8	43
22 9	14
22 12	9
22 13	26
22 14	18
22 15	24
22 16	29
22 19	45
22 21	34
22 22	6
22 23	35
22 24	11
22 25	0
22 26	16
22 28	46
22 29	25
22 31	36
22 33	12
22 35	47
22 36	42
22 38	22
22 39	48
22 41	23
22 42	41
22 43	28
22 44	7
22 45	49
22 46	30
22 48	21
22 49	19
23 1	0
23 2	42
23 3	8
23 4	29
23 6	11
23 7	32
23 9	3
23 11	12
23 13	46
23 16	9
23 18	44
23 21	35
23 22	1
23 24	19
23 25	26
23 26	33
23 27	24
23 29	45
23 30	6
23 31	47
23 32	30
23 33	14
23 38	48
23 41	28
23 45	21
23 46	13
23 47	23
24 0	27
24 2	46
24 3	48
24 4	6
24 5	17
24 7	40
24 9	29
24 11	25
24 15	2
24 19	3
24 20	4
24 21	45
24 22	24
24 25	18
24 26	21
24 28	43
24 29	47
24 30	34
24 33	32
24 35	14
24 36	10
24 38	12
24 40	1
24 42	33
24 43	26
24 45	38
24 47	37
24 48	30
24 49	5
25 0	34
25 1	35
25 2	27
25 4	22
25 6	49
25 7	7
25 8	36
25 10	4
25 12	25
25 13	42
25 16	41
25 19	6
25 21	11
25 22	39
25 24	46
25 26	18
25 27	13
25 28	21
25 29	30
25 30	32
25 31	17
25 32	24
25 33	16
25 35	2
25 36	31
25 37	15
25 39	28
25 41	20
25 42	43
25 43	19
25 44	47
25 46	10
25 47	40
26 0	41
26 2	12
26 5	40
26 6	8
26 7	27
26 10	19
26 12	10
26 14	38
26 16	0
26 17	16
26 19	44
26 22	28
26 24	42
26 25	13
26 30	22
26 31	43
26 34	48
26 35	17
26 38	37
26 40	15
26 42	32
26 43	24
26 44	36
26 45	46
26 46	35
26 47	25
26 49	11
27 0	19
27 3	32
27 5	43
27 6	14
27 7	29
27 8	31
27 9	23
27 14	17
27 15	21
27 16	45
27 17	20
27 19	40
27 20	0
27 21	38
27 22	25
27 28	12
27 30	49
27 31	22
27 32	6
27 33	39
27 34	30
27 35	42
27 37	46
27 38	13
27 39	44
27 41	34
27 46	2
27 48	3
28 1	13
28 2	35
28 4	23
28 5	4
28 7	17
28 9	6
28 10	1
28 13	40
28 15	34
28 16	12
28 19	16
28 20	30
28 21	47
28 23	27
28 25	38
28 29	20
28 31	5
28 34	7
28 35	8
28 36	18
28 38	21
28 39	46
28 40	31
28 43	42
28 46	22
28 47	3
28 49	37
29 2	10
29 3	37
29 5	0
29 6	29
29 9	13
29 10	45
29 11	41
29 13	33
29 14	42
29 16	44
29 17	2
29 18	25
29 21	27
29 22	49
29 25	40
29 26	47
29 27	1
29 28	15
29 29	16
29 32	8
29 33	21
29 34	3
29 35	18
29 36	5
29 37	26
29 39	24
29 41	48
29 44	12
29 45	28
29 47	32
29 48	17
30 0	9
30 2	45
30 4	35
30 5	36
30 6	23
30 12	31
30 13	2
30 15	39
30 16	48
30 18	38
30 20	6
30 22	3
30 24	43
30 26	8
30 29	32
30 30	10
30 34	37
30 35	25
30 37	33
30 38	40
30 39	21
30 41	13
30 45	19
30 47	16
30 48	11
30 49	15
31 0	17
31 1	49
31 2	29
31 3	36
31 5	44
31 7	5
31 9	20
31 11	21
31 13	22
31 16	1
31 19	8
31 22	31
31 23	2
31 24	6
31 25	32
31 26	48
31 28	25
31 29	28
31 32	14
31 33	7
31 34	34
31 36	27
31 37	42
31 40	26
31 43	15
31 44	45
31 46	23
31 48	0
31 49	10
32 0	20
32 4	19
32 5	27
32 7	31
32 11	23
32 12	36
32 15	28
32 16	2
32 18	21
32 20	24
32 21	22
32 24	8
32 28	35
32 30	1
32 31	6
32 33	43
32 34	5
32 35	45
32 36	41
32 39	42
32 41	7
32 42	48
32 46	17
33 1	30
33 2	26
33 4	25
33 5	1
33 7	45
33 9	31
33 11	28
33 14	34
33 15	44
33 16	22
33 18	10
33 20	5
33 21	29
33 22	27
33 23	3
33 26	40
33 28	17
33 29	37
33 30	33
33 31	42
33 32	49
33 33	47
33 34	43
33 35	38
33 36	24
33 39	23
33 40	9
33 41	32
33 43	12
33 45	14
33 46	46
33 47	13
33 49	48
34 1	25
34 2	39
34 3	13
34 4	33
34 5	5
34 6	31
34 7	26
34 8	38
34 9	42
34 12	44
34 13	10
34 15	16
34 16	8
34 18	32
34 19	7
34 20	34
34 21	46
34 22	11
34 23	36
34 24	29
34 25	30
34 26	6
34 27	22
34 29	18
34 30	48
34 36	0
34 38	49
34 41	1
34 42	24
34 43	2
34 44	15
34 45	47
34 46	19
34 48	23
34 49	41
35 0	11
35 4	7
35 5	29
35 7	10
35 9	2
35 10	32
35 15	12
35 16	18
35 18	17
35 19	5
35 20	46
35 21	41
35 25	47
35 27	9
35 28	39
35 29	27
35 30	20
35 31	19
35 32	16
35 33	3
35 34	44
35 36	14
35 37	37
35 38	30
35 39	38
35 40	34
35 41	42
35 42	25
35 43	33
35 44	8
35 48	26
35 49	21
36 0	4
36 1	21
36 3	47
36 4	0
36 5	20
36 6	33
36 7	35
36 9	32
36 12	42
36 13	27
36 14	46
36 15	36
36 18	49
36 20	43
36 21	44
36 23	16
36 25	31
36 26	9
36 28	45
36 29	17
36 30	11
36 31	24
36 32	10
36 33	30
36 36	48
36 37	12
36 38	15
36 39	22
36 40	8
36 41	26
36 42	39
36 43	38
36 44	23
36 49	3
37 0	21
37 1	47
37 3	44
37 6	48
37 9	30
37 10	7
37 13	49
37 14	16
37 19	14
37 21	5
37 23	13
37 24	24
37 25	36
37 26	25
37 29	33
37 30	46
37 32	19
37 33	40
37 35	26
37 36	12
37 37	45
37 38	42
37 39	35
37 40	0
37 42	20
37 43	8
37 47	41
37 49	1
38 1	5
38 2	48
38 3	14
38 5	25
38 6	36
38 7	19
38 8	41
38 9	43
38 10	10
38 11	3
38 13	45
38 14	39
38 16	32
38 17	9
38 18	46
38 20	16
38 22	15
38 23	44
38 24	17
38 25	24
38 29	26
38 30	47
38 31	13
38 36	1
38 37	28
38 38	31
38 39	33
38 40	23
38 42	8
38 43	21
38 44	38
38 45	0
38 46	34
38 48	40
39 0	15
39 1	34
39 4	49
39 5	9
39 6	30
39 8	16
39 10	3
39 11	20
39 12	13
39 13	37
39 14	2
39 15	26
39 16	38
39 18	1
39 19	10
39 20	48
39 21	8
39 24	4
39 27	29
39 29	46
39 30	35
39 31	23
39 33	31
39 34	11
39 35	39
39 36	47
39 37	24
39 38	5
39 39	18
39 40	19
39 41	21
39 42	40
39 43	7
39 44	14
39 45	12
39 47	22
40 0	18
40 1	44
40 4	16
40 5	47
40 6	13
40 7	11
40 9	7
40 10	9
40 11	19
40 12	3
40 13	24
40 15	49
40 16	17
40 19	12
40 20	14
40 22	42
40 23	5
40 29	0
40 31	31
40 33	38
40 35	22
40 36	6
40 38	32
40 39	1
40 40	36
40 41	40
40 46	8
40 48	33
40 49	23
41 0	28
41 2	11
41 3	9
41 5	26
41 8	42
41 9	17
41 11	40
41 12	39
41 13	14
41 15	43
41 16	25
41 20	8
41 22	4
41 23	37
41 25	10
41 26	32
41 27	48
41 29	12
41 34	19
41 35	5
41 36	20
41 37	47
41 38	2
41 40	41
41 41	16
41 42	23
41 45	36
41 47	34
41 49	31
42 0	12
42 1	42
42 2	24
42 3	29
42 4	32
42 5	6
42 6	37
42 12	47
42 14	36
42 15	40
42 17	5
42 19	26
42 20	23
42 21	31
42 24	9
42 25	4
42 26	7
42 27	21
42 29	44
42 33	41
42 34	10
42 37	27
42 38	45
42 41	2
42 42	14
42 43	11
42 45	33
42 47	20
42 48	43
43 0	23
43 2	31
43 3	33
43 8	26
43 11	27
43 12	8
43 13	30
43 16	21
43 17	29
43 19	11
43 20	36
43 21	25
43 22	10
43 23	1
43 25	15
43 26	45
43 28	4
43 29	19
43 30	12
43 33	24
43 35	46
43 36	32
43 37	6
43 38	17
43 41	0
43 45	40
43 46	37
44 0	31
44 1	4
44 2	15
44 3	6
44 7	28
44 14	9
44 15	27
44 19	33
44 20	19
44 21	36
44 25	14
44 28	10
44 31	46
44 32	42
44 33	11
44 35	16
44 36	2
44 39	0
44 41	17
44 43	20
44 45	22
44 46	25
44 47	49
44 48	44
45 1	26
45 3	7
45 4	39
45 5	13
45 6	46
45 8	48
45 13	3
45 14	20
45 15	4
45 16	31
45 18	30
45 20	2
45 21	40
45 23	19
45 24	16
45 27	10
45 28	36
45 29	38
45 35	11
45 37	32
45 39	15
45 41	27
45 44	49
45 45	42
45 46	12
45 48	28
46 0	13
46 1	6
46 2	0
46 4	36
46 5	10
46 6	5
46 7	22
46 9	18
46 11	7
46 14	21
46 15	23
46 16	27
46 17	14
46 18	12
46 19	30
46 27	42
46 29	2
46 30	43
46 32	32
46 33	17
46 34	15
46 35	37
46 36	4
46 37	38
46 38	24
46 40	29
46 41	19
46 42	1
46 44	9
46 46	16
46 48	48
46 49	45
47 0	3
47 3	46
47 4	24
47 5	49
47 6	6
47 7	23
47 9	0
47 10	11
47 11	16
47 13	17
47 14	4
47 18	43
47 19	36
47 20	25
47 21	32
47 24	27
47 26	42
47 29	34
47 30	5
47 31	39
47 32	18
47 34	26
47 35	44
47 36	28
47 37	41
47 39	10
47 41	12
47 43	22
47 44	20
47 45	13
47 46	15
47 48	38
48 0	29
48 1	27
48 2	32
48 4	4
48 5	48
48 6	0
48 7	16
48 8	14
48 12	17
48 14	35
48 15	37
48 16	26
48 17	36
48 18	19
48 19	41
48 20	9
48 21	13
48 26	23
48 27	31
48 29	15
48 31	38
48 32	1
48 33	44
48 36	33
48 37	3
48 38	28
48 39	25
48 40	39
48 42	46
48 43	49
48 44	43
48 45	45
48 46	40
48 47	2
48 48	8
49 0	39
49 1	45
49 3	43
49 4	5
49 5	30
49 8	1
49 11	49
49 14	40
49 16	35
49 17	4
49 18	27
49 20	10
49 23	15
49 25	3
49 26	26
49 27	6
49 28	2
49 30	42
49 31	48
49 32	34
49 35	32
49 36	37
49 37	31
49 39	16
49 40	38
49 41	9
49 43	14
49 44	17
49 47	24
49 48	19
