50
0 1	30
0 3	7
0 5	37
0 11	6
0 13	0
0 16	34
0 18	49
0 19	44
0 22	4
0 25	3
0 29	43
0 36	11
0 37	25
0 40	39
0 49	18
1 0	29
1 2	36
1 3	35
1 7	8
1 8	45
1 14	4
1 15	5
1 16	24
1 25	23
1 26	7
1 39	49
1 42	32
1 44	2
1 47	34
1 49	20
2 8	6
2 12	35
2 13	32
2 15	17
2 16	47
2 18	19
2 20	12
2 24	7
2 25	2
2 26	31
2 27	13
2 28	4
2 34	28
2 35	30
2 38	15
2 48	5
3 2	29
3 4	30
3 6	46
3 10	1
3 11	25
3 12	14
3 15	28
3 16	32
3 24	31
3 29	16
3 33	42
3 37	4
3 42	5
3 43	26
3 46	45
3 48	17
4 1	14
4 7	0
4 13	36
4 16	37
4 19	13
4 22	23
4 27	5
4 30	26
4 31	1
4 32	24
4 33	40
4 37	48
4 38	11
4 42	45
4 43	39
5 2	3
5 5	40
5 7	28
5 18	27
5 20	24
5 22	31
5 25	0
5 28	13
5 30	37
5 33	6
5 34	36
5 36	7
5 37	49
5 40	41
5 47	11
6 14	42
6 16	46
6 18	36
6 21	14
6 24	38
6 25	13
6 27	41
6 29	7
6 31	17
6 32	31
6 37	11
6 38	5
6 42	8
6 46	35
6 48	34
6 49	29
7 1	28
7 6	38
7 9	25
7 10	27
7 19	23
7 33	29
7 44	10
7 46	4
7 48	48
7 49	22
8 0	5
8 6	47
8 10	9
8 13	37
8 15	48
8 17	30
8 21	40
8 25	36
8 27	31
8 30	2
8 32	28
8 33	25
8 34	18
8 38	13
8 40	29
8 46	8
8 49	11
9 4	2
9 5	20
9 7	46
9 14	29
9 15	6
9 19	27
9 22	37
9 24	12
9 27	15
9 31	32
9 32	13
9 33	41
9 34	11
9 43	34
9 44	40
9 47	5
10 0	28
10 3	1
10 7	10
10 10	48
10 11	36
10 14	24
10 29	8
10 31	23
10 36	40
10 48	44
11 4	38
11 5	13
11 6	37
11 12	45
11 15	44
11 17	35
11 20	39
11 25	41
11 27	48
11 29	42
11 36	17
11 37	27
11 39	31
11 43	46
11 45	16
12 0	1
12 2	24
12 3	12
12 5	47
12 7	18
12 8	13
12 14	19
12 16	30
12 19	15
12 24	49
12 26	11
12 32	5
12 36	28
12 37	22
12 38	29
12 40	45
12 47	21
13 0	15
13 6	35
13 10	49
13 13	42
13 16	28
13 20	7
13 21	45
13 25	33
13 26	37
13 27	4
13 29	12
13 30	46
13 40	44
14 4	13
14 12	46
14 19	42
14 29	9
14 34	49
14 40	0
14 41	2
14 44	3
14 45	20
14 47	6
14 49	40
15 0	6
15 2	23
15 5	21
15 7	12
15 10	7
15 12	38
15 13	48
15 15	39
15 17	5
15 20	29
15 24	22
15 27	34
15 29	3
15 31	19
15 33	43
15 43	14
15 44	15
15 49	26
16 3	6
16 6	49
16 16	15
16 18	29
16 27	44
16 28	40
16 32	4
16 34	1
16 35	8
16 39	11
16 44	42
16 49	27
17 2	10
17 7	15
17 11	30
17 16	31
17 20	13
17 22	1
17 24	24
17 27	14
17 28	19
17 30	49
17 31	21
17 41	28
17 44	41
17 46	3
17 47	25
18 1	40
18 8	47
18 9	28
18 13	30
18 20	0
18 24	13
18 28	32
18 32	16
18 35	11
18 36	22
18 37	1
18 41	48
18 49	5
19 14	36
19 18	35
19 19	24
19 20	45
19 22	47
19 25	10
19 28	29
19 29	11
19 31	5
19 34	27
19 35	31
19 36	30
19 38	34
19 45	44
20 0	3
20 5	10
20 6	40
20 7	43
20 12	32
20 14	33
20 19	16
20 22	2
20 25	1
20 30	36
20 31	24
20 33	17
20 38	0
20 42	20
20 43	21
20 46	49
20 48	27
20 49	28
21 11	22
21 16	3
21 22	42
21 24	2
21 25	37
21 26	16
21 28	44
21 29	18
21 36	41
21 37	9
21 49	6
22 7	38
22 11	3
22 21	39
22 24	15
22 30	17
22 33	49
22 34	41
22 42	14
22 45	22
22 46	42
23 2	0
23 3	30
23 4	36
23 7	2
23 8	31
23 11	49
23 12	37
23 14	11
23 15	8
23 18	40
23 19	22
23 24	10
23 25	18
23 29	29
23 31	35
23 35	7
23 36	4
23 40	34
23 41	38
23 43	12
23 45	48
23 47	9
23 49	32
24 3	5
24 8	30
24 12	16
24 16	33
24 19	11
24 20	21
24 26	14
24 28	36
24 33	13
24 36	15
24 38	44
24 42	1
24 44	9
24 45	3
24 48	18
25 0	21
25 2	40
25 3	9
25 4	24
25 5	17
25 7	49
25 8	29
25 18	6
25 20	3
25 21	30
25 29	37
25 31	26
25 32	15
25 34	13
25 37	7
25 41	41
25 47	38
26 1	41
26 3	37
26 8	17
26 17	44
26 18	15
26 27	7
26 29	19
26 34	26
26 37	2
26 39	45
26 40	4
26 42	24
26 46	11
27 0	41
27 1	44
27 3	32
27 7	48
27 12	42
27 13	23
27 14	46
27 15	18
27 20	37
27 21	10
27 24	30
27 31	40
27 33	27
27 34	34
27 37	28
27 38	36
27 40	9
27 45	49
27 48	15
28 6	9
28 9	47
28 11	10
28 14	49
28 15	22
28 17	23
28 18	11
28 19	6
28 20	38
28 22	33
28 25	31
28 31	4
28 32	35
28 33	14
28 35	3
28 36	27
28 40	16
28 41	7
28 45	2
28 47	24
28 49	37
29 7	22
29 10	30
29 15	3
29 16	12
29 20	25
29 23	19
29 28	11
29 30	4
29 32	21
29 35	0
29 38	8
29 42	40
29 45	37
29 47	10
30 0	8
30 4	28
30 6	6
30 12	36
30 13	20
30 17	34
30 21	11
30 22	38
30 23	9
30 25	19
30 26	30
30 27	37
30 28	25
30 35	40
30 36	26
30 37	3
30 38	47
30 39	43
30 48	49
31 1	46
31 3	49
31 5	18
31 6	26
31 11	27
31 15	23
31 16	4
31 17	42
31 23	12
31 25	24
31 34	0
31 38	17
31 39	9
31 49	15
32 0	32
32 2	19
32 4	45
32 6	2
32 7	36
32 12	26
32 14	35
32 16	40
32 17	22
32 20	15
32 29	6
32 32	30
32 34	21
32 39	5
32 40	27
32 46	48
32 49	13
33 5	31
33 6	14
33 7	21
33 8	42
33 12	25
33 13	35
33 14	3
33 15	30
33 18	47
33 22	41
33 27	49
33 30	24
33 35	19
33 38	12
33 41	10
33 44	7
33 46	44
34 6	42
34 12	33
34 16	25
34 17	2
34 20	49
34 24	43
34 34	31
34 36	8
34 38	40
34 39	0
34 49	24
35 7	37
35 8	40
35 12	3
35 17	39
35 25	8
35 27	28
35 28	14
35 35	24
35 45	0
35 46	29
35 47	1
35 49	38
36 2	27
36 4	34
36 5	30
36 7	23
36 10	38
36 11	40
36 12	17
36 15	11
36 16	7
36 17	36
36 18	32
36 19	12
36 22	15
36 26	29
36 27	6
36 32	20
36 33	26
36 35	45
36 36	35
36 49	0
37 8	39
37 18	0
37 23	30
37 24	32
37 29	40
37 30	31
37 32	25
37 37	6
37 44	23
37 47	46
38 0	49
38 2	4
38 9	48
38 10	3
38 17	37
38 24	23
38 27	10
38 29	26
38 30	35
38 31	12
38 39	40
38 42	13
38 43	30
38 44	33
38 46	2
38 47	42
38 49	44
39 0	10
39 4	22
39 6	24
39 7	32
39 10	34
39 11	42
39 13	17
39 15	16
39 16	5
39 23	49
39 24	33
39 26	41
39 27	46
39 28	39
39 29	45
39 31	8
39 34	3
39 35	18
39 37	44
39 38	35
39 43	7
39 44	1
39 46	21
40 3	14
40 8	3
40 28	23
40 29	38
40 34	30
40 37	42
40 38	43
40 41	18
40 43	16
40 45	32
40 47	39
41 13	7
41 16	21
41 19	30
41 20	1
41 21	38
41 22	48
41 27	42
41 28	35
41 36	10
41 40	26
41 41	24
41 45	17
41 46	25
41 49	41
42 3	41
42 8	21
42 9	17
42 26	0
42 29	28
42 42	44
42 46	39
43 1	8
43 2	9
43 9	4
43 16	2
43 19	17
43 22	28
43 28	33
43 36	34
43 44	13
43 45	14
43 47	16
44 8	7
44 9	37
44 13	41
44 17	29
44 20	40
44 23	18
44 26	8
44 30	13
44 32	39
44 41	42
44 44	0
44 47	17
45 0	48
45 3	13
45 7	1
45 9	7
45 11	44
45 15	27
45 20	5
45 22	43
45 31	37
45 32	47
45 35	15
45 40	42
45 41	36
45 42	34
45 49	31
46 1	36
46 4	37
46 5	39
46 6	4
46 8	5
46 14	13
46 16	38
46 17	31
46 19	47
46 22	34
46 23	43
46 24	26
46 26	3
46 27	23
46 29	22
46 30	6
46 31	30
46 32	48
46 43	9
46 45	7
46 48	33
47 1	43
47 2	46
47 7	40
47 8	41
47 10	16
47 11	1
47 13	5
47 17	32
47 22	9
47 23	20
47 35	42
47 39	44
47 40	49
47 42	11
47 45	15
47 48	3
48 1	4
48 2	13
48 5	16
48 13	46
48 14	17
48 17	8
48 19	26
48 21	5
48 29	23
48 31	33
48 32	42
48 35	32
48 37	31
48 41	27
48 42	7
48 46	12
49 2	1
49 6	15
49 8	19
49 9	0
49 10	21
49 11	23
49 14	8
49 15	47
49 17	41
49 19	34
49 25	42
49 32	45
49 34	40
49 36	2
49 37	5
49 43	13
49 49	39
