50
0 0	25
0 2	13
0 3	14
0 7	7
0 9	12
0 10	30
0 11	43
0 12	6
0 13	24
0 14	45
0 15	11
0 16	41
0 18	33
0 19	34
0 20	8
0 21	5
0 23	23
0 24	46
0 26	40
0 27	3
0 28	21
0 29	48
0 32	19
0 33	39
0 34	1
0 35	29
0 36	18
0 37	9
0 38	42
0 39	35
0 40	44
0 42	31
0 44	15
0 45	47
0 46	26
0 49	20
1 1	36
1 2	26
1 3	9
1 5	19
1 6	20
1 8	35
1 9	45
1 10	4
1 11	25
1 13	49
1 14	22
1 15	43
1 16	33
1 18	18
1 19	29
1 21	28
1 22	42
1 23	0
1 25	27
1 27	2
1 28	41
1 29	44
1 30	37
1 31	11
1 35	24
1 36	12
1 38	15
1 40	21
1 42	34
1 44	8
1 45	10
1 46	23
1 47	48
1 48	17
1 49	5
2 0	48
2 1	34
2 2	32
2 3	26
2 6	6
2 8	47
2 9	0
2 10	10
2 11	12
2 12	35
2 14	49
2 15	27
2 16	44
2 17	7
2 18	3
2 19	38
2 20	23
2 22	46
2 23	40
2 24	19
2 26	4
2 29	15
2 31	8
2 32	16
2 33	9
2 34	36
2 37	5
2 38	30
2 39	43
2 42	37
2 45	21
2 47	2
2 49	41
3 0	35
3 1	22
3 2	6
3 3	21
3 4	20
3 5	2
3 6	47
3 7	28
3 8	24
3 10	18
3 11	5
3 15	13
3 16	14
3 17	10
3 18	7
3 20	48
3 21	33
3 22	26
3 23	32
3 24	40
3 25	15
3 26	3
3 27	44
3 28	1
3 30	41
3 32	31
3 33	4
3 35	39
3 36	42
3 38	16
3 39	45
3 40	30
3 41	12
3 43	25
3 44	37
3 47	8
3 49	11
4 0	28
4 1	16
4 3	24
4 5	23
4 6	1
4 10	34
4 11	22
4 12	11
4 14	32
4 15	48
4 17	42
4 18	13
4 19	12
4 20	40
4 22	38
4 26	30
4 28	31
4 29	9
4 30	43
4 31	49
4 32	39
4 33	15
4 34	44
4 35	0
4 36	17
4 37	29
4 38	18
4 40	25
4 41	10
4 42	7
4 43	14
4 44	5
4 45	41
4 49	3
5 1	18
5 2	42
5 4	47
5 5	45
5 6	12
5 11	39
5 12	49
5 13	9
5 14	4
5 15	7
5 17	25
5 18	44
5 19	22
5 20	14
5 23	46
5 24	43
5 26	16
5 27	33
5 28	40
5 29	31
5 31	37
5 33	41
5 36	10
5 37	20
5 38	8
5 39	23
5 40	11
5 41	38
5 44	35
5 45	0
5 47	27
5 48	24
5 49	19
6 0	41
6 1	28
6 2	23
6 3	49
6 7	43
6 9	32
6 10	17
6 11	21
6 12	26
6 13	18
6 15	2
6 16	35
6 18	12
6 19	14
6 20	11
6 21	30
6 22	4
6 23	20
6 24	5
6 26	9
6 27	46
6 28	15
6 29	27
6 31	25
6 32	10
6 33	29
6 34	33
6 35	44
6 36	48
6 37	7
6 38	31
6 39	36
6 40	13
6 42	39
6 45	6
6 46	3
6 48	22
6 49	0
7 0	31
7 2	10
7 3	5
7 4	0
7 6	9
7 8	20
7 10	23
7 11	27
7 12	28
7 13	47
7 16	22
7 17	45
7 19	11
7 20	49
7 21	4
7 22	21
7 23	48
7 25	44
7 27	24
7 28	26
7 29	17
7 30	46
7 31	38
7 33	8
7 34	12
7 35	41
7 36	25
7 37	19
7 40	15
7 42	42
7 43	33
7 44	40
7 46	2
7 47	18
7 49	1
8 1	29
8 2	40
8 4	30
8 5	38
8 6	11
8 7	31
8 8	33
8 9	37
8 10	12
8 11	44
8 13	43
8 14	41
8 16	8
8 18	16
8 19	24
8 20	5
8 22	28
8 23	25
8 24	10
8 25	47
8 26	45
8 29	22
8 30	34
8 33	2
8 35	42
8 36	35
8 37	21
8 38	19
8 39	48
8 40	36
8 43	9
8 44	3
8 45	20
8 46	39
8 48	7
9 0	0
9 2	22
9 3	42
9 4	17
9 6	3
9 7	45
9 9	4
9 10	37
9 11	38
9 12	1
9 13	13
9 14	24
9 15	14
9 16	7
9 17	8
9 18	6
9 19	26
9 20	39
9 22	36
9 23	18
9 24	12
9 25	49
9 26	15
9 28	34
9 29	10
9 30	20
9 31	16
9 33	33
9 34	40
9 35	46
9 38	2
9 40	29
9 44	30
9 45	43
9 46	31
9 48	41
9 49	44
10 0	22
10 1	31
10 2	12
10 4	15
10 5	44
10 8	6
10 10	46
10 11	41
10 14	9
10 15	23
10 16	27
10 17	48
10 18	38
10 21	0
10 23	45
10 24	39
10 25	11
10 26	49
10 27	13
10 28	29
10 29	4
10 30	30
10 31	20
10 32	14
10 33	24
10 34	35
10 36	3
10 37	25
10 39	17
10 42	26
10 43	37
10 45	16
10 46	36
10 48	18
10 49	28
11 3	33
11 5	11
11 6	8
11 7	24
11 8	16
11 9	29
11 10	32
11 11	31
11 14	14
11 17	19
11 18	27
11 19	15
11 20	17
11 21	10
11 22	9
11 23	4
11 24	18
11 26	36
11 27	21
11 28	13
11 29	41
11 30	26
11 31	7
11 33	23
11 34	45
11 36	5
11 37	35
11 39	46
11 40	43
11 41	34
11 42	49
11 43	6
11 45	12
11 49	22
12 0	46
12 2	5
12 3	31
12 5	14
12 6	22
12 8	45
12 9	30
12 11	13
12 12	24
12 14	26
12 15	3
12 16	23
12 17	43
12 18	48
12 19	17
12 20	41
12 21	42
12 23	19
12 26	47
12 27	16
12 28	11
12 29	37
12 33	25
12 34	6
12 35	10
12 37	18
12 40	49
12 42	21
12 43	44
12 44	32
12 45	34
12 46	28
12 49	40
13 2	31
13 3	48
13 4	9
13 6	13
13 8	1
13 10	16
13 11	0
13 14	6
13 16	28
13 18	34
13 19	3
13 20	26
13 22	32
13 23	15
13 25	10
13 26	41
13 28	30
13 29	8
13 30	33
13 31	47
13 33	27
13 34	46
13 35	18
13 41	42
13 42	5
13 45	44
13 46	4
13 48	19
13 49	45
14 0	4
14 1	42
14 2	3
14 3	15
14 4	18
14 5	33
14 7	32
14 8	9
14 9	6
14 10	41
14 12	47
14 13	29
14 15	25
14 16	31
14 17	5
14 18	24
14 19	19
14 20	37
14 23	7
14 24	22
14 25	46
14 26	34
14 28	17
14 31	26
14 32	1
14 33	49
14 34	39
14 35	12
14 37	43
14 39	11
14 41	0
14 42	44
14 44	13
14 45	14
14 46	21
14 47	10
14 48	27
14 49	16
15 1	44
15 2	38
15 3	22
15 4	19
15 5	41
15 7	25
15 8	10
15 9	18
15 10	20
15 12	5
15 13	46
15 17	40
15 18	35
15 19	0
15 21	8
15 22	16
15 24	30
15 26	48
15 27	42
15 29	39
15 30	7
15 34	28
15 36	49
15 37	6
15 39	14
15 40	1
15 41	27
15 43	17
15 44	24
15 46	29
15 47	37
15 48	4
15 49	2
16 0	16
16 2	47
16 3	34
16 4	14
16 5	32
16 7	21
16 8	38
16 9	46
16 10	24
16 11	15
16 12	29
16 14	48
16 16	9
16 20	44
16 21	39
16 23	1
16 24	20
16 25	40
16 26	37
16 27	6
16 28	7
16 29	13
16 30	19
16 31	17
16 32	18
16 35	3
16 37	10
16 38	12
16 40	27
16 42	25
16 43	0
16 45	42
16 46	43
16 48	33
16 49	49
17 0	40
17 2	30
17 4	43
17 5	49
17 7	13
17 8	21
17 9	10
17 10	39
17 11	11
17 12	17
17 13	12
17 15	36
17 17	15
17 18	9
17 20	35
17 22	0
17 23	41
17 24	8
17 25	25
17 26	33
17 27	4
17 28	5
17 29	28
17 30	18
17 31	22
17 32	42
17 35	45
17 36	16
17 38	26
17 39	29
17 41	48
17 42	20
17 43	38
17 44	2
17 45	23
17 47	19
17 48	44
17 49	46
18 0	23
18 1	5
18 4	44
18 5	26
18 7	1
18 8	19
18 9	33
18 10	40
18 12	9
18 14	35
18 17	27
18 18	30
18 19	21
18 20	43
18 21	29
18 24	0
18 26	42
18 27	11
18 28	45
18 30	39
18 31	3
18 33	46
18 34	20
18 36	8
18 37	24
18 39	31
18 40	7
18 41	15
18 43	4
18 44	49
18 46	25
18 49	36
19 2	2
19 3	44
19 4	31
19 5	47
19 6	16
19 7	27
19 9	49
19 10	15
19 13	36
19 14	40
19 17	9
19 19	8
19 20	6
19 23	37
19 24	25
19 26	26
19 27	0
19 28	42
19 29	38
19 31	10
19 32	3
19 33	32
19 34	41
19 36	13
19 37	17
19 38	34
19 39	22
19 40	39
19 41	30
19 42	19
19 43	21
19 44	48
19 45	5
19 46	45
19 47	24
19 48	43
19 49	4
20 0	20
20 1	8
20 4	32
20 6	5
20 7	36
20 8	28
20 9	2
20 10	42
20 11	6
20 12	14
20 13	21
20 14	11
20 15	4
20 16	26
20 19	45
20 23	29
20 25	43
20 27	12
20 28	27
20 29	1
20 30	23
20 31	19
20 33	7
20 34	10
20 36	34
20 37	13
20 39	41
20 40	48
20 41	33
20 42	30
20 43	31
20 44	18
20 45	3
20 48	46
20 49	38
21 1	37
21 2	25
21 3	35
21 6	27
21 7	2
21 10	3
21 11	49
21 13	31
21 14	33
21 15	12
21 16	40
21 17	26
21 19	32
21 20	24
21 21	9
21 22	22
21 23	17
21 25	14
21 26	38
21 27	15
21 28	18
21 31	28
21 32	6
21 34	34
21 37	36
21 38	5
21 39	19
21 40	41
21 41	29
21 42	10
21 43	30
21 44	21
21 45	4
21 46	7
21 47	45
21 48	47
22 0	19
22 1	43
22 2	16
22 3	28
22 5	1
22 6	30
22 7	9
22 8	8
22 9	7
22 10	25
22 12	34
22 13	10
22 14	5
22 16	4
22 19	27
22 20	32
22 22	12
22 23	47
22 26	6
22 27	23
22 28	20
22 29	26
22 30	3
22 31	41
22 32	44
22 33	22
22 37	14
22 38	21
22 42	15
22 44	39
22 45	24
22 46	40
22 48	0
22 49	37
23 2	8
23 4	10
23 6	41
23 8	36
23 9	13
23 11	16
23 12	45
23 13	26
23 14	44
23 15	40
23 16	49
23 18	28
23 19	43
23 21	27
23 22	7
23 23	11
23 24	9
23 25	20
23 26	32
23 27	25
23 28	33
23 30	47
23 31	2
23 32	15
23 33	38
23 34	31
23 36	21
23 38	37
23 40	24
23 41	19
23 42	23
23 44	46
23 45	39
23 47	22
23 48	42
23 49	14
24 0	7
24 1	26
24 3	17
24 6	33
24 7	10
24 8	41
24 9	3
24 10	14
24 11	9
24 12	27
24 15	0
24 16	24
24 17	22
24 18	11
24 19	48
24 21	12
24 22	23
24 23	44
24 24	13
24 26	1
24 27	47
24 28	38
24 30	15
24 31	45
24 32	35
24 35	37
24 36	30
24 37	49
24 39	40
24 40	46
24 41	31
24 42	16
24 43	43
24 44	34
24 46	42
24 47	32
24 48	25
24 49	39
25 1	3
25 2	4
25 3	41
25 4	42
25 5	28
25 6	24
25 7	18
25 8	14
25 9	36
25 10	49
25 12	37
25 14	43
25 16	46
25 18	31
25 20	21
25 21	11
25 24	45
25 27	26
25 28	0
25 29	20
25 30	27
25 31	34
25 32	29
25 33	40
25 35	35
25 36	7
25 37	44
25 39	10
25 41	17
25 45	1
25 46	32
25 47	25
25 48	39
26 1	11
26 2	0
26 3	12
26 4	39
26 5	3
26 6	44
26 7	15
26 8	43
26 10	27
26 11	35
26 12	18
26 13	16
26 15	32
26 16	13
26 17	29
26 18	23
26 19	20
26 20	42
26 21	48
26 23	28
26 24	21
26 25	1
26 29	46
26 30	5
26 31	30
26 32	41
26 33	10
26 34	24
26 35	7
26 36	6
26 37	33
26 38	36
26 40	17
26 42	22
26 44	4
26 47	49
26 48	38
26 49	31
27 0	2
27 1	7
27 2	39
27 3	6
27 4	25
27 5	29
27 6	4
27 8	48
27 9	27
27 11	47
27 15	1
27 17	38
27 18	37
27 21	14
27 22	24
27 23	10
27 26	0
27 27	43
27 29	45
27 31	35
27 32	40
27 33	20
27 34	8
27 35	23
27 36	22
27 38	11
27 39	44
27 40	3
27 42	32
27 43	28
27 44	12
27 46	5
27 49	17
28 1	40
28 2	7
28 4	27
28 5	35
28 6	26
28 9	48
28 11	33
28 12	38
28 14	36
28 15	21
28 17	32
28 18	15
28 19	18
28 20	2
28 21	43
28 22	49
28 24	23
28 25	42
28 27	22
28 29	25
28 34	29
28 35	47
28 36	41
28 37	39
28 38	44
28 39	20
28 40	4
28 41	45
28 42	0
28 43	3
28 44	10
28 47	28
28 49	12
29 1	0
29 2	41
29 6	15
29 7	17
29 8	2
29 9	31
29 10	36
29 11	10
29 13	27
29 14	18
29 15	47
29 16	11
29 18	25
29 19	1
29 20	45
29 21	21
29 23	42
29 24	3
29 26	7
29 28	37
29 29	33
29 32	20
29 33	19
29 34	48
29 36	24
29 37	38
29 38	9
29 39	28
29 41	43
29 42	6
29 43	49
29 45	29
29 49	8
30 0	6
30 2	43
30 3	3
30 4	46
30 6	29
30 8	30
30 9	16
30 11	40
30 12	10
30 13	37
30 16	48
30 17	23
30 18	5
30 19	42
30 21	38
30 23	13
30 25	17
30 26	39
30 27	14
30 28	19
30 29	18
30 30	12
30 31	1
30 33	21
30 34	4
30 35	15
30 37	26
30 38	20
30 39	0
30 41	11
30 42	45
30 43	22
30 44	7
30 46	33
30 47	41
30 48	36
30 49	24
31 1	46
31 2	14
31 3	4
31 4	6
31 5	10
31 7	30
31 8	11
31 10	33
31 13	23
31 14	0
31 16	34
31 17	39
31 21	25
31 23	16
31 24	2
31 25	36
31 28	35
31 29	12
31 30	17
31 32	8
31 33	31
31 34	13
31 35	19
31 37	15
31 38	43
31 39	1
31 40	26
31 41	40
31 42	38
31 43	41
31 44	29
31 46	18
31 47	3
31 48	5
32 1	10
32 2	18
32 3	40
32 4	2
32 9	8
32 10	11
32 11	19
32 12	4
32 13	3
32 14	7
32 15	44
32 17	20
32 20	22
32 21	1
32 22	34
32 24	38
32 25	21
32 26	17
32 28	48
32 29	42
32 30	6
32 31	29
32 32	24
32 33	14
32 34	49
32 35	5
32 36	23
32 37	28
32 38	25
32 39	16
32 40	33
32 41	46
32 42	41
32 43	26
32 44	27
32 45	45
32 47	30
32 48	32
33 0	10
33 1	41
33 2	46
33 3	37
33 4	16
33 5	36
33 6	25
33 10	48
33 11	28
33 12	8
33 13	15
33 14	30
33 15	24
33 17	11
33 18	1
33 19	2
33 22	5
33 23	49
33 24	29
33 25	0
33 26	12
33 27	34
33 30	42
33 31	6
33 33	47
33 36	31
33 38	38
33 39	7
33 40	45
33 43	19
33 44	43
33 46	17
33 47	26
33 48	9
33 49	18
34 0	18
34 1	9
34 3	10
34 4	41
34 5	30
34 6	36
34 7	47
34 10	2
34 11	26
34 12	0
34 13	28
34 14	27
34 15	42
34 16	29
34 17	3
34 18	49
34 20	15
34 21	16
34 22	19
34 23	33
34 26	25
34 29	7
34 30	11
34 32	21
34 36	37
34 37	34
34 40	22
34 42	46
34 44	1
34 45	8
34 46	24
34 47	44
34 48	45
34 49	6
35 0	26
35 1	48
35 2	36
35 4	12
35 5	31
35 6	39
35 7	16
35 8	29
35 9	41
35 10	45
35 13	6
35 14	47
35 15	49
35 17	13
35 18	19
35 21	17
35 22	3
35 23	27
35 24	44
35 25	35
35 27	20
35 28	25
35 29	2
35 30	32
35 32	28
35 33	0
35 34	43
35 35	8
35 36	11
35 37	23
35 40	37
35 41	18
35 42	1
35 44	9
35 46	30
35 48	10
36 0	15
36 1	27
36 2	20
36 3	1
36 5	21
36 6	49
36 7	46
36 9	42
36 10	35
36 11	45
36 14	37
36 15	5
36 16	38
36 17	28
36 18	40
36 19	39
36 20	29
36 21	2
36 23	26
36 24	4
36 26	8
36 28	16
36 29	30
36 33	17
36 34	47
36 35	31
36 36	19
36 37	22
36 38	10
36 39	34
36 40	23
36 41	3
36 42	18
36 45	36
36 46	9
37 3	11
37 4	28
37 5	7
37 6	43
37 7	34
37 8	40
37 9	26
37 11	14
37 12	22
37 13	48
37 14	16
37 15	20
37 17	44
37 18	32
37 20	4
37 21	41
37 23	5
37 25	33
37 26	24
37 27	29
37 28	23
37 30	25
37 31	46
37 32	38
37 33	42
37 34	30
37 35	21
37 36	2
37 37	1
37 38	3
37 39	47
37 41	37
37 45	18
37 49	10
38 1	17
38 2	35
38 4	8
38 5	37
38 6	42
38 7	22
38 8	12
38 9	24
38 11	20
38 12	41
38 13	38
38 14	46
38 15	28
38 16	43
38 17	6
38 20	25
38 21	18
38 22	48
38 23	30
38 24	47
38 25	13
38 26	19
38 27	10
38 28	44
38 31	23
38 34	26
38 35	32
38 36	29
38 37	45
38 38	27
38 39	39
38 40	0
38 41	16
38 42	2
38 43	40
38 44	11
38 45	15
38 46	14
38 47	31
38 48	21
38 49	9
39 4	11
39 5	42
39 6	38
39 7	12
39 8	22
39 9	25
39 10	0
39 11	34
39 12	21
39 13	40
39 14	28
39 16	32
39 17	17
39 18	26
39 19	23
39 20	30
39 21	31
39 23	14
39 24	49
39 25	3
39 26	10
39 27	19
39 28	2
39 30	8
39 31	5
39 34	15
39 35	36
39 36	20
39 37	46
39 38	35
39 39	13
39 40	6
39 41	1
39 42	24
39 43	16
39 44	47
39 46	41
39 48	37
39 49	7
40 2	24
40 3	27
40 4	7
40 5	15
40 6	14
40 8	31
40 9	43
40 10	5
40 11	3
40 13	19
40 14	25
40 15	41
40 16	20
40 17	18
40 19	4
40 21	45
40 22	44
40 23	34
40 25	32
40 27	1
40 30	13
40 31	42
40 32	22
40 33	26
40 34	9
40 36	33
40 37	16
40 38	39
40 39	21
40 41	23
40 43	8
40 45	38
40 47	11
40 49	29
41 1	19
41 2	34
41 3	39
41 4	21
41 5	18
41 6	0
41 7	23
41 9	11
41 10	22
41 12	31
41 13	30
41 14	13
41 17	2
41 18	10
41 19	25
41 20	1
41 21	15
41 22	35
41 23	8
41 24	7
41 25	38
41 26	44
41 27	27
41 28	28
41 29	16
41 30	45
41 31	33
41 32	43
41 33	36
41 34	37
41 35	6
41 37	12
41 39	24
41 40	20
41 42	40
41 44	41
41 45	48
41 47	46
41 48	3
41 49	26
42 1	14
42 3	7
42 4	37
42 7	48
42 8	4
42 10	31
42 11	17
42 12	25
42 13	1
42 14	10
42 15	19
42 16	5
42 17	30
42 18	42
42 20	20
42 23	36
42 24	28
42 25	16
42 27	32
42 28	12
42 30	29
42 31	21
42 32	26
42 33	3
42 35	2
42 38	41
42 40	8
42 41	24
42 42	43
42 43	45
42 44	38
42 46	15
42 49	35
43 5	6
43 6	23
43 7	11
43 11	46
43 12	3
43 13	7
43 15	17
43 16	19
43 18	0
43 21	40
43 22	10
43 23	39
43 26	21
43 27	45
43 28	43
43 30	24
43 31	18
43 32	2
43 33	28
43 34	32
43 35	14
43 36	4
43 37	30
43 38	22
43 39	42
43 40	5
43 41	9
43 43	13
43 44	20
43 46	12
43 47	36
43 48	31
43 49	15
44 0	49
44 1	6
44 2	15
44 3	13
44 5	46
44 7	19
44 8	18
44 9	23
44 11	36
44 12	30
44 13	39
44 15	31
44 17	21
44 18	43
44 19	28
44 20	12
44 21	3
44 22	1
44 23	22
44 24	11
44 25	24
44 27	40
44 28	32
44 30	14
44 31	0
44 32	4
44 35	27
44 37	41
44 39	8
44 41	7
44 44	42
44 45	17
44 46	38
44 48	2
44 49	33
45 0	21
45 1	2
45 2	28
45 4	22
45 5	20
45 6	7
45 7	40
45 8	5
45 9	17
45 11	23
45 12	13
45 13	0
45 14	12
45 15	37
45 16	42
45 17	35
45 20	16
45 21	49
45 22	6
45 23	43
45 24	24
45 26	31
45 28	36
45 29	3
45 30	10
45 31	32
45 33	44
45 34	27
45 35	4
45 36	1
45 37	11
45 38	47
45 39	25
45 40	38
45 43	18
45 45	19
45 46	8
45 47	33
45 49	48
46 1	33
46 2	11
46 3	25
46 4	34
46 5	22
46 7	20
46 10	19
46 11	7
46 12	15
46 14	17
46 15	30
46 17	41
46 18	8
46 19	16
46 21	26
46 23	2
46 24	1
46 26	18
46 29	35
46 30	21
46 31	24
46 32	27
46 36	39
46 38	28
46 39	38
46 41	36
46 43	12
46 45	49
46 47	29
46 48	40
46 49	23
47 1	20
47 2	27
47 3	8
47 4	29
47 5	39
47 6	40
47 9	15
47 10	43
47 11	1
47 12	19
47 13	35
47 14	21
47 15	22
47 17	12
47 22	14
47 24	17
47 26	5
47 28	6
47 29	32
47 30	48
47 31	4
47 33	45
47 34	42
47 36	9
47 38	46
47 40	34
47 42	33
47 43	23
47 44	31
47 45	30
47 46	11
47 47	13
47 49	47
48 2	9
48 4	1
48 5	25
48 6	28
48 7	3
48 8	42
48 9	19
48 11	2
48 15	6
48 17	14
48 18	17
48 19	7
48 20	47
48 22	18
48 23	24
48 24	41
48 25	23
48 29	21
48 32	12
48 33	37
48 34	22
48 35	26
48 36	15
48 37	48
48 38	13
48 39	33
48 40	10
48 41	32
48 42	29
48 46	16
48 48	11
49 0	30
49 2	19
49 4	23
49 6	18
49 8	39
49 9	28
49 10	26
49 11	4
49 12	20
49 15	46
49 16	10
49 17	33
49 18	21
49 19	40
49 21	32
49 22	29
49 23	9
49 24	16
49 25	41
49 26	27
49 28	49
49 31	48
49 33	13
49 35	22
49 40	42
49 42	3
49 43	47
49 44	14
49 45	37
49 47	1
49 48	12
49 49	34
