50
0 4	23
0 6	0
0 8	43
0 10	35
0 15	30
0 16	29
0 17	47
0 18	49
0 21	5
0 22	1
0 31	38
0 34	37
0 37	24
0 38	39
0 40	11
1 0	22
1 1	21
1 2	44
1 10	39
1 13	43
1 25	23
1 26	8
1 30	49
1 33	33
1 35	29
1 36	26
1 38	25
1 40	18
1 42	24
1 46	30
2 0	6
2 4	31
2 9	32
2 12	45
2 16	4
2 26	16
2 40	7
2 41	40
2 47	47
3 0	16
3 2	30
3 5	26
3 6	36
3 7	34
3 9	8
3 11	5
3 19	18
3 22	46
3 23	22
3 27	44
3 28	12
3 31	27
3 36	47
3 38	49
3 45	2
3 46	28
4 4	9
4 5	36
4 12	11
4 13	31
4 19	3
4 21	12
4 22	22
4 23	5
4 29	38
4 30	15
4 32	1
4 33	29
4 34	17
4 39	20
4 42	0
4 45	45
4 48	47
5 2	9
5 3	42
5 10	19
5 13	39
5 19	33
5 20	15
5 21	29
5 23	30
5 32	16
5 41	2
5 42	41
5 45	14
6 1	38
6 4	24
6 9	15
6 16	35
6 22	25
6 29	47
6 31	22
6 33	2
6 35	26
6 38	9
6 42	29
6 43	0
6 44	27
6 45	12
6 46	45
6 47	7
7 5	24
7 9	34
7 10	41
7 12	6
7 13	21
7 21	42
7 22	39
7 23	27
7 24	40
7 27	5
7 30	12
7 40	25
7 44	23
7 46	10
8 2	20
8 3	12
8 12	44
8 13	33
8 14	24
8 16	7
8 21	1
8 26	13
8 32	4
8 37	10
8 38	46
8 41	31
8 44	30
8 45	27
8 46	16
8 49	18
9 10	11
9 11	44
9 17	26
9 19	5
9 24	12
9 25	40
9 26	41
9 28	48
9 29	46
9 30	9
9 34	4
9 37	7
9 39	1
9 43	30
10 1	23
10 5	9
10 7	46
10 15	42
10 16	19
10 18	2
10 20	6
10 24	30
10 29	44
10 31	29
10 33	48
10 35	25
10 36	32
10 38	20
10 45	49
10 48	35
10 49	13
11 1	15
11 4	7
11 18	4
11 24	36
11 25	2
11 26	9
11 36	24
11 41	44
11 43	1
11 47	6
11 48	28
12 0	38
12 2	4
12 3	8
12 6	37
12 8	33
12 9	39
12 10	36
12 12	17
12 13	25
12 14	45
12 15	21
12 16	23
12 17	42
12 22	9
12 23	24
12 24	14
12 26	10
12 28	43
12 31	40
12 32	46
12 37	31
12 40	3
12 43	6
12 45	32
13 4	49
13 6	19
13 7	26
13 9	2
13 12	20
13 15	7
13 21	43
13 27	45
13 31	14
13 32	40
13 33	30
13 37	39
13 44	5
13 45	44
13 46	21
13 48	10
14 1	33
14 2	40
14 4	1
14 9	5
14 10	32
14 11	48
14 13	41
14 14	3
14 17	9
14 22	43
14 23	44
14 27	15
14 30	37
14 34	22
14 35	34
14 38	10
14 39	24
14 43	28
14 46	12
14 48	14
15 1	42
15 12	48
15 13	7
15 15	0
15 16	40
15 20	28
15 24	21
15 25	45
15 27	18
15 28	5
15 29	41
15 32	29
15 33	46
15 34	39
15 35	9
15 36	10
15 37	4
15 42	3
16 0	15
16 6	3
16 7	37
16 9	47
16 12	27
16 19	48
16 20	14
16 22	20
16 25	18
16 27	30
16 29	32
16 32	9
16 37	8
16 39	31
16 41	36
16 46	11
16 48	23
17 5	34
17 8	16
17 10	40
17 11	21
17 13	13
17 15	37
17 21	32
17 31	18
17 33	27
17 35	5
17 42	10
17 44	44
17 45	19
17 46	26
17 47	17
17 49	22
18 3	27
18 11	8
18 12	40
18 13	20
18 17	29
18 23	17
18 25	3
18 32	24
18 35	12
18 47	43
18 49	37
19 3	41
19 4	42
19 5	30
19 7	17
19 9	19
19 10	7
19 13	12
19 14	18
19 16	44
19 19	6
19 23	21
19 25	11
19 29	9
19 30	24
19 39	35
19 40	31
19 41	22
20 2	22
20 5	15
20 8	21
20 9	23
20 15	11
20 16	25
20 17	40
20 20	24
20 21	2
20 22	30
20 27	35
20 30	32
20 32	43
20 45	46
20 47	16
21 3	25
21 6	2
21 11	37
21 12	19
21 20	12
21 21	41
21 24	8
21 26	6
21 27	24
21 30	40
21 41	11
21 42	28
21 44	15
21 48	32
22 4	18
22 5	22
22 6	10
22 7	35
22 9	13
22 10	1
22 11	30
22 12	3
22 14	16
22 15	49
22 23	28
22 25	24
22 29	7
22 31	6
22 38	17
22 42	27
22 44	41
22 46	9
22 48	40
23 2	29
23 7	44
23 8	38
23 22	14
23 26	4
23 28	16
23 30	42
23 35	43
23 37	47
23 41	8
23 42	49
24 1	3
24 2	48
24 4	16
24 6	13
24 10	27
24 12	36
24 15	33
24 17	23
24 20	30
24 25	49
24 27	4
24 30	21
24 32	31
24 41	0
24 47	34
24 48	12
25 2	33
25 5	25
25 6	32
25 13	23
25 14	48
25 19	21
25 29	29
25 30	26
25 31	43
25 34	14
25 37	20
25 43	3
25 44	36
25 47	8
25 49	17
26 0	44
26 3	40
26 12	42
26 17	24
26 24	16
26 26	22
26 30	19
26 32	28
26 33	32
26 42	48
26 48	27
27 0	13
27 2	35
27 6	9
27 13	28
27 14	25
27 16	39
27 18	18
27 19	15
27 22	12
27 29	6
27 34	20
27 35	14
27 38	34
27 40	40
27 45	36
27 46	37
27 49	10
28 1	0
28 2	24
28 6	16
28 9	28
28 15	13
28 16	37
28 19	7
28 20	1
28 21	22
28 25	6
28 29	3
28 30	31
28 33	10
28 34	9
28 36	49
28 38	43
28 49	19
29 7	18
29 10	4
29 19	13
29 20	42
29 24	20
29 26	26
29 37	16
29 39	43
29 40	1
29 42	36
29 46	23
29 47	44
30 8	10
30 9	4
30 11	24
30 17	41
30 21	37
30 22	31
30 23	12
30 24	43
30 33	38
30 41	27
30 47	19
31 3	4
31 9	33
31 10	22
31 22	3
31 28	0
31 29	42
31 30	36
31 31	20
31 37	25
31 39	39
31 42	5
31 44	6
31 45	41
31 47	12
31 49	38
32 12	34
32 19	14
32 25	29
32 29	0
32 31	46
32 33	8
32 37	1
32 39	32
32 47	36
33 1	40
33 3	29
33 7	36
33 8	24
33 10	38
33 11	45
33 15	44
33 16	6
33 23	0
33 27	10
33 28	17
33 30	33
33 34	30
33 35	1
33 39	8
33 42	7
33 45	11
33 47	5
33 48	2
34 0	17
34 6	48
34 8	22
34 10	43
34 12	9
34 14	30
34 16	10
34 19	26
34 26	21
34 27	37
34 30	35
34 33	42
34 34	38
34 36	11
34 41	19
34 45	47
35 3	30
35 5	32
35 8	27
35 10	49
35 24	2
35 26	23
35 38	29
35 39	47
35 42	17
35 43	31
35 44	3
36 3	1
36 4	22
36 6	18
36 15	48
36 16	17
36 18	6
36 20	10
36 21	44
36 22	5
36 26	40
36 31	35
36 43	34
36 44	8
37 2	39
37 3	16
37 4	3
37 5	29
37 6	14
37 7	5
37 13	35
37 14	7
37 16	32
37 19	0
37 24	49
37 27	28
37 29	25
37 30	17
37 31	31
37 33	26
37 34	34
37 35	2
37 40	44
37 43	24
37 48	19
38 1	37
38 4	46
38 9	45
38 10	5
38 12	41
38 16	33
38 17	25
38 18	20
38 22	36
38 23	2
38 26	11
38 28	15
38 32	3
38 33	12
38 35	40
38 37	35
38 46	39
38 47	10
39 1	17
39 2	45
39 5	7
39 17	13
39 25	5
39 33	25
39 34	8
39 35	15
39 40	41
39 44	31
39 45	22
39 49	40
40 1	48
40 2	16
40 3	39
40 5	42
40 7	1
40 8	41
40 12	43
40 18	26
40 28	47
40 30	30
40 31	19
40 34	28
40 39	5
40 40	35
40 41	23
40 45	10
40 46	31
40 47	18
40 48	49
41 1	22
41 2	32
41 4	48
41 5	31
41 7	25
41 17	49
41 28	23
41 29	30
41 30	2
41 31	3
41 33	17
41 39	44
41 45	18
41 48	43
42 1	16
42 2	27
42 5	43
42 7	38
42 26	39
42 27	13
42 31	4
42 32	36
42 33	44
42 37	33
42 38	14
42 39	26
42 42	47
42 45	21
43 10	37
43 13	40
43 21	6
43 26	49
43 27	25
43 32	41
43 33	45
43 35	0
43 39	9
43 42	4
43 45	43
43 49	44
44 0	7
44 2	15
44 7	11
44 10	31
44 11	23
44 12	38
44 16	12
44 20	39
44 25	46
44 28	49
44 29	5
44 34	47
44 38	44
44 39	14
44 43	41
44 44	37
45 0	45
45 1	49
45 3	0
45 6	15
45 12	24
45 16	5
45 18	8
45 22	13
45 23	29
45 24	38
45 29	14
45 32	33
45 35	22
45 39	23
45 45	3
46 5	4
46 9	35
46 15	26
46 20	49
46 25	15
46 32	27
46 36	34
46 39	6
46 40	19
46 44	17
46 48	41
47 0	4
47 2	21
47 6	6
47 11	2
47 16	15
47 24	11
47 27	38
47 29	36
47 32	19
47 34	43
47 35	41
47 38	8
47 42	46
47 43	13
47 46	5
47 49	49
48 1	31
48 4	13
48 10	15
48 12	29
48 20	45
48 24	44
48 25	47
48 30	0
48 36	7
48 39	19
48 40	36
48 42	35
48 49	26
49 1	32
49 3	35
49 10	10
49 12	47
49 16	43
49 19	22
49 25	44
49 32	34
49 33	41
49 34	49
49 40	2
49 41	5
49 42	31
49 45	7
49 48	39
49 49	30
